Frame 1
Affine3((1,-2.28206e-008,-7.92791e-009)(-1.19877e-008,1,-1.15626e-008)(5.2077e-009,8.88271e-009,1)(0,0,0))

Frame 2
Affine3((0.999997,-0.00231485,-3.71462e-005)(0.00231429,0.999935,-0.0111361)(6.29137e-005,0.011136,0.999938)(0.000319481,-0.0085245,-0.00172246))

Frame 3
Affine3((0.99999,-0.00453984,-4.25013e-005)(0.00453783,0.99975,-0.0218942)(0.000141868,0.0218937,0.99976)(0.000611901,-0.0167802,-0.00329751))

Frame 4
Affine3((0.999989,-0.00458153,-4.4517e-005)(0.00457944,0.999746,-0.022069)(0.000145643,0.0220685,0.999756)(0.000615492,-0.0169138,-0.00332218))

Frame 5
Affine3((0.99999,-0.00446454,-3.96957e-005)(0.00446262,0.999756,-0.0216147)(0.000136189,0.0216143,0.999766)(0.000605002,-0.016567,-0.00325775))

Frame 6
Affine3((0.99999,-0.00450556,-4.06149e-005)(0.00450359,0.999753,-0.0217841)(0.000138746,0.0217837,0.999763)(0.000609159,-0.0166965,-0.00328177))

Frame 7
Affine3((0.999989,-0.00465411,-4.29748e-005)(0.00465197,0.999738,-0.0224355)(0.000147372,0.022435,0.999748)(0.000625774,-0.0171955,-0.00337428))

Frame 8
Affine3((0.99999,-0.00454019,-4.10627e-005)(0.00453816,0.999749,-0.0219623)(0.000140809,0.0219619,0.999759)(0.000613287,-0.0168335,-0.00330698))

Frame 9
Affine3((0.999989,-0.00458825,-3.78664e-005)(0.00458627,0.999742,-0.0222606)(0.000140005,0.0222602,0.999752)(0.000622064,-0.0170642,-0.0033496))

Frame 10
Affine3((0.999989,-0.00465961,-4.60267e-005)(0.00465737,0.999738,-0.0223913)(0.000150356,0.0223908,0.999749)(0.000623882,-0.0171605,-0.00336796))

Frame 11
Affine3((0.999989,-0.00462263,-4.31301e-005)(0.00462049,0.99974,-0.0223409)(0.000146423,0.0223404,0.99975)(0.000622317,-0.0171241,-0.00336051))

Frame 12
Affine3((0.99999,-0.00447324,-3.76469e-005)(0.00447134,0.999754,-0.0217139)(0.000134764,0.0217135,0.999764)(0.000607759,-0.0166441,-0.00327194))

Frame 13
Affine3((0.99999,-0.00455022,-3.74585e-005)(0.00454824,0.999745,-0.0220973)(0.000138022,0.0220969,0.999756)(0.000617608,-0.0169385,-0.00332624))

Frame 14
Affine3((0.999989,-0.00465869,-4.55962e-005)(0.0046565,0.999739,-0.0223842)(0.000149881,0.0223837,0.999749)(0.000624016,-0.0171549,-0.00336695))

Frame 15
Affine3((0.99999,-0.00458371,-4.2864e-005)(0.00458163,0.999745,-0.0221055)(0.000144158,0.0221051,0.999756)(0.000617221,-0.0169424,-0.00332737))

Frame 16
Affine3((0.999989,-0.00457866,-4.30394e-005)(0.00457659,0.999746,-0.0220558)(0.000143996,0.0220553,0.999757)(0.000616118,-0.0169035,-0.00332034))

Frame 17
Affine3((0.99999,-0.00435769,-3.88716e-005)(0.00435588,0.999767,-0.0211297)(0.000130906,0.0211293,0.999777)(0.000592068,-0.0161947,-0.00318855))

Frame 18
Affine3((0.99999,-0.00454705,-4.28564e-005)(0.00454502,0.999749,-0.0219517)(0.000142673,0.0219512,0.999759)(0.000612766,-0.0168245,-0.00330538))

Frame 19
Affine3((0.999989,-0.0046218,-3.90353e-005)(0.00461978,0.999739,-0.0223701)(0.000142423,0.0223697,0.99975)(0.000624955,-0.0171471,-0.00336516))

Frame 20
Affine3((0.99999,-0.00455201,-3.92354e-005)(0.00455005,0.999747,-0.0220362)(0.000139554,0.0220358,0.999757)(0.000616133,-0.0168905,-0.00331777))

Frame 21
Affine3((0.99999,-0.00457675,-4.20435e-005)(0.00457469,0.999745,-0.0221124)(0.000143262,0.0221119,0.999756)(0.000617236,-0.0169483,-0.00332826))

Frame 22
Affine3((0.99999,-0.0045481,-4.26705e-005)(0.00454607,0.999749,-0.0219537)(0.000142513,0.0219533,0.999759)(0.000612959,-0.0168261,-0.00330573))

Frame 23
Affine3((0.999989,-0.00465926,-4.2797e-005)(0.00465712,0.999736,-0.0224947)(0.000147608,0.0224942,0.999747)(0.000626892,-0.0172417,-0.00338238))

Frame 24
Affine3((0.999989,-0.00470306,-3.86787e-005)(0.00470095,0.99973,-0.0227359)(0.000145598,0.0227354,0.999741)(0.000635058,-0.0174279,-0.00341725))

Frame 25
Affine3((0.999989,-0.00462338,-3.94936e-005)(0.00462132,0.999739,-0.0223777)(0.00014294,0.0223772,0.99975)(0.000624791,-0.0171529,-0.00336623))

Frame 26
Affine3((0.999989,-0.00462224,-3.79818e-005)(0.00462021,0.999738,-0.0224398)(0.00014171,0.0224394,0.999748)(0.000626281,-0.0172018,-0.00337487))

Frame 27
Affine3((0.99999,-0.00458045,-4.39116e-005)(0.00457835,0.999746,-0.022062)(0.000144944,0.0220615,0.999757)(0.000615731,-0.0169083,-0.00332123))

Frame 28
Affine3((0.999989,-0.00461809,-4.35253e-005)(0.00461597,0.999741,-0.0222904)(0.000146441,0.02229,0.999752)(0.000621274,-0.017085,-0.00335371))

Frame 29
Affine3((0.999989,-0.00458923,-4.16764e-005)(0.00458714,0.999744,-0.0221662)(0.000143371,0.0221657,0.999754)(0.00061886,-0.0169898,-0.00333613))

Frame 30
Affine3((0.99999,-0.00454536,-3.84167e-005)(0.0045434,0.999746,-0.0220566)(0.000138656,0.0220562,0.999757)(0.000616267,-0.0169072,-0.0033204))

Frame 31
Affine3((0.999989,-0.00467396,-3.70891e-005)(0.00467187,0.999732,-0.0226771)(0.000143088,0.0226767,0.999743)(0.00063327,-0.017384,-0.00340861))

Frame 32
Affine3((0.999989,-0.0047385,-4.02009e-005)(0.00473629,0.999726,-0.0229149)(0.00014874,0.0229145,0.999737)(0.000638798,-0.0175652,-0.00344217))

Frame 33
Affine3((0.999989,-0.00463413,-3.74362e-005)(0.0046321,0.999737,-0.0224838)(0.000141575,0.0224833,0.999747)(0.00062789,-0.0172357,-0.00338131))

Frame 34
Affine3((0.99999,-0.00451041,-3.76257e-005)(0.00450849,0.999751,-0.0218665)(0.000136247,0.0218661,0.999761)(0.000612199,-0.0167606,-0.00329375))

Frame 35
Affine3((0.99999,-0.00454209,-4.2068e-005)(0.00454005,0.999749,-0.0219339)(0.000141672,0.0219335,0.999759)(0.000612885,-0.0168109,-0.00330293))

Frame 36
Affine3((0.99999,-0.00455644,-3.8293e-005)(0.00455451,0.999746,-0.0220899)(0.000138862,0.0220895,0.999756)(0.000617638,-0.0169325,-0.00332528))

Frame 37
Affine3((0.99999,-0.0045128,-3.8691e-005)(0.00451086,0.999751,-0.0218735)(0.000137398,0.0218731,0.999761)(0.000611767,-0.016766,-0.00329459))

Frame 38
Affine3((0.99999,-0.00453857,-4.26159e-005)(0.00453656,0.99975,-0.021891)(0.00014195,0.0218906,0.99976)(0.000611737,-0.0167777,-0.00329715))

Frame 39
Affine3((0.99999,-0.0045524,-3.79593e-005)(0.00455044,0.999745,-0.0221069)(0.000138582,0.0221064,0.999756)(0.000617638,-0.016946,-0.00332773))

Frame 40
Affine3((0.999989,-0.00462663,-4.53113e-005)(0.00462443,0.999741,-0.0222839)(0.000148377,0.0222834,0.999752)(0.000620872,-0.0170791,-0.00335246))

Frame 41
Affine3((0.999989,-0.00466715,-4.14389e-005)(0.00466501,0.999735,-0.0225509)(0.000146695,0.0225504,0.999746)(0.000628799,-0.0172854,-0.00339061))

Frame 42
Affine3((0.999989,-0.00470649,-3.65633e-005)(0.00470441,0.999728,-0.0228473)(0.000144099,0.0228469,0.999739)(0.000637725,-0.0175148,-0.00343269))

Frame 43
Affine3((0.999989,-0.00470799,-3.72847e-005)(0.00470592,0.999728,-0.0228571)(0.000144853,0.0228567,0.999739)(0.000637606,-0.0175227,-0.00343406))

Frame 44
Affine3((0.999989,-0.00465634,-4.45163e-005)(0.00465415,0.999737,-0.0224507)(0.000149094,0.0224502,0.999748)(0.000625104,-0.0172075,-0.00337595))

Frame 45
Affine3((0.99999,-0.00457293,-4.28558e-005)(0.00457084,0.999746,-0.0220698)(0.000143754,0.0220694,0.999756)(0.00061588,-0.0169151,-0.00332224))

Frame 46
Affine3((0.99999,-0.00450855,-4.17291e-005)(0.00450655,0.999752,-0.021792)(0.00013997,0.0217916,0.999763)(0.000608817,-0.0167024,-0.00328285))

Frame 47
Affine3((0.99999,-0.00458591,-4.04207e-005)(0.00458389,0.999744,-0.0221495)(0.000142006,0.0221491,0.999755)(0.000619218,-0.0169768,-0.00333399))

Frame 48
Affine3((0.99999,-0.00458297,-3.86413e-005)(0.00458097,0.999743,-0.0221998)(0.000140415,0.0221995,0.999754)(0.000620604,-0.0170166,-0.00334084))

Frame 49
Affine3((0.99999,-0.00455057,-4.18842e-005)(0.00454855,0.999748,-0.0220032)(0.000142003,0.0220028,0.999758)(0.000614181,-0.0168649,-0.00331283))

Frame 50
Affine3((0.99999,-0.004554,-3.65178e-005)(0.00455205,0.999744,-0.0221482)(0.000137364,0.0221477,0.999755)(0.000619009,-0.0169782,-0.00333339))

