Frame 1
Affine3((1,2.17219e-009,1.14759e-008)(-1.90868e-008,1,-4.34287e-009)(4.15013e-009,7.78278e-009,1)(0,0,0))

Frame 2
Affine3((1,2.75122e-005,-7.46313e-007)(-2.75137e-005,0.999801,-0.0199699)(1.63823e-007,0.0199699,0.999801)(-3.65078e-006,-0.0259667,-0.00173676))

Frame 3
Affine3((1,1.3452e-005,-8.5543e-007)(-1.34986e-005,0.997454,-0.0713094)(-1.18453e-007,0.0713094,0.997454)(-1.87755e-006,-0.0929265,-0.00381911))

Frame 4
Affine3((1,1.46743e-005,-9.19826e-006)(-1.58237e-005,0.989765,-0.14271)(6.99051e-006,0.14271,0.989765)(-1.03265e-005,-0.18649,-0.000963569))

Frame 5
Affine3((1,1.70806e-005,-1.2521e-005)(-1.94324e-005,0.974552,-0.224163)(8.37679e-006,0.224163,0.974552)(-1.27554e-005,-0.293867,0.0106643))

Frame 6
Affine3((1,2.37473e-005,-1.93126e-005)(-2.85359e-005,0.951835,-0.306611)(1.10802e-005,0.306611,0.951835)(-1.71363e-005,-0.403288,0.0319453))

Frame 7
Affine3((1,1.84567e-006,-5.10668e-006)(-3.63528e-006,0.924148,-0.382034)(4.02489e-006,0.382034,0.924148)(-6.4075e-006,-0.504079,0.0603902))

Frame 8
Affine3((1,2.96143e-005,-2.88115e-005)(-3.93052e-005,0.896296,-0.443455)(1.2682e-005,0.443455,0.896296)(-2.07275e-005,-0.586684,0.0904441))

Frame 9
Affine3((1,1.95164e-005,-2.74152e-005)(-3.03549e-005,0.874614,-0.484819)(1.45265e-005,0.484819,0.874615)(-2.21133e-005,-0.64261,0.114488))

Frame 10
Affine3((1,-3.42777e-006,-1.14222e-005)(-2.71896e-006,0.86597,-0.500096)(1.15723e-005,0.500096,0.86597)(-1.54525e-005,-0.663334,0.1242))

Frame 11
Affine3((1,-1.21937e-005,-1.14246e-006)(1.00471e-005,0.866543,-0.499102)(7.07037e-006,0.499102,0.866543)(-8.77678e-006,-0.661985,0.123554))

Frame 12
Affine3((1,-7.47688e-006,-6.29798e-006)(3.42549e-006,0.868176,-0.496257)(9.2147e-006,0.496257,0.868176)(-1.20401e-005,-0.658123,0.121717))

Frame 13
Affine3((1,-5.19951e-006,-8.64814e-006)(2.49835e-007,0.870751,-0.491724)(1.00885e-005,0.491724,0.870751)(-1.33663e-005,-0.651975,0.118823))

Frame 14
Affine3((1,-1.36466e-007,-1.14221e-005)(-5.45452e-006,0.874152,-0.485653)(1.00254e-005,0.485653,0.874152)(-1.40369e-005,-0.643743,0.115009))

Frame 15
Affine3((1,2.36872e-005,-3.15484e-005)(-3.58698e-005,0.878282,-0.478143)(1.63734e-005,0.478143,0.878282)(-2.49743e-005,-0.633567,0.11039))

Frame 16
Affine3((1,1.35913e-005,-2.07541e-005)(-2.17033e-005,0.88302,-0.469336)(1.19758e-005,0.469336,0.88302)(-1.8239e-005,-0.621649,0.105112))

Frame 17
Affine3((1,8.29764e-006,-1.68253e-005)(-1.51259e-005,0.888277,-0.459307)(1.11164e-005,0.459307,0.888277)(-1.63615e-005,-0.608091,0.0992826))

Frame 18
Affine3((1,-1.72462e-005,1.83855e-006)(1.6248e-005,0.893951,-0.448166)(6.07601e-006,0.448166,0.893951)(-6.76513e-006,-0.593048,0.0930278))

Frame 19
Affine3((1,1.79325e-005,-2.36076e-005)(-2.63963e-005,0.899957,-0.435979)(1.34381e-005,0.435979,0.899957)(-2.03103e-005,-0.576604,0.0864359))

Frame 20
Affine3((1,1.47092e-005,-2.28045e-005)(-2.29687e-005,0.906198,-0.422854)(1.44582e-005,0.422854,0.906198)(-2.10851e-005,-0.558923,0.0796386))

Frame 21
Affine3((1,2.72359e-005,-3.03346e-005)(-3.7251e-005,0.912596,-0.408863)(1.65472e-005,0.408863,0.912596)(-2.52128e-005,-0.5401,0.0727196))

Frame 22
Affine3((1,2.72457e-005,-2.5804e-005)(-3.52267e-005,0.919069,-0.394096)(1.29554e-005,0.394096,0.919069)(-2.07722e-005,-0.520259,0.065783))

Frame 23
Affine3((1,1.63309e-005,-1.41638e-005)(-2.04833e-005,0.92555,-0.378625)(6.92515e-006,0.378625,0.92555)(-1.20699e-005,-0.499506,0.0589077))

Frame 24
Affine3((1,1.14737e-005,-1.19465e-005)(-1.50131e-005,0.93198,-0.362509)(6.98832e-006,0.362509,0.93198)(-1.13696e-005,-0.477921,0.0521635))

Frame 25
Affine3((1,-9.49992e-006,-1.76601e-006)(8.30446e-006,0.938291,-0.345845)(4.95741e-006,0.345845,0.938291)(-6.21378e-006,-0.455637,0.0456277))

Frame 26
Affine3((1,1.49268e-005,-1.66385e-005)(-1.95239e-005,0.944435,-0.328699)(1.08016e-005,0.328699,0.944435)(-1.62721e-005,-0.432735,0.0393554))

Frame 27
Affine3((1,2.38346e-005,-1.92638e-005)(-2.86333e-005,0.950356,-0.311163)(1.0863e-005,0.311163,0.950356)(-1.74344e-005,-0.409352,0.0334129))

Frame 28
Affine3((1,2.34347e-005,-1.63105e-005)(-2.71802e-005,0.956017,-0.293311)(8.71252e-006,0.293311,0.956017)(-1.47671e-005,-0.385584,0.0278395))

Frame 29
Affine3((1,1.10148e-005,-1.31329e-005)(-1.41809e-005,0.961383,-0.275213)(9.58327e-006,0.275213,0.961383)(-1.4171e-005,-0.361531,0.0226758))

Frame 30
Affine3((1,5.1866e-006,-7.55002e-006)(-6.90891e-006,0.966419,-0.256971)(5.95126e-006,0.256971,0.966419)(-9.17912e-006,-0.337319,0.0179553))

Frame 31
Affine3((1,2.38218e-005,-1.49395e-005)(-2.67453e-005,0.971107,-0.238644)(8.7728e-006,0.238644,0.971107)(-1.47521e-005,-0.313029,0.0136925))

Frame 32
Affine3((1,8.68779e-006,-1.40756e-005)(-1.15404e-005,0.975427,-0.220323)(1.17648e-005,0.220323,0.975427)(-1.63168e-005,-0.288791,0.0099107))

Frame 33
Affine3((1,1.51177e-005,-1.22454e-005)(-1.7291e-005,0.979363,-0.202109)(8.93605e-006,0.202109,0.979363)(-1.37836e-005,-0.264724,0.00661659))

Frame 34
Affine3((1,2.5293e-005,-1.46343e-005)(-2.74976e-005,0.982914,-0.184067)(9.70568e-006,0.184067,0.982914)(-1.59591e-005,-0.24092,0.00380421))

Frame 35
Affine3((1,9.35543e-006,-9.89584e-006)(-1.08263e-005,0.986076,-0.166298)(8.18338e-006,0.166298,0.986076)(-1.21593e-005,-0.217514,0.00147283))

Frame 36
Affine3((1,1.53835e-005,-1.20612e-005)(-1.69636e-005,0.988854,-0.148888)(9.63811e-006,0.148888,0.988854)(-1.45137e-005,-0.194608,-0.000399351))

Frame 37
Affine3((1,1.25843e-005,-1.06521e-005)(-1.39121e-005,0.991259,-0.13193)(8.89281e-006,0.13193,0.991259)(-1.32918e-005,-0.17233,-0.00182939))

Frame 38
Affine3((1,2.02071e-005,-8.65082e-006)(-2.1025e-005,0.993305,-0.11552)(6.23687e-006,0.11552,0.993305)(-1.11014e-005,-0.150797,-0.00284803))

Frame 39
Affine3((1,1.28918e-005,-1.04387e-005)(-1.38667e-005,0.995013,-0.0997487)(9.0897e-006,0.0997487,0.995013)(-1.34259e-005,-0.130131,-0.00349009))

Frame 40
Affine3((1,2.20981e-005,-1.12804e-005)(-2.29475e-005,0.996405,-0.0847213)(9.3782e-006,0.0847212,0.996405)(-1.48565e-005,-0.110461,-0.00379717))

Frame 41
Affine3((1,6.72727e-006,-1.24658e-005)(-7.60016e-006,0.997509,-0.0705356)(1.19617e-005,0.0705356,0.997509)(-1.59442e-005,-0.0919177,-0.0038147))

Frame 42
Affine3((1,2.25702e-005,-1.11426e-005)(-2.32158e-005,0.998356,-0.0573079)(9.80423e-006,0.0573079,0.998357)(-1.54078e-005,-0.0746386,-0.00359368))

Frame 43
Affine3((1,1.31821e-005,-9.46564e-006)(-1.35343e-005,0.998981,-0.0451409)(8.85961e-006,0.0451409,0.998981)(-1.31577e-005,-0.0587651,-0.00318968))

Frame 44
Affine3((1,6.64998e-006,-5.76672e-006)(-6.78625e-006,0.999417,-0.03415)(5.52906e-006,0.03415,0.999417)(-8.56817e-006,-0.0444384,-0.00265622))

Frame 45
Affine3((1,1.93186e-005,-1.24962e-005)(-1.95617e-005,0.999701,-0.0244551)(1.19916e-005,0.0244551,0.999701)(-1.74493e-005,-0.031808,-0.00205755))

Frame 46
Affine3((1,2.29603e-005,-5.56172e-006)(-2.30166e-005,0.999869,-0.0161915)(5.18882e-006,0.0161915,0.999869)(-1.01328e-005,-0.0210504,-0.00144851))

Frame 47
Affine3((1,-6.67685e-006,-1.07818e-005)(6.52915e-006,0.999955,-0.00947677)(1.08611e-005,0.00947677,0.999955)(-1.29342e-005,-0.0123229,-0.000890613))

Frame 48
Affine3((1,-1.03714e-005,-9.86312e-006)(1.03305e-005,0.99999,-0.00448636)(9.8799e-006,0.00448637,0.99999)(-1.13994e-005,-0.00583426,-0.00043571))

Frame 49
Affine3((1,2.20896e-005,-5.44009e-006)(-2.20577e-005,0.999999,-0.00137077)(5.40946e-006,0.00137078,0.999999)(-1.02669e-005,-0.00177667,-0.000136852))

Frame 50
Affine3((1,3.74781e-005,-7.05159e-006)(-3.74815e-005,1,-0.0002899)(7.01914e-006,0.000289917,1)(-1.40071e-005,-0.000368766,-2.96831e-005))

