Frame 1
Affine3((1,-6.03773e-009,-1.01884e-009)(-4.90128e-009,1,-8.27829e-009)(-4.23849e-010,1.45269e-009,1)(0,0,0))

Frame 2
Affine3((0.999998,0.0017447,3.29175e-005)(-0.00174421,0.999939,-0.0109497)(-5.20166e-005,0.0109496,0.99994)(-0.000237077,-0.00850866,-0.00169581))

Frame 3
Affine3((0.999995,0.00304553,3.32311e-005)(-0.00304428,0.999808,-0.0193486)(-9.21515e-005,0.0193484,0.999813)(-0.000413015,-0.0150521,-0.00293481))

Frame 4
Affine3((0.999995,0.00304659,3.364e-005)(-0.00304533,0.999808,-0.0193605)(-9.26147e-005,0.0193603,0.999813)(-0.000412829,-0.0150617,-0.00293642))

Frame 5
Affine3((0.999995,0.0030814,3.87822e-005)(-0.00308004,0.999806,-0.0194419)(-9.86782e-005,0.0194417,0.999811)(-0.00041315,-0.0151228,-0.00294775))

Frame 6
Affine3((0.999995,0.00316423,3.50004e-005)(-0.00316286,0.999794,-0.0200746)(-9.85233e-005,0.0200744,0.999798)(-0.000426926,-0.0156178,-0.003039))

Frame 7
Affine3((0.999995,0.0029701,2.81854e-005)(-0.00296896,0.999815,-0.019017)(-8.46556e-005,0.0190168,0.999819)(-0.000407383,-0.0147967,-0.00288755))

Frame 8
Affine3((0.999995,0.00308157,3.9134e-005)(-0.00308022,0.999806,-0.0194519)(-9.9069e-005,0.0194517,0.999811)(-0.000413023,-0.0151305,-0.002949))

Frame 9
Affine3((0.999995,0.00300783,2.73341e-005)(-0.00300671,0.99981,-0.019281)(-8.53107e-005,0.0192808,0.999814)(-0.000412904,-0.0150027,-0.00292575))

Frame 10
Affine3((0.999996,0.00299862,3.36627e-005)(-0.00299743,0.999814,-0.0190509)(-9.07845e-005,0.0190507,0.999819)(-0.000406571,-0.0148201,-0.00289154))

Frame 11
Affine3((0.999995,0.00304917,2.70273e-005)(-0.00304807,0.999805,-0.0195206)(-8.65352e-005,0.0195204,0.999809)(-0.00041829,-0.0151892,-0.00296032))

Frame 12
Affine3((0.999995,0.00308324,3.54815e-005)(-0.00308194,0.999804,-0.0195793)(-9.58398e-005,0.0195791,0.999808)(-0.000416331,-0.015232,-0.00296783))

Frame 13
Affine3((0.999995,0.00308523,3.35892e-005)(-0.00308395,0.999803,-0.0196162)(-9.41034e-005,0.019616,0.999808)(-0.000418037,-0.0152613,-0.00297344))

Frame 14
Affine3((0.999995,0.00304429,3.1246e-005)(-0.00304308,0.999807,-0.0194297)(-9.03971e-005,0.0194296,0.999811)(-0.00041467,-0.0151173,-0.00294685))

Frame 15
Affine3((0.999995,0.00304684,3.35884e-005)(-0.0030456,0.999808,-0.0193579)(-9.25722e-005,0.0193577,0.999813)(-0.000412866,-0.0150595,-0.00293612))

Frame 16
Affine3((0.999996,0.00296431,3.2974e-005)(-0.00296315,0.999818,-0.0188475)(-8.88429e-005,0.0188474,0.999822)(-0.000402629,-0.0146621,-0.00286269))

Frame 17
Affine3((0.999996,0.00299841,3.68798e-005)(-0.00299716,0.999815,-0.0189992)(-9.38353e-005,0.018999,0.99982)(-0.00040435,-0.0147791,-0.00288403))

Frame 18
Affine3((0.999995,0.00301033,3.0849e-005)(-0.00300914,0.999811,-0.0192297)(-8.87162e-005,0.0192295,0.999815)(-0.000410616,-0.0149618,-0.00291812))

Frame 19
Affine3((0.999995,0.00304635,3.35518e-005)(-0.00304511,0.999808,-0.0193599)(-9.254e-005,0.0193596,0.999813)(-0.000412852,-0.0150611,-0.00293642))

Frame 20
Affine3((0.999995,0.00316053,3.63506e-005)(-0.00315912,0.999795,-0.0200163)(-9.96036e-005,0.020016,0.9998)(-0.000425458,-0.0155715,-0.0030306))

Frame 21
Affine3((0.999995,0.00304393,2.81966e-005)(-0.00304281,0.999806,-0.0194614)(-8.74349e-005,0.0194611,0.999811)(-0.000416838,-0.0151422,-0.00295162))

Frame 22
Affine3((0.999995,0.00308164,3.43886e-005)(-0.00308037,0.999804,-0.0195626)(-9.46707e-005,0.0195624,0.999809)(-0.000416763,-0.0152186,-0.00296527))

Frame 23
Affine3((0.999995,0.00308687,3.20356e-005)(-0.00308564,0.999801,-0.0196912)(-9.28205e-005,0.019691,0.999806)(-0.000419572,-0.0153206,-0.00298423))

Frame 24
Affine3((0.999995,0.00311896,3.63528e-005)(-0.00311759,0.9998,-0.0197662)(-9.79782e-005,0.019766,0.999805)(-0.00042022,-0.0153767,-0.0029946))

Frame 25
Affine3((0.999995,0.00303967,3.69755e-005)(-0.00303841,0.99981,-0.0192505)(-9.5488e-005,0.0192503,0.999815)(-0.000409551,-0.0149747,-0.00292039))

Frame 26
Affine3((0.999996,0.0030053,3.32575e-005)(-0.00300409,0.999813,-0.0191006)(-9.06449e-005,0.0191005,0.999818)(-0.000407763,-0.0148593,-0.00289899))

Frame 27
Affine3((0.999995,0.00303894,3.57474e-005)(-0.00303769,0.99981,-0.0192429)(-9.42215e-005,0.0192427,0.999815)(-0.000410058,-0.0149687,-0.0029192))

Frame 28
Affine3((0.999995,0.003124,3.22568e-005)(-0.0031227,0.999798,-0.0198512)(-9.42514e-005,0.019851,0.999803)(-0.000423782,-0.0154441,-0.00300723))

Frame 29
Affine3((0.999995,0.00312414,3.53921e-005)(-0.00312281,0.999799,-0.0198272)(-9.73338e-005,0.019827,0.999803)(-0.000421584,-0.015425,-0.0030033))

Frame 30
Affine3((0.999995,0.00308403,3.32143e-005)(-0.00308279,0.999803,-0.0196185)(-9.37194e-005,0.0196183,0.999808)(-0.000418164,-0.0152633,-0.00297362))

Frame 31
Affine3((0.999995,0.00301205,2.87542e-005)(-0.00301091,0.99981,-0.0192667)(-8.67772e-005,0.0192665,0.999814)(-0.000412427,-0.0149908,-0.00292373))

Frame 32
Affine3((0.999995,0.00307981,3.35906e-005)(-0.00307853,0.999804,-0.0195456)(-9.37762e-005,0.0195454,0.999809)(-0.000417054,-0.0152052,-0.00296307))

Frame 33
Affine3((0.999996,0.00296278,3.0423e-005)(-0.00296165,0.999817,-0.0189059)(-8.64217e-005,0.0189058,0.999821)(-0.000404559,-0.0147087,-0.00287133))

Frame 34
Affine3((0.999995,0.00304404,3.1243e-005)(-0.00304284,0.999807,-0.0194222)(-9.0361e-005,0.019422,0.999811)(-0.000414684,-0.0151113,-0.0029456))

Frame 35
Affine3((0.999995,0.00300829,2.98438e-005)(-0.00300714,0.999811,-0.0192117)(-8.76251e-005,0.0192115,0.999815)(-0.000411034,-0.0149477,-0.00291562))

Frame 36
Affine3((0.999995,0.00300536,3.32675e-005)(-0.00300415,0.999813,-0.0190988)(-9.06498e-005,0.0190986,0.999818)(-0.00040777,-0.0148578,-0.00289887))

Frame 37
Affine3((0.999995,0.0030031,2.9779e-005)(-0.00300197,0.999812,-0.0191406)(-8.72532e-005,0.0191404,0.999817)(-0.000410073,-0.0148912,-0.00290513))

Frame 38
Affine3((0.999995,0.00308471,3.27383e-005)(-0.00308347,0.999803,-0.0196015)(-9.321e-005,0.0196013,0.999808)(-0.00041841,-0.0152494,-0.00297129))

Frame 39
Affine3((0.999995,0.00312694,3.63599e-005)(-0.0031256,0.999799,-0.0198168)(-9.83318e-005,0.0198165,0.999804)(-0.000421241,-0.0154164,-0.00300205))

Frame 40
Affine3((0.999995,0.0031272,3.37187e-005)(-0.00312588,0.999797,-0.0198847)(-9.58956e-005,0.0198845,0.999802)(-0.000423208,-0.0154706,-0.003012))

Frame 41
Affine3((0.999995,0.00312757,2.93331e-005)(-0.00312634,0.999795,-0.0200009)(-9.18804e-005,0.0200007,0.9998)(-0.000426814,-0.0155631,-0.00302905))

Frame 42
Affine3((0.999995,0.00312286,3.49579e-005)(-0.00312151,0.999799,-0.0198262)(-9.68622e-005,0.019826,0.999803)(-0.00042174,-0.0154241,-0.0030033))

Frame 43
Affine3((0.999995,0.003158,3.76358e-005)(-0.0031566,0.999796,-0.0199646)(-0.000100687,0.0199644,0.999801)(-0.00042396,-0.0155306,-0.00302297))

Frame 44
Affine3((0.999995,0.00312994,2.76367e-005)(-0.00312875,0.999794,-0.0200492)(-9.03922e-005,0.020049,0.999799)(-0.000428446,-0.0156016,-0.00303638))

Frame 45
Affine3((0.999995,0.00308117,3.66579e-005)(-0.00307985,0.999805,-0.0195025)(-9.67268e-005,0.0195024,0.99981)(-0.0004149,-0.0151711,-0.00295675))

Frame 46
Affine3((0.999995,0.00304174,3.55275e-005)(-0.00304046,0.999809,-0.0193199)(-9.4289e-005,0.0193197,0.999813)(-0.000411086,-0.0150298,-0.00293046))

Frame 47
Affine3((0.999995,0.00315803,3.62182e-005)(-0.00315668,0.999794,-0.0200326)(-9.94779e-005,0.0200324,0.999799)(-0.000425436,-0.0155846,-0.0030328))

Frame 48
Affine3((0.999995,0.00309021,2.7937e-005)(-0.00308908,0.999799,-0.0197904)(-8.90954e-005,0.0197902,0.999804)(-0.000423118,-0.0153997,-0.00299919))

Frame 49
Affine3((0.999995,0.00313327,2.84371e-005)(-0.00313202,0.999794,-0.020043)(-9.12358e-005,0.0200428,0.999799)(-0.00042814,-0.0155964,-0.00303543))

Frame 50
Affine3((0.999995,0.00304531,3.08678e-005)(-0.00304411,0.999807,-0.0194098)(-8.9976e-005,0.0194095,0.999812)(-0.000414856,-0.0151012,-0.00294393))

