Frame 1
Affine3((1,4.54931e-009,-1.16147e-009)(-1.57816e-009,1,1.31175e-011)(-1.06883e-009,1.60401e-009,1)(0,0,0))

Frame 2
Affine3((0.998069,0.0621249,1.50175e-006)(-0.0621248,0.998068,-9.73949e-007)(-1.55687e-006,8.47912e-007,1)(-0.00574997,-0.0141243,-5.96046e-007))

Frame 3
Affine3((0.97301,0.230763,-7.96993e-006)(-0.230763,0.97301,2.36169e-006)(8.29998e-006,-4.63551e-007,1)(-0.0169315,-0.0544352,2.26498e-006))

Frame 4
Affine3((0.889617,0.456707,2.53329e-007)(-0.456707,0.889617,-2.34736e-007)(-3.29968e-007,8.46735e-008,1)(-0.0207149,-0.113405,0))

Frame 5
Affine3((0.738298,0.674474,-4.09513e-006)(-0.674474,0.738298,2.73888e-006)(4.87426e-006,7.14491e-007,1)(-0.00846812,-0.177304,1.3113e-006))

Frame 6
Affine3((0.548312,0.836274,-2.588e-006)(-0.836274,0.548312,3.31219e-006)(4.20074e-006,3.3492e-007,1)(0.0180283,-0.232501,1.07288e-006))

Frame 7
Affine3((0.363644,0.931538,-1.29679e-006)(-0.931538,0.363644,1.73399e-006)(2.09201e-006,5.83545e-007,1)(0.0499579,-0.272249,5.96046e-007))

Frame 8
Affine3((0.217146,0.976139,-1.05173e-006)(-0.976139,0.217146,3.65165e-006)(3.80535e-006,2.14203e-007,1)(0.0783673,-0.296835,7.15256e-007))

Frame 9
Affine3((0.123829,0.992304,-6.13279e-008)(-0.992304,0.123829,3.90655e-006)(3.91492e-006,-4.3864e-007,1)(0.0976842,-0.30975,-1.19209e-007))

Frame 10
Affine3((0.0864334,0.996258,1.01332e-007)(-0.996258,0.0864334,-2.30441e-007)(-2.43599e-007,-8.11316e-008,1)(0.105681,-0.31436,0))

Frame 11
Affine3((0.0993975,0.995048,1.65397e-007)(-0.995048,0.0993975,1.98134e-006)(1.95835e-006,-3.72999e-007,1)(0.102892,-0.312797,3.57628e-007))

Frame 12
Affine3((0.159603,0.987181,8.2046e-007)(-0.987181,0.159603,3.3595e-006)(3.18737e-006,-1.35454e-006,1)(0.0901723,-0.305038,-3.57628e-007))

Frame 13
Affine3((0.265621,0.964078,1.32023e-006)(-0.964078,0.265621,2.49814e-006)(2.066e-006,-1.94251e-006,1)(0.0686997,-0.289302,-5.96046e-007))

Frame 14
Affine3((0.409398,0.912356,3.37785e-007)(-0.912356,0.409398,5.16987e-006)(4.57793e-006,-2.42431e-006,1)(0.0416045,-0.263389,5.96046e-007))

Frame 15
Affine3((0.573605,0.819132,1.18492e-006)(-0.819132,0.573605,3.20693e-006)(1.95669e-006,-2.80355e-006,1)(0.0140655,-0.226135,2.38419e-007))

Frame 16
Affine3((0.733115,0.680104,-6.19674e-007)(-0.680104,0.733115,4.85592e-006)(3.76782e-006,-3.14791e-006,1)(-0.00786498,-0.179078,9.53674e-007))

Frame 17
Affine3((0.86285,0.505459,-1.46527e-006)(-0.505459,0.86285,4.85494e-006)(3.72518e-006,-3.44839e-006,1)(-0.0195705,-0.126998,9.53674e-007))

Frame 18
Affine3((0.948164,0.31778,-1.64241e-006)(-0.31778,0.948165,3.85158e-006)(2.78788e-006,-3.14473e-006,1)(-0.020016,-0.0764183,1.07288e-006))

Frame 19
Affine3((0.989766,0.142699,5.6333e-006)(-0.142699,0.989766,2.24402e-006)(-5.26944e-006,-3.03757e-006,1)(-0.0119051,-0.0330146,-1.78814e-006))

Frame 20
Affine3((1,-0.000355665,-1.59773e-006)(0.000355692,1,3.89343e-006)(1.60145e-006,-3.90846e-006,1)(3.38554e-005,8.40276e-005,3.57628e-007))

Frame 21
Affine3((0.993882,-0.110447,5.63608e-007)(0.110447,0.993882,4.03677e-006)(-1.01276e-006,-3.96678e-006,1)(0.0123692,0.0241629,-2.38419e-007))

Frame 22
Affine3((0.979187,-0.202963,2.32136e-006)(0.202963,0.979186,1.83104e-006)(-2.65069e-006,-1.32006e-006,1)(0.0248771,0.0434431,-8.34465e-007))

Frame 23
Affine3((0.958863,-0.283871,3.82213e-006)(0.283871,0.958862,4.37512e-006)(-4.93332e-006,-3.13874e-006,1)(0.0374928,0.0595657,-2.38419e-007))

Frame 24
Affine3((0.934615,-0.355662,-1.86857e-006)(0.355662,0.934615,1.48987e-006)(1.21494e-006,-2.07047e-006,1)(0.05007,0.073249,5.96046e-007))

Frame 25
Affine3((0.907686,-0.419651,-2.99564e-006)(0.419651,0.907686,3.40917e-006)(1.27823e-006,-4.3537e-006,1)(0.0624786,0.0849197,1.19209e-006))

Frame 26
Affine3((0.87916,-0.476527,3.97856e-006)(0.476527,0.87916,2.72377e-006)(-4.80926e-006,-4.99672e-007,1)(0.0745458,0.0948302,-5.96046e-007))

Frame 27
Affine3((0.850213,-0.526438,1.84545e-006)(0.526438,0.850213,2.75637e-006)(-3.05086e-006,-1.37888e-006,1)(0.086004,0.103142,-1.19209e-007))

Frame 28
Affine3((0.822274,-0.569092,1.11368e-006)(0.569092,0.822274,7.94457e-007)(-1.37436e-006,-1.95e-008,1)(0.0965135,0.109923,-1.19209e-007))

Frame 29
Affine3((0.797566,-0.603232,2.93895e-006)(0.603232,0.797566,2.1635e-006)(-3.63718e-006,5.22168e-008,1)(0.105456,0.115119,-4.76837e-007))

Frame 30
Affine3((0.781292,-0.624166,1.71527e-006)(0.624166,0.781292,2.82463e-006)(-3.09931e-006,-1.1431e-006,1)(0.111189,0.118195,-1.19209e-007))

Frame 31
Affine3((0.777588,-0.628775,-2.31156e-006)(0.628775,0.777588,3.75186e-006)(-5.39978e-007,-4.3798e-006,1)(0.112475,0.118863,1.07288e-006))

Frame 32
Affine3((0.781378,-0.624058,-6.19849e-006)(0.624058,0.781378,2.47479e-006)(3.29733e-006,-5.80592e-006,1)(0.11115,0.118184,1.90735e-006))

Frame 33
Affine3((0.791442,-0.611244,-4.10845e-006)(0.611244,0.791442,2.61474e-006)(1.63607e-006,-4.59802e-006,1)(0.10762,0.116312,1.19209e-006))

Frame 34
Affine3((0.80649,-0.591248,1.27544e-006)(0.591248,0.80649,2.13257e-006)(-2.31131e-006,-9.61517e-007,1)(0.10226,0.113322,0))

Frame 35
Affine3((0.82521,-0.564826,4.14366e-006)(0.564826,0.82521,-3.27485e-007)(-3.22112e-006,2.60131e-006,1)(0.0954329,0.109256,-1.19209e-006))

Frame 36
Affine3((0.846343,-0.532638,-5.72616e-006)(0.532638,0.846343,3.32221e-006)(3.06814e-006,-5.86638e-006,1)(0.0874811,0.104152,2.02656e-006))

Frame 37
Affine3((0.868644,-0.495437,-1.12863e-006)(0.495437,0.868644,4.77094e-006)(-1.41034e-006,-4.71621e-006,1)(0.0787823,0.0980284,9.53674e-007))

Frame 38
Affine3((0.891046,-0.453913,-9.48471e-007)(0.453913,0.891046,2.76427e-006)(-4.22445e-007,-2.90053e-006,1)(0.0696231,0.0909449,5.96046e-007))

Frame 39
Affine3((0.912588,-0.408881,-5.09462e-006)(0.408881,0.912587,-1.33036e-006)(5.17838e-006,-8.7879e-007,1)(0.0603025,0.0829887,1.19209e-006))

Frame 40
Affine3((0.932459,-0.361275,-1.0549e-006)(0.361275,0.932459,1.92272e-006)(2.68899e-007,-2.19055e-006,1)(0.0511128,0.0742932,4.76837e-007))

Frame 41
Affine3((0.950067,-0.312045,-5.27892e-006)(0.312045,0.950067,1.40294e-006)(4.59214e-006,-2.991e-006,1)(0.0422575,0.065007,1.54972e-006))

Frame 42
Affine3((0.964975,-0.262342,-3.19793e-006)(0.262342,0.964975,1.30258e-006)(2.7206e-006,-2.10609e-006,1)(0.0339691,0.0553449,1.19209e-006))

Frame 43
Affine3((0.976991,-0.213278,1.51401e-006)(0.213278,0.976991,6.31967e-007)(-1.61415e-006,-3.01004e-007,1)(0.026395,0.0455368,-2.38419e-007))

Frame 44
Affine3((0.986112,-0.166083,-4.79446e-006)(0.166083,0.986112,3.24582e-006)(4.1862e-006,-4.01621e-006,1)(0.0196438,0.0358654,1.78814e-006))

Frame 45
Affine3((0.992517,-0.122104,-1.2609e-006)(0.122104,0.992517,1.16958e-006)(1.1048e-006,-1.32585e-006,1)(0.013833,0.026638,5.96046e-007))

Frame 46
Affine3((0.99658,-0.0826375,-4.58043e-006)(0.0826375,0.99658,-7.09123e-008)(4.56503e-006,-3.16102e-007,1)(0.00898874,0.0181909,1.19209e-006))

Frame 47
Affine3((0.998793,-0.0491252,-6.94749e-006)(0.0491252,0.998793,3.44524e-006)(6.76962e-006,-3.78955e-006,1)(0.00515345,0.0109,2.26498e-006))

Frame 48
Affine3((0.999734,-0.0230761,-3.96344e-006)(0.0230761,0.999734,1.07003e-006)(3.92899e-006,-1.17233e-006,1)(0.00235239,0.00514935,1.19209e-006))

Frame 49
Affine3((0.999981,-0.00610816,8.56169e-007)(0.0061082,0.999981,-7.39331e-007)(-8.58105e-007,7.36882e-007,1)(0.000613421,0.00136724,-3.57628e-007))

Frame 50
Affine3((1,4.54931e-009,-1.16147e-009)(-1.57816e-009,1,1.31175e-011)(-1.06883e-009,1.60401e-009,1)(0,0,0))

