Frame 1
Affine3((1,-6.48409e-010,-9.54503e-009)(4.22724e-009,1,2.97448e-008)(-2.62967e-009,2.06917e-009,1)(0,0,0))

Frame 2
Affine3((0.999999,-0.00173489,-7.94408e-005)(0.00173574,0.999919,0.012593)(5.76335e-005,-0.0125931,0.999921)(-0.00022848,0.000237651,-0.00118716))

Frame 3
Affine3((0.999995,-0.00327231,-0.00010508)(0.00327382,0.999753,0.0219865)(3.313e-005,-0.0219867,0.999758)(-0.000355005,0.000350103,-0.00206143))

Frame 4
Affine3((0.999995,-0.00328734,-0.000144443)(0.00328968,0.999752,0.022011)(7.20802e-005,-0.0220113,0.999758)(-0.000354648,0.000346877,-0.00206922))

Frame 5
Affine3((0.999995,-0.00329736,-0.000144742)(0.00329976,0.99975,0.0221048)(7.18096e-005,-0.0221052,0.999756)(-0.000356883,0.000351891,-0.00207816))

Frame 6
Affine3((0.999994,-0.00340923,-0.000133364)(0.00341138,0.999734,0.022794)(5.56672e-005,-0.0227943,0.99974)(-0.000365436,0.000355557,-0.00213961))

Frame 7
Affine3((0.999995,-0.00322508,-0.000121373)(0.00322691,0.999761,0.0216244)(5.16445e-005,-0.0216247,0.999766)(-0.000348777,0.00034152,-0.00203018))

Frame 8
Affine3((0.999995,-0.00329924,-0.000101299)(0.00330067,0.99975,0.0221007)(2.83768e-005,-0.022101,0.999756)(-0.000355199,0.00035242,-0.0020721))

Frame 9
Affine3((0.999995,-0.00327022,-0.000111428)(0.00327191,0.999754,0.0219146)(3.97606e-005,-0.0219148,0.99976)(-0.00035274,0.000349596,-0.0020565))

Frame 10
Affine3((0.999995,-0.00321906,-0.000116008)(0.00322082,0.99976,0.0216572)(4.62832e-005,-0.0216575,0.999765)(-0.000350714,0.000344031,-0.00203238))

Frame 11
Affine3((0.999995,-0.00330597,-9.54278e-005)(0.00330729,0.999749,0.0221743)(2.20389e-005,-0.0221746,0.999754)(-0.000356853,0.00035242,-0.00207765))

Frame 12
Affine3((0.999993,-0.00365344,-4.33921e-005)(0.00365352,0.999747,0.0221897)(-3.77104e-005,-0.0221897,0.999754)(-0.000297412,0.00028231,-0.00208145))

Frame 13
Affine3((0.999993,-0.00365986,-4.46161e-005)(0.00365995,0.999746,0.0222348)(-3.6741e-005,-0.0222348,0.999753)(-0.000298351,0.000287443,-0.00208662))

Frame 14
Affine3((0.999994,-0.00329444,-0.000107035)(0.00329603,0.999751,0.0220783)(3.43137e-005,-0.0220785,0.999756)(-0.000355378,0.000351086,-0.00207045))

Frame 15
Affine3((0.999995,-0.00327931,-0.000155187)(0.00328196,0.999752,0.0220143)(8.2972e-005,-0.0220147,0.999758)(-0.000356466,0.000350274,-0.00207096))

Frame 16
Affine3((0.999995,-0.00319041,-0.000120075)(0.00319228,0.999765,0.0214371)(5.16644e-005,-0.0214374,0.99977)(-0.00034672,0.00034178,-0.00201296))

Frame 17
Affine3((0.999995,-0.00321299,-0.000126774)(0.00321494,0.999761,0.0216083)(5.73507e-005,-0.0216086,0.999767)(-0.000350043,0.000346579,-0.00202985))

Frame 18
Affine3((0.999995,-0.00326431,-0.000154362)(0.00326691,0.999755,0.0218718)(8.29405e-005,-0.0218722,0.999761)(-0.000352949,0.000345923,-0.00205785))

Frame 19
Affine3((0.999995,-0.00328282,-0.000155078)(0.00328543,0.999752,0.0220159)(8.28241e-005,-0.0220162,0.999758)(-0.00035584,0.00034865,-0.0020709))

Frame 20
Affine3((0.999994,-0.00340302,-0.000136368)(0.00340528,0.999736,0.0227326)(5.89881e-005,-0.022733,0.999741)(-0.000364423,0.000355333,-0.00213429))

Frame 21
Affine3((0.999995,-0.00330597,-0.000151031)(0.00330851,0.99975,0.022127)(7.78494e-005,-0.0221274,0.999755)(-0.000356764,0.000351176,-0.00208113))

Frame 22
Affine3((0.999993,-0.00365845,-7.83549e-005)(0.00365932,0.999747,0.0221824)(-2.81034e-006,-0.0221826,0.999754)(-0.000297591,0.000282466,-0.00208608))

Frame 23
Affine3((0.999994,-0.00334672,-0.000138373)(0.00334896,0.999744,0.0223745)(6.34604e-005,-0.0223748,0.99975)(-0.000359297,0.00035207,-0.00210208))

Frame 24
Affine3((0.999994,-0.00335658,-0.000101718)(0.00335801,0.999743,0.022446)(2.63406e-005,-0.0224463,0.999748)(-0.00035955,0.000354961,-0.00210388))

Frame 25
Affine3((0.999995,-0.00326607,-0.000148386)(0.00326852,0.999755,0.0218918)(7.68027e-005,-0.0218922,0.99976)(-0.000353485,0.000348166,-0.00205922))

Frame 26
Affine3((0.999995,-0.00323496,-0.000123041)(0.00323688,0.999759,0.0217217)(5.27447e-005,-0.021722,0.999764)(-0.000351146,0.000348695,-0.00204013))

Frame 27
Affine3((0.999994,-0.00359292,-5.03812e-005)(0.00359322,0.999756,0.0218221)(-2.80485e-005,-0.0218222,0.999762)(-0.000293151,0.000280835,-0.00204889))

Frame 28
Affine3((0.999994,-0.00336558,-0.000102252)(0.00336702,0.99974,0.0225418)(2.63377e-005,-0.022542,0.999746)(-0.000361979,0.000357263,-0.00211245))

Frame 29
Affine3((0.999994,-0.00336913,-0.000139267)(0.00337144,0.999741,0.022524)(6.33705e-005,-0.0225243,0.999746)(-0.000361532,0.000354044,-0.0021161))

Frame 30
Affine3((0.999994,-0.00333725,-0.000144512)(0.00333967,0.999746,0.0222984)(7.0104e-005,-0.0222987,0.999751)(-0.000358194,0.000351235,-0.00209596))

Frame 31
Affine3((0.999995,-0.00327145,-0.000155462)(0.0032741,0.999755,0.0219127)(8.37208e-005,-0.0219131,0.99976)(-0.000353813,0.000346527,-0.00206177))

Frame 32
Affine3((0.999993,-0.00365448,-8.14028e-005)(0.00365538,0.999748,0.0221672)(3.36035e-007,-0.0221673,0.999754)(-0.000297338,0.000284784,-0.00208537))

Frame 33
Affine3((0.999995,-0.00320628,-0.000116967)(0.00320805,0.999764,0.0215005)(4.80282e-005,-0.0215008,0.999769)(-0.000346825,0.000342794,-0.00201876))

Frame 34
Affine3((0.999995,-0.00329962,-0.000151958)(0.00330215,0.999751,0.0220807)(7.90144e-005,-0.0220811,0.999756)(-0.000355825,0.000346266,-0.00207648))

Frame 35
Affine3((0.999995,-0.00325584,-0.000116983)(0.00325763,0.999756,0.021841)(4.58442e-005,-0.0218413,0.999761)(-0.000352353,0.000348188,-0.00205005))

Frame 36
Affine3((0.999995,-0.00323329,-0.00011334)(0.00323499,0.999759,0.0217143)(4.31198e-005,-0.0217146,0.999764)(-0.000351042,0.000347257,-0.00203781))

Frame 37
Affine3((0.999995,-0.00324492,-0.000154557)(0.00324755,0.999758,0.0217719)(8.38776e-005,-0.0217723,0.999763)(-0.000352353,0.000345632,-0.00204852))

Frame 38
Affine3((0.999995,-0.00331977,-0.000140458)(0.00332208,0.999746,0.0222763)(6.65011e-005,-0.0222767,0.999752)(-0.000359893,0.000351973,-0.00209277))

Frame 39
Affine3((0.999994,-0.0033665,-0.000139471)(0.00336882,0.999741,0.0225173)(6.36491e-005,-0.0225177,0.999746)(-0.00036186,0.000356644,-0.00211564))

Frame 40
Affine3((0.999994,-0.00337415,-0.000145715)(0.0033766,0.999739,0.0225929)(6.94555e-005,-0.0225933,0.999745)(-0.000363797,0.000355259,-0.00212253))

Frame 41
Affine3((0.999994,-0.00339801,-0.000139371)(0.00340031,0.999736,0.0227182)(6.21915e-005,-0.0227186,0.999742)(-0.000364572,0.000358179,-0.00213391))

Frame 42
Affine3((0.999994,-0.00336753,-0.000139228)(0.00336985,0.999741,0.0225239)(6.33606e-005,-0.0225243,0.999746)(-0.000361711,0.000354677,-0.00211586))

Frame 43
Affine3((0.999993,-0.00372894,-7.58469e-005)(0.00372971,0.999737,0.0226267)(-8.55129e-006,-0.0226269,0.999744)(-0.000303313,0.000288114,-0.0021265))

Frame 44
Affine3((0.999994,-0.00340894,-0.000127237)(0.00341094,0.999735,0.0227684)(4.95496e-005,-0.0227687,0.999741)(-0.000365138,0.000358224,-0.00213696))

Frame 45
Affine3((0.999994,-0.00330424,-0.00010149)(0.00330569,0.999749,0.0221536)(2.82311e-005,-0.0221538,0.999755)(-0.000356451,0.000349797,-0.00207634))

Frame 46
Affine3((0.999995,-0.00327075,-0.000113196)(0.00327244,0.999753,0.0219604)(4.13017e-005,-0.0219607,0.999759)(-0.000354648,0.000353195,-0.002061))

Frame 47
Affine3((0.999994,-0.00341151,-0.000130349)(0.00341361,0.999735,0.0227502)(5.27148e-005,-0.0227505,0.999741)(-0.000363886,0.000358671,-0.00213603))

Frame 48
Affine3((0.999994,-0.00336221,-0.000135109)(0.00336441,0.999741,0.0224873)(5.94537e-005,-0.0224877,0.999747)(-0.000361398,0.000356838,-0.0021123))

Frame 49
Affine3((0.999994,-0.00340721,-0.000139897)(0.00340955,0.999735,0.0227663)(6.22653e-005,-0.0227667,0.999741)(-0.000364974,0.000358932,-0.00213875))

Frame 50
Affine3((0.999993,-0.00362308,-8.42733e-005)(0.00362408,0.999751,0.022015)(4.43196e-006,-0.0220152,0.999758)(-0.00029695,0.000280187,-0.00207096))

