Frame 1
Affine3((1,4.70444e-009,-3.84432e-009)(-8.47903e-009,1,3.24619e-009)(6.44989e-010,-1.3252e-009,1)(0,0,0))

Frame 2
Affine3((0.996652,0.0697209,0.0427037)(-0.0696293,0.997566,-0.00363242)(-0.042853,0.000646842,0.999081)(0.0349816,-0.0170079,-0.0119328))

Frame 3
Affine3((0.95403,0.255811,0.156166)(-0.256684,0.966381,-0.0148936)(-0.154725,-0.0258763,0.987619)(0.134312,-0.0376014,-0.0351512))

Frame 4
Affine3((0.816714,0.486078,0.310976)(-0.501489,0.864488,-0.0342002)(-0.285459,-0.128019,0.949802)(0.269649,-0.00178443,-0.0459713))

Frame 5
Affine3((0.583335,0.660339,0.472942)(-0.726417,0.684636,-0.0599387)(-0.363372,-0.308588,0.879053)(0.379783,0.117208,-0.0279559))

Frame 6
Affine3((0.320959,0.721163,0.61393)(-0.879986,0.466737,-0.0882088)(-0.350156,-0.511938,0.784417)(0.41554,0.283551,0.0188146))

Frame 7
Affine3((0.102799,0.686914,0.719431)(-0.95793,0.263204,-0.11443)(-0.267961,-0.677401,0.685073)(0.380186,0.438257,0.0806479))

Frame 8
Affine3((-0.0408317,0.614294,0.78802)(-0.984975,0.107703,-0.134996)(-0.167799,-0.781693,0.600666)(0.31352,0.546899,0.139491))

Frame 9
Affine3((-0.116915,0.55274,0.825112)(-0.988942,0.0115296,-0.147852)(-0.0912371,-0.833274,0.54528)(0.255653,0.605793,0.180476))

Frame 10
Affine3((-0.142973,0.528637,0.836721)(-0.987998,-0.0262889,-0.152213)(-0.058469,-0.848441,0.526051)(0.229424,0.623856,0.195085))

Frame 11
Affine3((-0.136166,0.530169,0.836887)(-0.988247,-0.0134503,-0.152272)(-0.0694736,-0.847786,0.525769)(0.238834,0.623977,0.1953))

Frame 12
Affine3((-0.103874,0.537104,0.837096)(-0.98723,0.0465287,-0.152358)(-0.120781,-0.842232,0.525412)(0.282742,0.622073,0.195574))

Frame 13
Affine3((-0.0452422,0.544853,0.83731)(-0.976369,0.153188,-0.152438)(-0.211322,-0.82442,0.525047)(0.360634,0.611807,0.195853))

Frame 14
Affine3((0.0380738,0.545081,0.837518)(-0.941628,0.300122,-0.152521)(-0.334494,-0.782824,0.524691)(0.467519,0.583023,0.196126))

Frame 15
Affine3((0.13966,0.528021,0.837669)(-0.868431,0.471749,-0.152577)(-0.475734,-0.706149,0.524434)(0.591597,0.525327,0.196322))

Frame 16
Affine3((0.247498,0.486736,0.837755)(-0.749743,0.643892,-0.152605)(-0.613702,-0.590331,0.524289)(0.714928,0.434151,0.196432))

Frame 17
Affine3((0.346928,0.421702,0.83774)(-0.592754,0.790795,-0.152597)(-0.726831,-0.443634,0.524314)(0.818716,0.315394,0.196413))

Frame 18
Affine3((0.426273,0.34165,0.837596)(-0.41801,0.895542,-0.152551)(-0.802221,-0.285095,0.524559)(0.890969,0.184595,0.196227))

Frame 19
Affine3((0.481174,0.259712,0.83727)(-0.25076,0.955974,-0.152423)(-0.839995,-0.136612,0.525115)(0.930612,0.0604199,0.1958))

Frame 20
Affine3((0.514329,0.188037,0.836724)(-0.111406,0.982049,-0.152215)(-0.850326,-0.0149279,0.526045)(0.945407,-0.0423313,0.19509))

Frame 21
Affine3((0.535991,0.129051,0.834302)(-0.0025106,0.988487,-0.151288)(-0.84422,0.0789944,0.530144)(0.943668,-0.121911,0.19196))

Frame 22
Affine3((0.554937,0.0745752,0.828543)(0.0903153,0.984686,-0.14912)(-0.826975,0.157582,0.539703)(0.929869,-0.187947,0.184693))

Frame 23
Affine3((0.572554,0.0212336,0.819592)(0.17264,0.974128,-0.145841)(-0.801485,0.224996,0.554075)(0.907131,-0.243495,0.173856))

Frame 24
Affine3((0.588956,-0.0323665,0.807517)(0.246798,0.95867,-0.141575)(-0.76956,0.282675,0.572602)(0.877504,-0.289515,0.160049))

Frame 25
Affine3((0.603908,-0.0867512,0.792319)(0.313947,0.939589,-0.136415)(-0.73262,0.331129,0.594661)(0.842615,-0.3263,0.143853))

Frame 26
Affine3((0.617095,-0.141803,0.774007)(0.37462,0.917949,-0.130501)(-0.691993,0.37049,0.619583)(0.803955,-0.35395,0.125896))

Frame 27
Affine3((0.628366,-0.196944,0.752575)(0.428891,0.894814,-0.123937)(-0.649006,0.40065,0.646739)(0.762926,-0.372438,0.106775))

Frame 28
Affine3((0.637933,-0.25105,0.728021)(0.476287,0.871495,-0.116824)(-0.605138,0.421273,0.675528)(0.720934,-0.381619,0.087053))

Frame 29
Affine3((0.646679,-0.30196,0.700448)(0.515292,0.850016,-0.109298)(-0.562388,0.431616,0.705285)(0.679635,-0.381122,0.0673233))

Frame 30
Affine3((0.657701,-0.344515,0.66988)(0.54074,0.83505,-0.101448)(-0.524433,0.428953,0.735506)(0.641484,-0.369061,0.0480567))

Frame 31
Affine3((0.674346,-0.374344,0.636493)(0.549161,0.830483,-0.0933838)(-0.493639,0.41251,0.765608)(0.607708,-0.34537,0.0297452))

Frame 32
Affine3((0.694691,-0.395998,0.600492)(0.548009,0.832119,-0.0852289)(-0.46593,0.388283,0.795076)(0.575361,-0.315358,0.0128152))

Frame 33
Affine3((0.718492,-0.40966,0.562093)(0.53865,0.838998,-0.077055)(-0.440029,0.358135,0.823477)(0.543344,-0.280934,-0.00239354))

Frame 34
Affine3((0.745193,-0.415413,0.521651)(0.522162,0.850052,-0.0689908)(-0.41477,0.323797,0.850365)(0.510723,-0.243902,-0.0155674))

Frame 35
Affine3((0.774054,-0.41344,0.479487)(0.499441,0.86419,-0.0611132)(-0.389101,0.28678,0.875418)(0.476705,-0.205815,-0.0264986))

Frame 36
Affine3((0.804148,-0.403985,0.436052)(0.471285,0.880357,-0.0535081)(-0.362265,0.248533,0.898329)(0.44083,-0.168144,-0.0350342))

Frame 37
Affine3((0.834498,-0.387466,0.39177)(0.438462,0.897558,-0.0462601)(-0.333712,0.21038,0.9189)(0.40285,-0.13218,-0.0411134))

Frame 38
Affine3((0.864091,-0.364472,0.347141)(0.40174,0.914905,-0.0394154)(-0.303236,0.173519,0.936984)(0.362866,-0.0990366,-0.044751))

Frame 39
Affine3((0.891978,-0.335774,0.302706)(0.361914,0.931625,-0.0330489)(-0.270912,0.139033,0.952511)(0.321241,-0.0696598,-0.0460407))

Frame 40
Affine3((0.917335,-0.302353,0.258997)(0.319836,0.947083,-0.0271917)(-0.23707,0.10778,0.965495)(0.278563,-0.0447106,-0.0451564))

Frame 41
Affine3((0.939514,-0.265359,0.216558)(0.276408,0.960792,-0.0218619)(-0.202266,0.0803979,0.976025)(0.235601,-0.0245782,-0.0423439))

Frame 42
Affine3((0.958087,-0.226047,0.17599)(0.232572,0.972429,-0.0171035)(-0.167272,0.057317,0.984243)(0.193289,-0.00941647,-0.0379171))

Frame 43
Affine3((0.972864,-0.185804,0.137889)(0.189347,0.981825,-0.012921)(-0.132982,0.0386792,0.990364)(0.152624,0.000949133,-0.0322564))

Frame 44
Affine3((0.983918,-0.146075,0.102796)(0.147797,0.988974,-0.0092997)(-0.100304,0.0243431,0.994659)(0.11456,0.00699063,-0.0257809))

Frame 45
Affine3((0.991554,-0.108308,0.0713415)(0.109027,0.994019,-0.00625269)(-0.0702376,0.0139781,0.997432)(0.080091,0.00937471,-0.0189636))

Frame 46
Affine3((0.996283,-0.0739765,0.0441334)(0.0742136,0.997235,-0.00375737)(-0.0437334,0.00701871,0.999019)(0.0501188,0.00900935,-0.0123027))

Frame 47
Affine3((0.99877,-0.0445355,0.0218031)(0.0445856,0.999004,-0.0018192)(-0.0217004,0.00278907,0.999761)(0.0254778,0.00690961,-0.00630867))

Frame 48
Affine3((0.999757,-0.0214922,0.00496226)(0.0214945,0.999769,-0.000413917)(-0.00495221,0.000520479,0.999988)(0.00690395,0.00419431,-0.00147569))

Frame 49
Affine3((0.999963,-0.00640471,-0.00571582)(0.0064074,0.999979,0.00046331)(0.00571272,-0.000499916,0.999984)(-0.00486273,0.00193637,0.00172782))

Frame 50
Affine3((0.999955,-0.00095966,-0.00944012)(0.000966765,0.999999,0.000753654)(0.00943941,-0.000762741,0.999955)(-0.00897202,0.00101354,0.0028708))

