Frame 1
Affine3((1,-1.08179e-008,-1.65716e-008)(-4.08586e-009,1,-4.65784e-010)(-1.22809e-008,-1.66717e-008,1)(0,0,0))

Frame 2
Affine3((1,-4.95151e-007,-2.00855e-005)(1.02761e-007,0.999801,-0.0199725)(2.01024e-005,0.0199725,0.999801)(-1.88947e-005,-0.0259733,-0.00174111))

Frame 3
Affine3((1,-4.48162e-006,-2.98407e-005)(2.31023e-006,0.997453,-0.0713226)(3.00547e-005,0.0713226,0.997453)(-2.85208e-005,-0.092942,-0.00382507))

Frame 4
Affine3((1,-2.55122e-006,-2.3518e-005)(-8.35461e-007,0.989762,-0.142724)(2.36492e-005,0.142724,0.989762)(-2.31117e-005,-0.186507,-0.000966012))

Frame 5
Affine3((1,-1.05387e-005,-2.8627e-005)(3.82456e-006,0.974548,-0.224181)(3.03319e-005,0.224181,0.974548)(-3.00407e-005,-0.293891,0.0106648))

Frame 6
Affine3((1,-7.60124e-006,-2.30573e-005)(1.82499e-007,0.951832,-0.306619)(2.43373e-005,0.306619,0.951832)(-2.51234e-005,-0.403303,0.0319462))

Frame 7
Affine3((1,-1.0759e-005,-2.75862e-005)(-5.8702e-007,0.92415,-0.382029)(2.96413e-005,0.382029,0.92415)(-3.08156e-005,-0.504074,0.060383))

Frame 8
Affine3((1,-4.97769e-006,-2.13322e-005)(-5.02468e-006,0.896297,-0.443455)(2.13229e-005,0.443455,0.896297)(-2.35885e-005,-0.58669,0.090444))

Frame 9
Affine3((1,-1.05871e-005,-1.96305e-005)(-2.55027e-007,0.87461,-0.484827)(2.23579e-005,0.484827,0.87461)(-2.51383e-005,-0.642624,0.114494))

Frame 10
Affine3((1,-3.05701e-005,-5.12374e-005)(8.55245e-007,0.865957,-0.500119)(5.96704e-005,0.500119,0.865957)(-6.01113e-005,-0.663362,0.124203))

Frame 11
Affine3((1,-1.15979e-005,-2.55659e-005)(-2.69026e-006,0.866542,-0.499104)(2.79237e-005,0.499104,0.866542)(-3.04729e-005,-0.661985,0.123551))

Frame 12
Affine3((1,-8.97972e-006,-2.37649e-005)(-3.96205e-006,0.868175,-0.496258)(2.50615e-005,0.496258,0.868175)(-2.78056e-005,-0.658123,0.121713))

Frame 13
Affine3((1,-2.24413e-005,-4.34667e-005)(-1.85377e-006,0.870744,-0.491738)(4.8886e-005,0.491738,0.870743)(-5.00232e-005,-0.651991,0.118821))

Frame 14
Affine3((1,-2.03868e-005,-4.2047e-005)(-2.55437e-006,0.874148,-0.48566)(4.66535e-005,0.48566,0.874148)(-4.79519e-005,-0.643753,0.115004))

Frame 15
Affine3((1,-1.65537e-005,-3.38359e-005)(-1.61281e-006,0.878272,-0.478161)(3.76408e-005,0.478161,0.878272)(-3.95924e-005,-0.633594,0.110398))

Frame 16
Affine3((1,-2.1312e-005,-4.03607e-005)(-1.48361e-007,0.883011,-0.469352)(4.56111e-005,0.469352,0.883011)(-4.69834e-005,-0.62167,0.105117))

Frame 17
Affine3((1,-6.52301e-006,-2.08849e-005)(-3.73433e-006,0.888274,-0.459313)(2.15302e-005,0.459313,0.888274)(-2.45124e-005,-0.608099,0.0992858))

Frame 18
Affine3((1,-1.73667e-005,-3.96726e-005)(-2.29842e-006,0.893948,-0.448171)(4.32804e-005,0.448171,0.893948)(-4.4778e-005,-0.593052,0.0930205))

Frame 19
Affine3((1,-1.24957e-005,-3.25275e-005)(-2.92657e-006,0.899949,-0.435995)(3.4731e-005,0.435995,0.899949)(-3.6642e-005,-0.576626,0.0864407))

Frame 20
Affine3((1,-1.68379e-005,-4.11745e-005)(-2.1493e-006,0.906189,-0.422874)(4.44725e-005,0.422874,0.906189)(-4.57615e-005,-0.55895,0.0796402))

Frame 21
Affine3((1,-1.66366e-005,-4.34719e-005)(-2.59899e-006,0.912586,-0.408885)(4.64722e-005,0.408885,0.912586)(-4.75645e-005,-0.540131,0.0727241))

Frame 22
Affine3((1,-1.93924e-005,-4.86384e-005)(-1.33555e-006,0.919061,-0.394116)(5.23411e-005,0.394116,0.919061)(-5.3063e-005,-0.520288,0.0657843))

Frame 23
Affine3((1,-1.65205e-005,-4.68709e-005)(-2.49065e-006,0.925547,-0.378632)(4.96204e-005,0.378632,0.925547)(-5.04553e-005,-0.499517,0.058903))

Frame 24
Affine3((1,-8.67e-006,-3.56153e-005)(-4.84043e-006,0.931979,-0.362512)(3.63925e-005,0.362512,0.931979)(-3.81172e-005,-0.477925,0.0521579))

Frame 25
Affine3((1,-9.22431e-006,-3.79212e-005)(-4.4183e-006,0.938291,-0.345847)(3.86993e-005,0.345847,0.938291)(-4.02927e-005,-0.455637,0.0456204))

Frame 26
Affine3((1,2.01662e-006,-1.58305e-005)(-7.06502e-006,0.944433,-0.328703)(1.42914e-005,0.328703,0.944434)(-1.74791e-005,-0.432741,0.0393571))

Frame 27
Affine3((1,-8.2461e-006,-3.99516e-005)(-4.5594e-006,0.950353,-0.311173)(4.05371e-005,0.311173,0.950353)(-4.20064e-005,-0.409367,0.0334092))

Frame 28
Affine3((1,-4.0762e-006,-3.18857e-005)(-5.47643e-006,0.956015,-0.293319)(3.17389e-005,0.293319,0.956014)(-3.36468e-005,-0.385597,0.0278392))

Frame 29
Affine3((1,-1.47087e-006,-2.58505e-005)(-5.74756e-006,0.96138,-0.275223)(2.53464e-005,0.275223,0.96138)(-2.76715e-005,-0.361543,0.0226759))

Frame 30
Affine3((1,1.13366e-007,-2.70746e-005)(-7.04192e-006,0.96642,-0.256969)(2.61401e-005,0.256969,0.96642)(-2.83867e-005,-0.337317,0.0179506))

Frame 31
Affine3((1,2.805e-006,-2.0142e-005)(-7.53325e-006,0.971107,-0.238645)(1.89458e-005,0.238645,0.971107)(-2.16961e-005,-0.313034,0.0136922))

Frame 32
Affine3((1,-1.29285e-006,-3.22656e-005)(-5.85975e-006,0.975424,-0.220337)(3.18071e-005,0.220337,0.975424)(-3.37064e-005,-0.288806,0.00990927))

Frame 33
Affine3((1,5.07267e-006,-1.93283e-005)(-8.84274e-006,0.979363,-0.202108)(1.78753e-005,0.202108,0.979363)(-2.05636e-005,-0.264724,0.00661439))

Frame 34
Affine3((1,6.22433e-006,-1.79055e-005)(-9.41015e-006,0.982913,-0.18407)(1.65138e-005,0.18407,0.982913)(-1.92523e-005,-0.240926,0.00380433))

Frame 35
Affine3((1,2.42359e-006,-2.96727e-005)(-7.27239e-006,0.986074,-0.166305)(2.88313e-005,0.166305,0.986074)(-3.07858e-005,-0.217521,0.00146914))

Frame 36
Affine3((1,1.14458e-006,-3.41219e-005)(-6.20846e-006,0.988852,-0.1489)(3.35981e-005,0.1489,0.988852)(-3.5271e-005,-0.194622,-0.000401914))

Frame 37
Affine3((1,6.70777e-007,-4.15756e-005)(-6.1619e-006,0.991258,-0.131942)(4.11946e-005,0.131942,0.991258)(-4.23193e-005,-0.172343,-0.00183505))

Frame 38
Affine3((1,6.50722e-007,-4.33211e-005)(-5.61951e-006,0.993304,-0.115526)(4.29399e-005,0.115526,0.993304)(-4.39733e-005,-0.150806,-0.00285554))

Frame 39
Affine3((1,3.64383e-006,-3.30323e-005)(-6.91617e-006,0.995012,-0.0997593)(3.25312e-005,0.0997593,0.995012)(-3.42876e-005,-0.130143,-0.00349522))

Frame 40
Affine3((1,4.89076e-006,-2.70943e-005)(-7.17036e-006,0.996404,-0.0847271)(2.657e-005,0.0847271,0.996404)(-2.86847e-005,-0.110469,-0.00380117))

Frame 41
Affine3((1,8.1084e-006,-2.12481e-005)(-9.59106e-006,0.997508,-0.0705467)(2.06582e-005,0.0705467,0.997508)(-2.31415e-005,-0.0919285,-0.00381738))

Frame 42
Affine3((1,4.6911e-006,-3.47768e-005)(-6.70285e-006,0.998356,-0.0573185)(3.44696e-005,0.0573185,0.998356)(-3.61055e-005,-0.074652,-0.00359982))

Frame 43
Affine3((1,4.94842e-006,-3.57794e-005)(-6.55616e-006,0.99898,-0.0451515)(3.54992e-005,0.0451516,0.99898)(-3.70741e-005,-0.0587763,-0.00319469))

Frame 44
Affine3((1,5.59473e-006,-2.689e-005)(-6.48832e-006,0.999417,-0.0341548)(2.66655e-005,0.0341548,0.999417)(-2.89083e-005,-0.0444426,-0.00266051))

Frame 45
Affine3((1,6.70649e-006,-2.05243e-005)(-7.20787e-006,0.999701,-0.0244539)(2.04313e-005,0.0244539,0.999701)(-2.30521e-005,-0.0318089,-0.00206053))

Frame 46
Affine3((1,7.84096e-006,-2.90077e-005)(-8.2886e-006,0.999869,-0.0161991)(2.88732e-005,0.0161991,0.999869)(-3.08603e-005,-0.0210592,-0.00145328))

Frame 47
Affine3((1,5.44689e-006,-3.11287e-005)(-5.74049e-006,0.999955,-0.00949481)(3.11353e-005,0.00949484,0.999955)(-3.30806e-005,-0.0123386,-0.000895977))

Frame 48
Affine3((1,6.65316e-006,-2.84289e-005)(-6.77601e-006,0.99999,-0.00450299)(2.84204e-005,0.004503,0.99999)(-3.05325e-005,-0.00584706,-0.000441313))

Frame 49
Affine3((1,5.83477e-006,-2.99614e-005)(-5.86381e-006,0.999999,-0.00137614)(2.99389e-005,0.00137615,0.999999)(-3.19928e-005,-0.00178395,-0.00014168))

Frame 50
Affine3((1,7.14028e-006,-2.49393e-005)(-7.15438e-006,1,-0.000292218)(2.49687e-005,0.000292233,1)(-2.73287e-005,-0.00037571,-3.40939e-005))

