Frame 1
Affine3((1,-5.32409e-009,2.1811e-009)(-9.35849e-009,1,3.74179e-009)(1.57975e-008,1.3496e-008,1)(0,0,0))

Frame 2
Affine3((0.999998,-0.00191253,-5.22912e-005)(0.00191306,0.999924,0.0121991)(2.89779e-005,-0.0121992,0.999926)(-0.000197247,0.000182867,-0.00124937))

Frame 3
Affine3((0.999994,-0.00337599,-0.000108236)(0.00337753,0.999762,0.0215501)(3.54998e-005,-0.0215503,0.999768)(-0.000338033,0.000308365,-0.00213747))

Frame 4
Affine3((0.999994,-0.00338802,-0.000102246)(0.00338941,0.999762,0.0215597)(2.9203e-005,-0.0215599,0.999768)(-0.000335813,0.000305124,-0.0021379))

Frame 5
Affine3((0.999994,-0.00341421,-9.55711e-005)(0.00341546,0.99976,0.0216582)(2.16376e-005,-0.0216584,0.999765)(-0.000334322,0.000307396,-0.00214477))

Frame 6
Affine3((0.999994,-0.00351002,-0.000107322)(0.0035115,0.999744,0.0223508)(2.88602e-005,-0.0223511,0.99975)(-0.000347376,0.000314184,-0.00221051))

Frame 7
Affine3((0.999994,-0.00333436,-9.14371e-005)(0.00333556,0.99977,0.0211759)(2.08498e-005,-0.021176,0.999776)(-0.000327855,0.000298329,-0.0021015))

Frame 8
Affine3((0.999994,-0.00340326,-0.000104628)(0.00340475,0.999759,0.0216726)(3.08565e-005,-0.0216728,0.999765)(-0.00033769,0.000311144,-0.00214696))

Frame 9
Affine3((0.999994,-0.00337487,-0.000100807)(0.00337625,0.999764,0.0214816)(2.83122e-005,-0.0214818,0.999769)(-0.000334248,0.000308022,-0.00212926))

Frame 10
Affine3((0.999994,-0.00333454,-9.69583e-005)(0.00333583,0.99977,0.0212117)(2.62275e-005,-0.0212119,0.999775)(-0.000329956,0.000299551,-0.00210564))

Frame 11
Affine3((0.999994,-0.00341628,-0.000104335)(0.00341775,0.999758,0.0217447)(3.00572e-005,-0.021745,0.999764)(-0.00033851,0.000309959,-0.00215417))

Frame 12
Affine3((0.999994,-0.00341787,-0.000108473)(0.00341943,0.999756,0.0218058)(3.39405e-005,-0.021806,0.999762)(-0.000341028,0.00031063,-0.00216088))

Frame 13
Affine3((0.999994,-0.00342699,-0.000105334)(0.00342843,0.999755,0.0218598)(3.04291e-005,-0.02186,0.999761)(-0.000340819,0.000315711,-0.00216375))

Frame 14
Affine3((0.999994,-0.00340185,-0.000101561)(0.00340322,0.99976,0.021645)(2.792e-005,-0.0216452,0.999766)(-0.000336543,0.000308923,-0.00214446))

Frame 15
Affine3((0.999994,-0.00338893,-0.000101458)(0.00339033,0.999762,0.0215599)(2.83666e-005,-0.0215601,0.999768)(-0.00033547,0.000306435,-0.00213753))

Frame 16
Affine3((0.999995,-0.00329583,-0.000100355)(0.00329717,0.999774,0.0209918)(3.12256e-005,-0.020992,0.99978)(-0.000328287,0.000299357,-0.0020857))

Frame 17
Affine3((0.999994,-0.00332181,-0.000101321)(0.0033232,0.99977,0.0211654)(3.10077e-005,-0.0211656,0.999776)(-0.000330582,0.00030376,-0.00210084))

Frame 18
Affine3((0.999994,-0.0033605,-9.91374e-005)(0.00336184,0.999765,0.0214193)(2.71378e-005,-0.0214195,0.999771)(-0.000333637,0.00030531,-0.00212401))

Frame 19
Affine3((0.999994,-0.00339114,-9.99343e-005)(0.00339251,0.999762,0.0215597)(2.68236e-005,-0.0215599,0.999768)(-0.000334889,0.000305042,-0.00213745))

Frame 20
Affine3((0.999994,-0.00350757,-0.000103512)(0.003509,0.999745,0.0222888)(2.5331e-005,-0.022289,0.999752)(-0.000345036,0.000313364,-0.00220399))

Frame 21
Affine3((0.999994,-0.00339854,-0.000103863)(0.00339998,0.999759,0.021681)(3.01735e-005,-0.0216812,0.999765)(-0.000338331,0.000311442,-0.00214793))

Frame 22
Affine3((0.999994,-0.00341456,-0.000108096)(0.00341609,0.999757,0.0217909)(3.36812e-005,-0.0217911,0.999763)(-0.000340879,0.000312217,-0.0021589))

Frame 23
Affine3((0.999994,-0.00344233,-0.000103637)(0.00344377,0.999754,0.0219312)(2.81398e-005,-0.0219314,0.99976)(-0.000341177,0.00031177,-0.00217117))

Frame 24
Affine3((0.999994,-0.0034537,-0.000106886)(0.0034552,0.999752,0.0220188)(3.08491e-005,-0.0220191,0.999758)(-0.000343382,0.000314988,-0.00217912))

Frame 25
Affine3((0.999994,-0.0033608,-0.000103168)(0.00336223,0.999764,0.021445)(3.11008e-005,-0.0214452,0.99977)(-0.000335142,0.000308022,-0.0021265))

Frame 26
Affine3((0.999994,-0.00333396,-0.000103867)(0.00333539,0.999768,0.0212838)(3.29354e-005,-0.021284,0.999774)(-0.000333443,0.000307873,-0.00211157))

Frame 27
Affine3((0.999994,-0.00335988,-0.000102709)(0.00336132,0.999765,0.0214397)(3.06916e-005,-0.0214399,0.99977)(-0.000334993,0.000309065,-0.00212558))

Frame 28
Affine3((0.999994,-0.00348362,-9.7297e-005)(0.00348492,0.999749,0.0221125)(2.02936e-005,-0.0221127,0.999756)(-0.00034073,0.000313215,-0.00218613))

Frame 29
Affine3((0.999994,-0.00345662,-0.000109388)(0.00345817,0.99975,0.0220838)(3.30583e-005,-0.022084,0.999756)(-0.000345245,0.000315554,-0.0021857))

Frame 30
Affine3((0.999994,-0.00342845,-0.000103737)(0.00342989,0.999755,0.0218541)(2.88251e-005,-0.0218542,0.999761)(-0.000340238,0.000311896,-0.00216381))

Frame 31
Affine3((0.999994,-0.00337434,-9.802e-005)(0.00337566,0.999764,0.0214584)(2.55957e-005,-0.0214587,0.99977)(-0.000333205,0.000304475,-0.0021278))

Frame 32
Affine3((0.999994,-0.00341611,-0.000104349)(0.00341758,0.999757,0.0217785)(2.9937e-005,-0.0217787,0.999763)(-0.000339463,0.000313826,-0.00215635))

Frame 33
Affine3((0.999995,-0.00330675,-9.83288e-005)(0.00330805,0.999773,0.0210597)(2.86734e-005,-0.0210598,0.999778)(-0.000328481,0.00030151,-0.00209089))

Frame 34
Affine3((0.999994,-0.00340202,-9.88085e-005)(0.00340336,0.99976,0.0216243)(2.52464e-005,-0.0216246,0.999766)(-0.00033547,0.000304103,-0.00214368))

Frame 35
Affine3((0.999994,-0.00336175,-0.000101775)(0.00336313,0.999765,0.0214011)(2.9853e-005,-0.0214012,0.999771)(-0.000333637,0.000305787,-0.00212272))

Frame 36
Affine3((0.999994,-0.00333554,-0.000101663)(0.00333693,0.999768,0.0212761)(3.0676e-005,-0.0212763,0.999774)(-0.000332594,0.000305578,-0.00211123))

Frame 37
Affine3((0.999994,-0.00333517,-0.000108743)(0.00333672,0.999767,0.0213186)(3.76404e-005,-0.0213188,0.999773)(-0.000335306,0.000306092,-0.00211646))

Frame 38
Affine3((0.999994,-0.00342578,-0.000102661)(0.00342714,0.999756,0.0218275)(2.78596e-005,-0.0218277,0.999762)(-0.000339791,0.000309244,-0.00216214))

Frame 39
Affine3((0.999994,-0.0034524,-0.000111482)(0.003454,0.99975,0.0220796)(3.52574e-005,-0.0220798,0.999756)(-0.000346005,0.000318453,-0.00218488))

Frame 40
Affine3((0.999994,-0.00346702,-0.000109115)(0.00346858,0.999749,0.0221456)(3.23131e-005,-0.0221458,0.999755)(-0.000346065,0.000315286,-0.00219169))

Frame 41
Affine3((0.999994,-0.00349611,-0.000107757)(0.00349764,0.999746,0.0222783)(2.98661e-005,-0.0222785,0.999752)(-0.000346556,0.000317268,-0.00220312))

Frame 42
Affine3((0.999994,-0.00345316,-0.000111664)(0.00345478,0.99975,0.0220825)(3.53789e-005,-0.0220827,0.999756)(-0.000346094,0.000316307,-0.00218597))

Frame 43
Affine3((0.999994,-0.00348285,-0.000109002)(0.00348441,0.999747,0.0222406)(3.15307e-005,-0.0222409,0.999753)(-0.000347018,0.000318818,-0.00219937))

Frame 44
Affine3((0.999994,-0.00350772,-0.000103854)(0.00350916,0.999744,0.0223342)(2.55268e-005,-0.0223345,0.999751)(-0.000346065,0.000317775,-0.0022071))

Frame 45
Affine3((0.999994,-0.00341573,-0.000100969)(0.00341712,0.999758,0.0217182)(2.67495e-005,-0.0217184,0.999764)(-0.000337288,0.000306703,-0.00215177))

Frame 46
Affine3((0.999994,-0.00337169,-0.00010451)(0.00337316,0.999763,0.021531)(3.18994e-005,-0.0215312,0.999768)(-0.000336662,0.000312395,-0.00213341))

Frame 47
Affine3((0.999994,-0.00350796,-0.000106349)(0.00350947,0.999745,0.0223186)(2.80683e-005,-0.0223189,0.999751)(-0.000346094,0.000318892,-0.00220567))

Frame 48
Affine3((0.999994,-0.00346791,-0.000102833)(0.00346936,0.999751,0.0220486)(2.63459e-005,-0.0220488,0.999757)(-0.000341773,0.000314601,-0.0021812))

Frame 49
Affine3((0.999994,-0.00349543,-0.000111054)(0.00349701,0.999745,0.02233)(3.30189e-005,-0.0223303,0.999751)(-0.000348762,0.000320353,-0.00220791))

Frame 50
Affine3((0.999994,-0.00338928,-0.000104847)(0.00339075,0.999761,0.0216154)(3.1608e-005,-0.0216155,0.999766)(-0.000337705,0.000307441,-0.0021432))

