Frame 1
Affine3((1,1.16056e-008,-8.2889e-009)(-1.09835e-009,1,2.48771e-008)(-4.14576e-009,-2.70124e-008,1)(0,0,0))

Frame 2
Affine3((0.999997,0.00254545,7.11083e-005)(-0.00254612,0.99992,0.0123944)(-3.95441e-005,-0.0123946,0.999923)(0.000215799,-0.000129551,-0.00104107))

Frame 3
Affine3((0.999987,0.00500203,0.000163658)(-0.00500449,0.999691,0.0243527)(-4.18217e-005,-0.0243533,0.999703)(0.000402048,-0.000278935,-0.00194523))

Frame 4
Affine3((0.999987,0.0050497,0.000165042)(-0.00505222,0.999686,0.0245534)(-4.1007e-005,-0.024554,0.999699)(0.000404134,-0.000281356,-0.001959))

Frame 5
Affine3((0.999988,0.00495899,0.000151258)(-0.00496121,0.999699,0.0240361)(-3.20259e-005,-0.0240365,0.999711)(0.000392988,-0.000278667,-0.00192051))

Frame 6
Affine3((0.999987,0.00499118,0.000155457)(-0.00499347,0.999694,0.024229)(-3.45233e-005,-0.0242294,0.999706)(0.000397101,-0.000278905,-0.0019346))

Frame 7
Affine3((0.999987,0.00512786,0.000171007)(-0.00513052,0.999675,0.0249646)(-4.2929e-005,-0.0249652,0.999688)(0.000411302,-0.00028313,-0.00198829))

Frame 8
Affine3((0.999987,0.00502297,0.00016575)(-0.00502549,0.999689,0.0244283)(-4.30164e-005,-0.0244288,0.999702)(0.000402659,-0.00027889,-0.00195038))

Frame 9
Affine3((0.999987,0.0050879,0.000167076)(-0.00509048,0.999681,0.0247521)(-4.10922e-005,-0.0247526,0.999694)(0.000407383,-0.000283919,-0.00197355))

Frame 10
Affine3((0.999987,0.00513824,0.000160574)(-0.00514062,0.999676,0.0249117)(-3.25178e-005,-0.0249122,0.99969)(0.000406355,-0.000290632,-0.00198337))

Frame 11
Affine3((0.999987,0.00511019,0.00016622)(-0.00511272,0.999679,0.0248351)(-3.9266e-005,-0.0248357,0.999692)(0.000407889,-0.000290893,-0.00198033))

Frame 12
Affine3((0.999988,0.00496351,0.000159549)(-0.00496589,0.999696,0.0241471)(-3.96529e-005,-0.0241475,0.999708)(0.00039798,-0.00027439,-0.00192922))

Frame 13
Affine3((0.999987,0.00505568,0.000164923)(-0.00505823,0.999686,0.0245625)(-4.0694e-005,-0.024563,0.999698)(0.00040397,-0.000284232,-0.00196044))

Frame 14
Affine3((0.999987,0.00511572,0.000171528)(-0.0051184,0.999677,0.0249064)(-4.40644e-005,-0.024907,0.99969)(0.000410736,-0.000285529,-0.00198504))

Frame 15
Affine3((0.999987,0.00506307,0.000158893)(-0.00506544,0.999685,0.0245898)(-3.43519e-005,-0.0245903,0.999698)(0.000402644,-0.000283718,-0.00196052))

Frame 16
Affine3((0.999987,0.00505781,0.000156901)(-0.00506013,0.999687,0.0245196)(-3.28274e-005,-0.0245202,0.999699)(0.00040096,-0.00029061,-0.00195706))

Frame 17
Affine3((0.999988,0.00483066,0.000154786)(-0.00483297,0.999712,0.0235021)(-4.12061e-005,-0.0235025,0.999724)(0.000388622,-0.000264697,-0.00188304))

Frame 18
Affine3((0.999987,0.0050317,0.000158378)(-0.00503404,0.99969,0.0244045)(-3.55334e-005,-0.0244051,0.999702)(0.000399813,-0.000286944,-0.00194885))

Frame 19
Affine3((0.999987,0.00512741,0.000163719)(-0.00512989,0.999677,0.0248759)(-3.61276e-005,-0.0248764,0.999691)(0.000406787,-0.000289038,-0.00198151))

Frame 20
Affine3((0.999987,0.00502016,0.000171617)(-0.00502283,0.999687,0.024499)(-4.85755e-005,-0.0244996,0.9997)(0.000406802,-0.000279739,-0.00195748))

Frame 21
Affine3((0.999987,0.00504788,0.000169311)(-0.00505051,0.999685,0.0245991)(-4.50822e-005,-0.0245997,0.999698)(0.000406668,-0.000278331,-0.00196272))

Frame 22
Affine3((0.999987,0.00502263,0.000165535)(-0.00502515,0.999689,0.0244297)(-4.2792e-005,-0.0244303,0.999702)(0.000402629,-0.000276417,-0.00194967))

Frame 23
Affine3((0.999987,0.00515574,0.000164991)(-0.00515822,0.999674,0.0250108)(-3.59926e-005,-0.0250114,0.999687)(0.000408873,-0.000294,-0.00199205))

Frame 24
Affine3((0.999986,0.00520912,0.000166587)(-0.00521167,0.999667,0.0252798)(-3.48506e-005,-0.0252803,0.99968)(0.000412852,-0.000296287,-0.00201045))

Frame 25
Affine3((0.999987,0.00511995,0.000165727)(-0.00512247,0.999677,0.0248874)(-3.82478e-005,-0.024888,0.99969)(0.000408456,-0.000285886,-0.00198245))

Frame 26
Affine3((0.999987,0.00513783,0.000161618)(-0.00514024,0.999676,0.0249363)(-3.34427e-005,-0.0249369,0.999689)(0.000407755,-0.000293419,-0.00198649))

Frame 27
Affine3((0.999987,0.00506325,0.00015534)(-0.00506554,0.999686,0.0245424)(-3.10321e-005,-0.0245428,0.999699)(0.00040029,-0.000285104,-0.00195651))

Frame 28
Affine3((0.999987,0.00511303,0.000162252)(-0.00511546,0.999679,0.0248007)(-3.53922e-005,-0.0248012,0.999692)(0.000405356,-0.000285529,-0.00197521))

Frame 29
Affine3((0.999987,0.00507988,0.00016232)(-0.00508234,0.999683,0.0246502)(-3.70812e-005,-0.0246507,0.999696)(0.000403821,-0.000287361,-0.00196603))

Frame 30
Affine3((0.999987,0.00505218,0.000157661)(-0.00505454,0.999687,0.0245137)(-3.3744e-005,-0.0245143,0.9997)(0.000401258,-0.000287116,-0.00195605))

Frame 31
Affine3((0.999986,0.0052012,0.000161914)(-0.00520365,0.999669,0.0252047)(-3.07811e-005,-0.0252052,0.999682)(0.000410184,-0.000297584,-0.00200465))

Frame 32
Affine3((0.999986,0.00524854,0.000167811)(-0.00525109,0.999662,0.0254842)(-3.40074e-005,-0.0254848,0.999675)(0.000415802,-0.00029593,-0.00202404))

Frame 33
Affine3((0.999987,0.00515116,0.000163512)(-0.00515361,0.999674,0.0249976)(-3.4701e-005,-0.0249982,0.999688)(0.000408366,-0.000290789,-0.0019899))

Frame 34
Affine3((0.999987,0.00500731,0.00015792)(-0.00500968,0.999692,0.0243153)(-3.61146e-005,-0.0243159,0.999704)(0.000398859,-0.000279397,-0.00194104))

Frame 35
Affine3((0.999987,0.00502832,0.00015675)(-0.00503063,0.99969,0.0243948)(-3.40361e-005,-0.0243954,0.999703)(0.000399262,-0.000282526,-0.00194664))

Frame 36
Affine3((0.999987,0.00505529,0.000164785)(-0.00505784,0.999685,0.0245661)(-4.05444e-005,-0.0245667,0.999698)(0.000403956,-0.000281431,-0.00195974))

Frame 37
Affine3((0.999987,0.00500758,0.000158542)(-0.00500993,0.999692,0.024313)(-3.67568e-005,-0.0243134,0.999704)(0.000399113,-0.000283465,-0.00194219))

Frame 38
Affine3((0.999987,0.00501163,0.000162317)(-0.00501407,0.999691,0.0243451)(-4.02723e-005,-0.0243455,0.999704)(0.000400528,-0.000282481,-0.00194502))

Frame 39
Affine3((0.999987,0.00504992,0.000165051)(-0.00505241,0.999685,0.0245811)(-4.08856e-005,-0.0245816,0.999698)(0.000405043,-0.000280194,-0.00196075))

Frame 40
Affine3((0.999987,0.0051107,0.000162465)(-0.00511316,0.99968,0.0247898)(-3.5728e-005,-0.0247904,0.999693)(0.000405446,-0.000288181,-0.00197533))

Frame 41
Affine3((0.999987,0.00517221,0.000163203)(-0.00517464,0.999672,0.0250753)(-3.34606e-005,-0.0250759,0.999686)(0.000409037,-0.000294663,-0.00199567))

Frame 42
Affine3((0.999986,0.0052269,0.000168532)(-0.00522946,0.999664,0.0253935)(-3.57411e-005,-0.025394,0.999678)(0.000415221,-0.000296772,-0.00201911))

Frame 43
Affine3((0.999986,0.00522612,0.000172206)(-0.00522878,0.999663,0.0254125)(-3.93639e-005,-0.0254131,0.999677)(0.000416681,-0.000293501,-0.00202014))

Frame 44
Affine3((0.999987,0.00513879,0.000165157)(-0.00514132,0.999675,0.0249624)(-3.68135e-005,-0.024963,0.999688)(0.000409007,-0.000292376,-0.00198901))

Frame 45
Affine3((0.999987,0.00504904,0.000164859)(-0.00505155,0.999686,0.024551)(-4.08357e-005,-0.0245515,0.999699)(0.000404015,-0.000280887,-0.0019588))

Frame 46
Affine3((0.999988,0.00497687,0.000165267)(-0.0049794,0.999694,0.0242401)(-4.45923e-005,-0.0242407,0.999706)(0.000400975,-0.000275098,-0.00193711))

Frame 47
Affine3((0.999987,0.00507757,0.000160273)(-0.00507995,0.999684,0.0246287)(-3.51821e-005,-0.0246292,0.999697)(0.000403002,-0.000288256,-0.00196438))

Frame 48
Affine3((0.999987,0.00508008,0.000162473)(-0.00508253,0.999682,0.0246808)(-3.70712e-005,-0.0246813,0.999695)(0.000404805,-0.00028649,-0.00196798))

Frame 49
Affine3((0.999987,0.00503547,0.000162427)(-0.00503791,0.999688,0.0244688)(-3.91668e-005,-0.0244694,0.999701)(0.000402197,-0.000282347,-0.00195332))

Frame 50
Affine3((0.999987,0.00505461,0.000169775)(-0.00505723,0.999684,0.0246217)(-4.52831e-005,-0.0246224,0.999697)(0.000406832,-0.000280693,-0.00196484))

