Frame 1
Affine3((1,1.36388e-009,-2.24055e-008)(1.38177e-008,1,1.299e-009)(2.38729e-008,5.45013e-010,1)(0,0,0))

Frame 2
Affine3((0.999998,0.00222757,0.00011431)(-0.00222878,0.999927,0.011877)(-8.77609e-005,-0.0118773,0.999929)(0.000270247,-6.73123e-005,-0.00114021))

Frame 3
Affine3((0.999989,0.00462094,0.00012117)(-0.00462251,0.999726,0.022956)(-1.50352e-005,-0.0229563,0.999736)(0.000465602,-0.000239551,-0.002172))

Frame 4
Affine3((0.999989,0.00466059,0.000147364)(-0.00466275,0.999722,0.0231285)(-3.94562e-005,-0.023129,0.999733)(0.000469357,-0.000241026,-0.00219674))

Frame 5
Affine3((0.99999,0.00455728,0.000127932)(-0.00455901,0.999733,0.0226659)(-2.45614e-005,-0.0226662,0.999743)(0.000460833,-0.000232279,-0.00214785))

Frame 6
Affine3((0.999989,0.00459429,0.000127995)(-0.00459601,0.999729,0.0228397)(-2.29914e-005,-0.02284,0.999739)(0.000463873,-0.000234727,-0.00216396))

Frame 7
Affine3((0.999989,0.00473758,0.000150197)(-0.00473983,0.999713,0.0234985)(-3.88395e-005,-0.0234989,0.999724)(0.000476241,-0.000244245,-0.00223204))

Frame 8
Affine3((0.999989,0.00463214,0.000155743)(-0.00463454,0.999724,0.0230121)(-4.90769e-005,-0.0230126,0.999735)(0.000467986,-0.000237521,-0.0021885))

Frame 9
Affine3((0.999989,0.00469537,0.00014941)(-0.0046976,0.999717,0.0233107)(-3.98784e-005,-0.0233111,0.999728)(0.000472963,-0.000243165,-0.00221395))

Frame 10
Affine3((0.999989,0.00472807,0.000152755)(-0.00473038,0.999714,0.0234573)(-4.17995e-005,-0.0234578,0.999725)(0.000475734,-0.000245668,-0.00222862))

Frame 11
Affine3((0.999989,0.00470756,0.000152251)(-0.00470984,0.999715,0.0233945)(-4.20673e-005,-0.0233949,0.999726)(0.000475138,-0.000247311,-0.00222165))

Frame 12
Affine3((0.999988,0.00490457,0.000106036)(-0.00490573,0.999731,0.0226837)(5.21584e-006,-0.0226839,0.999743)(0.000405788,-0.000326958,-0.00216283))

Frame 13
Affine3((0.999989,0.00465804,0.000149866)(-0.00466028,0.999721,0.0231406)(-4.20366e-005,-0.023141,0.999732)(0.000469804,-0.000241067,-0.00219835))

Frame 14
Affine3((0.999989,0.00472216,0.00018629)(-0.00472524,0.999714,0.0234394)(-7.5538e-005,-0.0234401,0.999725)(0.000476897,-0.00024578,-0.00223754))

Frame 15
Affine3((0.999989,0.00466812,0.00016095)(-0.00467062,0.999721,0.0231596)(-5.27273e-005,-0.0231601,0.999732)(0.0004704,-0.000241701,-0.00220393))

Frame 16
Affine3((0.999989,0.0046538,0.000154543)(-0.00465614,0.999722,0.0231095)(-4.69225e-005,-0.02311,0.999733)(0.000469595,-0.000245228,-0.00219618))

Frame 17
Affine3((0.99999,0.00444718,0.000163546)(-0.0044497,0.999745,0.0221605)(-6.49e-005,-0.022161,0.999754)(0.000453442,-0.000221938,-0.00211298))

Frame 18
Affine3((0.999988,0.00495892,7.28518e-005)(-0.00495928,0.999725,0.0229392)(4.0927e-005,-0.0229392,0.999737)(0.000408858,-0.00033588,-0.00217512))

Frame 19
Affine3((0.999987,0.00504894,9.6193e-005)(-0.00504983,0.999714,0.0233547)(2.17598e-005,-0.0233548,0.999727)(0.000416666,-0.000338871,-0.0022216))

Frame 20
Affine3((0.999989,0.00464561,0.000156353)(-0.00464802,0.999723,0.0230807)(-4.90919e-005,-0.0230811,0.999734)(0.000468969,-0.000243153,-0.0021944))

Frame 21
Affine3((0.999987,0.00499844,9.63751e-005)(-0.00499935,0.999721,0.0230953)(1.9137e-005,-0.0230954,0.999733)(0.000411659,-0.000335511,-0.00219821))

Frame 22
Affine3((0.999989,0.0046412,0.000154453)(-0.0046435,0.999725,0.023006)(-4.76022e-005,-0.0230065,0.999735)(0.000466496,-0.000238232,-0.00218853))

Frame 23
Affine3((0.999989,0.00474188,0.000185137)(-0.00474497,0.999712,0.0235447)(-7.33721e-005,-0.0235453,0.999723)(0.000478894,-0.000248384,-0.00224615))

Frame 24
Affine3((0.999988,0.00479935,0.000143899)(-0.00480142,0.999705,0.0237981)(-2.96678e-005,-0.0237985,0.999717)(0.000481367,-0.000252701,-0.00225679))

Frame 25
Affine3((0.999989,0.0047168,0.000185174)(-0.00471986,0.999714,0.0234227)(-7.46027e-005,-0.0234233,0.999726)(0.000476748,-0.000242956,-0.00223592))

Frame 26
Affine3((0.999987,0.0050608,9.43198e-005)(-0.00506162,0.999713,0.0234183)(2.43083e-005,-0.0234185,0.999726)(0.000417829,-0.000343241,-0.00222613))

Frame 27
Affine3((0.999987,0.00499198,9.93856e-005)(-0.00499297,0.999722,0.0230496)(1.57889e-005,-0.0230498,0.999734)(0.000410825,-0.000335373,-0.00219485))

Frame 28
Affine3((0.999989,0.00470575,0.000146645)(-0.0047079,0.999716,0.0233521)(-3.66862e-005,-0.0233526,0.999727)(0.000473261,-0.000241123,-0.00221765))

Frame 29
Affine3((0.999989,0.00466969,0.000152104)(-0.004672,0.999719,0.0232213)(-4.35526e-005,-0.0232217,0.99973)(0.00047195,-0.000241362,-0.00220627))

Frame 30
Affine3((0.999988,0.00497765,7.06612e-005)(-0.00497795,0.999722,0.023038)(4.40841e-005,-0.023038,0.999735)(0.000410855,-0.000335861,-0.00218372))

Frame 31
Affine3((0.999987,0.00511872,8.88435e-005)(-0.0051194,0.999707,0.023661)(3.23394e-005,-0.0236611,0.99972)(0.000421524,-0.000347037,-0.00224734))

Frame 32
Affine3((0.999988,0.00484088,0.000178214)(-0.00484375,0.999701,0.0239672)(-6.21041e-005,-0.0239678,0.999713)(0.000485003,-0.000254232,-0.00228413))

Frame 33
Affine3((0.999987,0.00507175,9.38914e-005)(-0.00507259,0.999712,0.0234665)(2.5117e-005,-0.0234666,0.999725)(0.000418931,-0.000340723,-0.0022311))

Frame 34
Affine3((0.999988,0.00494281,0.000102105)(-0.00494391,0.999727,0.0228397)(1.07894e-005,-0.02284,0.999739)(0.000407606,-0.000330839,-0.00217628))

Frame 35
Affine3((0.999989,0.00462378,0.000150437)(-0.00462605,0.999725,0.0229855)(-4.40761e-005,-0.022986,0.999736)(0.000467211,-0.000237085,-0.00218452))

Frame 36
Affine3((0.999989,0.00465324,0.000149736)(-0.00465547,0.999721,0.0231399)(-4.19951e-005,-0.0231403,0.999732)(0.000470638,-0.000237655,-0.00219835))

Frame 37
Affine3((0.999988,0.00494559,0.000102776)(-0.00494669,0.999727,0.0228436)(1.02366e-005,-0.0228438,0.999739)(0.000407219,-0.000335291,-0.00217635))

Frame 38
Affine3((0.999989,0.00462033,0.000162496)(-0.00462288,0.999726,0.0229394)(-5.64702e-005,-0.0229399,0.999737)(0.000466049,-0.000240371,-0.00218382))

Frame 39
Affine3((0.999989,0.00466223,0.000156642)(-0.00466465,0.999721,0.0231492)(-4.86451e-005,-0.0231497,0.999732)(0.000470161,-0.000240523,-0.00220169))

Frame 40
Affine3((0.999989,0.00470154,0.000152883)(-0.00470383,0.999716,0.0233446)(-4.30536e-005,-0.0233451,0.999727)(0.000473976,-0.000243042,-0.00221851))

Frame 41
Affine3((0.999989,0.00476154,0.000151562)(-0.00476383,0.99971,0.0236107)(-3.90472e-005,-0.0236112,0.999721)(0.000478536,-0.000250157,-0.0022418))

Frame 42
Affine3((0.999988,0.00481918,0.000179069)(-0.00482208,0.999703,0.0238934)(-6.37874e-005,-0.023894,0.999714)(0.000484556,-0.000254083,-0.00227641))

Frame 43
Affine3((0.999987,0.00515421,9.41936e-005)(-0.005155,0.999702,0.0238428)(2.87291e-005,-0.023843,0.999716)(0.0004251,-0.000347443,-0.00226591))

Frame 44
Affine3((0.999987,0.00507421,5.69418e-005)(-0.00507417,0.999712,0.0234505)(6.20521e-005,-0.0234505,0.999725)(0.000416309,-0.000345621,-0.00221748))

Frame 45
Affine3((0.999988,0.00499015,0.000100343)(-0.00499115,0.999722,0.0230532)(1.47017e-005,-0.0230534,0.999734)(0.000411093,-0.00033503,-0.00219542))

Frame 46
Affine3((0.999989,0.00459442,0.00016221)(-0.00459695,0.999729,0.0228368)(-5.71728e-005,-0.0228373,0.999739)(0.000465095,-0.000235803,-0.00217449))

Frame 47
Affine3((0.999988,0.00500389,0.000103858)(-0.00500496,0.99972,0.0231313)(1.19883e-005,-0.0231315,0.999732)(0.000412911,-0.00033813,-0.00220313))

Frame 48
Affine3((0.999987,0.00501516,9.52528e-005)(-0.00501607,0.999719,0.0231791)(2.10355e-005,-0.0231793,0.999731)(0.00041303,-0.000339407,-0.00220475))

Frame 49
Affine3((0.999989,0.0046424,0.000160744)(-0.0046449,0.999723,0.0230512)(-5.3669e-005,-0.0230517,0.999734)(0.000468463,-0.000240088,-0.00219365))

Frame 50
Affine3((0.999987,0.00500068,0.000100377)(-0.00500166,0.99972,0.0231178)(1.52284e-005,-0.023118,0.999733)(0.000412375,-0.000336513,-0.00220124))

