Frame 1
Affine3((1,-6.9306e-010,7.26067e-010)(6.9306e-010,1,-1.63312e-010)(-7.26067e-010,1.63312e-010,1)(0,0,0))

Frame 2
Affine3((1,-6.9306e-010,7.26067e-010)(6.9306e-010,1,-1.63312e-010)(-7.26067e-010,1.63312e-010,1)(0,0,0))

Frame 3
Affine3((1,-6.9306e-010,7.26067e-010)(6.9306e-010,1,-1.63312e-010)(-7.26067e-010,1.63312e-010,1)(0,0,0))

Frame 4
Affine3((1,-6.9306e-010,7.26067e-010)(6.9306e-010,1,-1.63312e-010)(-7.26067e-010,1.63312e-010,1)(0,0,0))

Frame 5
Affine3((1,-6.9306e-010,7.26067e-010)(6.9306e-010,1,-1.63312e-010)(-7.26067e-010,1.63312e-010,1)(0,0,0))

Frame 6
Affine3((1,-6.9306e-010,7.26067e-010)(6.9306e-010,1,-1.63312e-010)(-7.26067e-010,1.63312e-010,1)(0,0,0))

Frame 7
Affine3((1,-6.9306e-010,7.26067e-010)(6.9306e-010,1,-1.63312e-010)(-7.26067e-010,1.63312e-010,1)(0,0,0))

Frame 8
Affine3((1,-6.9306e-010,7.26067e-010)(6.9306e-010,1,-1.63312e-010)(-7.26067e-010,1.63312e-010,1)(0,0,0))

Frame 9
Affine3((1,-6.9306e-010,7.26067e-010)(6.9306e-010,1,-1.63312e-010)(-7.26067e-010,1.63312e-010,1)(0,0,0))

Frame 10
Affine3((1,-6.9306e-010,7.26067e-010)(6.9306e-010,1,-1.63312e-010)(-7.26067e-010,1.63312e-010,1)(0,0,0))

Frame 11
Affine3((1,-6.9306e-010,7.26067e-010)(6.9306e-010,1,-1.63312e-010)(-7.26067e-010,1.63312e-010,1)(0,0,0))

Frame 12
Affine3((1,-6.9306e-010,7.26067e-010)(6.9306e-010,1,-1.63312e-010)(-7.26067e-010,1.63312e-010,1)(0,0,0))

Frame 13
Affine3((1,-6.9306e-010,7.26067e-010)(6.9306e-010,1,-1.63312e-010)(-7.26067e-010,1.63312e-010,1)(0,0,0))

Frame 14
Affine3((1,-6.9306e-010,7.26067e-010)(6.9306e-010,1,-1.63312e-010)(-7.26067e-010,1.63312e-010,1)(0,0,0))

Frame 15
Affine3((1,-6.9306e-010,7.26067e-010)(6.9306e-010,1,-1.63312e-010)(-7.26067e-010,1.63312e-010,1)(0,0,0))

Frame 16
Affine3((1,-6.9306e-010,7.26067e-010)(6.9306e-010,1,-1.63312e-010)(-7.26067e-010,1.63312e-010,1)(0,0,0))

Frame 17
Affine3((1,-6.9306e-010,7.26067e-010)(6.9306e-010,1,-1.63312e-010)(-7.26067e-010,1.63312e-010,1)(0,0,0))

Frame 18
Affine3((1,-6.9306e-010,7.26067e-010)(6.9306e-010,1,-1.63312e-010)(-7.26067e-010,1.63312e-010,1)(0,0,0))

Frame 19
Affine3((1,-6.9306e-010,7.26067e-010)(6.9306e-010,1,-1.63312e-010)(-7.26067e-010,1.63312e-010,1)(0,0,0))

Frame 20
Affine3((1,-6.9306e-010,7.26067e-010)(6.9306e-010,1,-1.63312e-010)(-7.26067e-010,1.63312e-010,1)(0,0,0))

Frame 21
Affine3((1,-6.9306e-010,7.26067e-010)(6.9306e-010,1,-1.63312e-010)(-7.26067e-010,1.63312e-010,1)(0,0,0))

Frame 22
Affine3((1,-6.9306e-010,7.26067e-010)(6.9306e-010,1,-1.63312e-010)(-7.26067e-010,1.63312e-010,1)(0,0,0))

Frame 23
Affine3((1,-6.9306e-010,7.26067e-010)(6.9306e-010,1,-1.63312e-010)(-7.26067e-010,1.63312e-010,1)(0,0,0))

Frame 24
Affine3((1,-6.9306e-010,7.26067e-010)(6.9306e-010,1,-1.63312e-010)(-7.26067e-010,1.63312e-010,1)(0,0,0))

Frame 25
Affine3((1,-6.9306e-010,7.26067e-010)(6.9306e-010,1,-1.63312e-010)(-7.26067e-010,1.63312e-010,1)(0,0,0))

Frame 26
Affine3((1,-6.9306e-010,7.26067e-010)(6.9306e-010,1,-1.63312e-010)(-7.26067e-010,1.63312e-010,1)(0,0,0))

Frame 27
Affine3((1,-6.9306e-010,7.26067e-010)(6.9306e-010,1,-1.63312e-010)(-7.26067e-010,1.63312e-010,1)(0,0,0))

Frame 28
Affine3((1,-6.9306e-010,7.26067e-010)(6.9306e-010,1,-1.63312e-010)(-7.26067e-010,1.63312e-010,1)(0,0,0))

Frame 29
Affine3((1,-6.9306e-010,7.26067e-010)(6.9306e-010,1,-1.63312e-010)(-7.26067e-010,1.63312e-010,1)(0,0,0))

Frame 30
Affine3((1,-6.9306e-010,7.26067e-010)(6.9306e-010,1,-1.63312e-010)(-7.26067e-010,1.63312e-010,1)(0,0,0))

Frame 31
Affine3((1,-6.9306e-010,7.26067e-010)(6.9306e-010,1,-1.63312e-010)(-7.26067e-010,1.63312e-010,1)(0,0,0))

Frame 32
Affine3((1,-6.9306e-010,7.26067e-010)(6.9306e-010,1,-1.63312e-010)(-7.26067e-010,1.63312e-010,1)(0,0,0))

Frame 33
Affine3((1,-6.9306e-010,7.26067e-010)(6.9306e-010,1,-1.63312e-010)(-7.26067e-010,1.63312e-010,1)(0,0,0))

Frame 34
Affine3((1,-6.9306e-010,7.26067e-010)(6.9306e-010,1,-1.63312e-010)(-7.26067e-010,1.63312e-010,1)(0,0,0))

Frame 35
Affine3((1,-6.9306e-010,7.26067e-010)(6.9306e-010,1,-1.63312e-010)(-7.26067e-010,1.63312e-010,1)(0,0,0))

Frame 36
Affine3((1,-6.9306e-010,7.26067e-010)(6.9306e-010,1,-1.63312e-010)(-7.26067e-010,1.63312e-010,1)(0,0,0))

Frame 37
Affine3((1,-6.9306e-010,7.26067e-010)(6.9306e-010,1,-1.63312e-010)(-7.26067e-010,1.63312e-010,1)(0,0,0))

Frame 38
Affine3((1,-6.9306e-010,7.26067e-010)(6.9306e-010,1,-1.63312e-010)(-7.26067e-010,1.63312e-010,1)(0,0,0))

Frame 39
Affine3((1,-6.9306e-010,7.26067e-010)(6.9306e-010,1,-1.63312e-010)(-7.26067e-010,1.63312e-010,1)(0,0,0))

Frame 40
Affine3((1,-6.9306e-010,7.26067e-010)(6.9306e-010,1,-1.63312e-010)(-7.26067e-010,1.63312e-010,1)(0,0,0))

Frame 41
Affine3((1,-6.9306e-010,7.26067e-010)(6.9306e-010,1,-1.63312e-010)(-7.26067e-010,1.63312e-010,1)(0,0,0))

Frame 42
Affine3((1,-6.9306e-010,7.26067e-010)(6.9306e-010,1,-1.63312e-010)(-7.26067e-010,1.63312e-010,1)(0,0,0))

Frame 43
Affine3((1,-6.9306e-010,7.26067e-010)(6.9306e-010,1,-1.63312e-010)(-7.26067e-010,1.63312e-010,1)(0,0,0))

Frame 44
Affine3((1,-6.9306e-010,7.26067e-010)(6.9306e-010,1,-1.63312e-010)(-7.26067e-010,1.63312e-010,1)(0,0,0))

Frame 45
Affine3((1,-6.9306e-010,7.26067e-010)(6.9306e-010,1,-1.63312e-010)(-7.26067e-010,1.63312e-010,1)(0,0,0))

Frame 46
Affine3((1,-6.9306e-010,7.26067e-010)(6.9306e-010,1,-1.63312e-010)(-7.26067e-010,1.63312e-010,1)(0,0,0))

Frame 47
Affine3((1,-6.9306e-010,7.26067e-010)(6.9306e-010,1,-1.63312e-010)(-7.26067e-010,1.63312e-010,1)(0,0,0))

Frame 48
Affine3((1,-6.9306e-010,7.26067e-010)(6.9306e-010,1,-1.63312e-010)(-7.26067e-010,1.63312e-010,1)(0,0,0))

Frame 49
Affine3((1,-6.9306e-010,7.26067e-010)(6.9306e-010,1,-1.63312e-010)(-7.26067e-010,1.63312e-010,1)(0,0,0))

Frame 50
Affine3((1,-6.9306e-010,7.26067e-010)(6.9306e-010,1,-1.63312e-010)(-7.26067e-010,1.63312e-010,1)(0,0,0))

