Frame 1
Affine3((1,1.40897e-009,2.07614e-009)(-5.57387e-012,1,-3.5937e-011)(2.18855e-009,4.71356e-009,1)(0,0,0))

Frame 2
Affine3((0.996683,0.0681463,0.0444942)(-0.0676274,0.997625,-0.0130666)(-0.045279,0.0100143,0.998924)(0.0368243,-0.0249099,-0.0108492))

Frame 3
Affine3((0.95436,0.251103,0.161693)(-0.24784,0.967959,-0.0403746)(-0.16665,-0.00154203,0.986015)(0.143472,-0.0581649,-0.0313789))

Frame 4
Affine3((0.81793,0.477553,0.320834)(-0.48074,0.873664,-0.0748322)(-0.316037,-0.0930301,0.944175)(0.293332,-0.0319064,-0.0375296))

Frame 5
Affine3((0.586407,0.647415,0.486806)(-0.693693,0.711687,-0.110867)(-0.418231,-0.27268,0.866446)(0.422709,0.0847819,-0.0128713))

Frame 6
Affine3((0.327269,0.703599,0.630748)(-0.842173,0.519904,-0.142983)(-0.428531,-0.484405,0.762701)(0.477693,0.255901,0.0417463))

Frame 7
Affine3((0.113525,0.665195,0.737989)(-0.924009,0.343669,-0.167629)(-0.36513,-0.662878,0.653661)(0.458404,0.419192,0.111466))

Frame 8
Affine3((-0.0254585,0.589483,0.80738)(-0.960141,0.210466,-0.18394)(-0.278356,-0.779881,0.560628)(0.403722,0.536616,0.177103))

Frame 9
Affine3((-0.0979221,0.526027,0.844812)(-0.972727,0.128769,-0.192928)(-0.210271,-0.840663,0.499071)(0.35369,0.602027,0.222888))

Frame 10
Affine3((-0.12241,0.501358,0.856537)(-0.975895,0.0963112,-0.195842)(-0.180681,-0.859863,0.477483)(0.330472,0.623021,0.239343))

Frame 11
Affine3((-0.115963,0.502601,0.856706)(-0.974555,0.109,-0.195861)(-0.191821,-0.85762,0.477172)(0.339862,0.621835,0.239576))

Frame 12
Affine3((-0.0853739,0.508356,0.856905)(-0.966139,0.167939,-0.195886)(-0.243487,-0.844613,0.476805)(0.383442,0.613794,0.239851))

Frame 13
Affine3((-0.0299638,0.514271,0.857104)(-0.942253,0.271618,-0.195914)(-0.333558,-0.813479,0.476435)(0.459839,0.59265,0.240131))

Frame 14
Affine3((0.0485254,0.512548,0.857286)(-0.88987,0.41199,-0.195948)(-0.453626,-0.753365,0.476093)(0.562634,0.548945,0.240392))

Frame 15
Affine3((0.143793,0.494074,0.857447)(-0.796562,0.571915,-0.195963)(-0.587207,-0.654832,0.475798)(0.678617,0.473993,0.240612))

Frame 16
Affine3((0.244395,0.452691,0.857521)(-0.658408,0.726698,-0.195982)(-0.711878,-0.516702,0.475657)(0.789197,0.365647,0.240722))

Frame 17
Affine3((0.33653,0.389131,0.857511)(-0.485674,0.851889,-0.195977)(-0.806764,-0.350519,0.475676)(0.876418,0.232453,0.240706))

Frame 18
Affine3((0.409427,0.3119,0.857372)(-0.300685,0.933375,-0.19596)(-0.86137,-0.177568,0.475933)(0.930441,0.0915869,0.240513))

Frame 19
Affine3((0.459283,0.23347,0.85706)(-0.128584,0.972154,-0.195917)(-0.878934,-0.0202229,0.476514)(0.952794,-0.038158,0.240075))

Frame 20
Affine3((0.488933,0.165196,0.856537)(0.0117816,0.980565,-0.195842)(-0.872242,0.105845,0.477484)(0.953284,-0.143075,0.239342))

Frame 21
Affine3((0.508286,0.10916,0.854242)(0.119541,0.973388,-0.195513)(-0.852851,0.201494,0.481711)(0.940555,-0.222947,0.236153))

Frame 22
Affine3((0.525675,0.0573517,0.84875)(0.209879,0.958139,-0.194732)(-0.824388,0.2805,0.491633)(0.917598,-0.288364,0.228699))

Frame 23
Affine3((0.542251,0.00647489,0.840192)(0.28871,0.937648,-0.193556)(-0.789057,0.347527,0.506571)(0.886933,-0.342749,0.217569))

Frame 24
Affine3((0.558005,-0.0448848,0.828623)(0.3586,0.913532,-0.192002)(-0.748356,0.404282,0.525851)(0.850333,-0.387258,0.203361))

Frame 25
Affine3((0.572619,-0.097215,0.814037)(0.420853,0.886983,-0.190114)(-0.703555,0.451453,0.548817)(0.809295,-0.422344,0.186684))

Frame 26
Affine3((0.585738,-0.150457,0.796413)(0.476172,0.859038,-0.187922)(-0.655874,0.489303,0.574814)(0.765197,-0.448199,0.168146))

Frame 27
Affine3((0.59717,-0.204062,0.775723)(0.524787,0.830788,-0.185447)(-0.606619,0.517833,0.603211)(0.719409,-0.46489,0.148335))

Frame 28
Affine3((0.60707,-0.25692,0.751969)(0.566437,0.803591,-0.182732)(-0.557328,0.536874,0.633365)(0.673377,-0.472427,0.127843))

Frame 29
Affine3((0.61632,-0.306975,0.725201)(0.599877,0.779629,-0.179798)(-0.510194,0.545844,0.664648)(0.628883,-0.47057,0.107231))

Frame 30
Affine3((0.627974,-0.34924,0.695471)(0.620557,0.763999,-0.176678)(-0.469636,0.542528,0.696495)(0.588968,-0.457908,0.0870013))

Frame 31
Affine3((0.645416,-0.379478,0.662899)(0.625418,0.760775,-0.173416)(-0.438509,0.526514,0.728349)(0.555213,-0.43469,0.0676342))

Frame 32
Affine3((0.666671,-0.401944,0.627687)(0.62128,0.764916,-0.170046)(-0.411779,0.503334,0.759666)(0.523934,-0.40576,0.0495663))

Frame 33
Affine3((0.691498,-0.416711,0.59007)(0.609325,0.775221,-0.166597)(-0.388012,0.474747,0.789976)(0.493922,-0.372936,0.0331584))

Frame 34
Affine3((0.719371,-0.423827,0.550341)(0.590463,0.79041,-0.163108)(-0.365866,0.442292,0.818853)(0.4641,-0.337824,0.0187128))

Frame 35
Affine3((0.749555,-0.423373,0.508844)(0.565425,0.809208,-0.159617)(-0.344183,0.407354,0.845932)(0.433608,-0.301869,0.00646019))

Frame 36
Affine3((0.781137,-0.41553,0.466004)(0.534881,0.830372,-0.156158)(-0.322068,0.371238,0.870893)(0.401876,-0.2664,-0.0034349))

Frame 37
Affine3((0.813126,-0.40065,0.422263)(0.499502,0.852736,-0.15277)(-0.298872,0.335142,0.893507)(0.368588,-0.232589,-0.0108958))

Frame 38
Affine3((0.844513,-0.37926,0.378099)(0.45999,0.875251,-0.149485)(-0.274238,0.300164,0.913617)(0.333719,-0.201456,-0.0159229))

Frame 39
Affine3((0.874326,-0.352082,0.334054)(0.41712,0.896994,-0.146334)(-0.248123,0.267284,0.931125)(0.297537,-0.173845,-0.0185938))

Frame 40
Affine3((0.901711,-0.32005,0.290664)(0.371752,0.917199,-0.143339)(-0.220721,0.237306,0.946028)(0.260516,-0.150361,-0.0190688))

Frame 41
Affine3((0.925983,-0.284273,0.248483)(0.324838,0.935269,-0.140543)(-0.192446,0.210858,0.958386)(0.223302,-0.131381,-0.0175699))

Frame 42
Affine3((0.946658,-0.246005,0.208132)(0.27741,0.950797,-0.137946)(-0.163956,0.188325,0.968324)(0.18673,-0.117006,-0.0144067))

Frame 43
Affine3((0.963517,-0.206613,0.170133)(0.230566,0.963563,-0.135596)(-0.135918,0.169876,0.976047)(0.151588,-0.107081,-0.00991887))

Frame 44
Affine3((0.976558,-0.167537,0.135154)(0.185493,0.973537,-0.133486)(-0.109213,0.155427,0.981792)(0.118814,-0.101187,-0.00453568))

Frame 45
Affine3((0.986039,-0.130247,0.103744)(0.143415,0.980867,-0.131653)(-0.0846119,0.144693,0.985852)(0.0891901,-0.0986882,0.00130928))

Frame 46
Affine3((0.992411,-0.0962406,0.076543)(0.10564,0.985856,-0.130106)(-0.0629389,0.137205,0.988541)(0.0635023,-0.0987615,0.00713301))

Frame 47
Affine3((0.99628,-0.067008,0.0541925)(0.0735234,0.988933,-0.128864)(-0.0449579,0.132369,0.99018)(0.0424539,-0.100462,0.0124425))

Frame 48
Affine3((0.998331,-0.0440764,0.0373245)(0.0485182,0.990594,-0.12794)(-0.0313343,0.129537,0.991079)(0.0266498,-0.102782,0.0167599))

Frame 49
Affine3((0.999223,-0.029034,0.026653)(0.032202,0.991333,-0.127362)(-0.0227242,0.128121,0.991498)(0.016705,-0.104756,0.0196294))

Frame 50
Affine3((0.999459,-0.023605,0.0229099)(0.0263327,0.991532,-0.127167)(-0.0197142,0.127701,0.991617)(0.0132295,-0.105561,0.0206631))

