Frame 1
Affine3((1,-7.73685e-009,1.19235e-008)(2.1394e-009,1,-9.20482e-009)(-3.58514e-009,-5.47803e-009,1)(0,0,0))

Frame 2
Affine3((0.999956,-0.00143622,-0.00931493)(0.00144446,0.999999,0.000877383)(0.00931368,-0.00089081,0.999956)(-7.15554e-005,0.00015486,-0.00198956))

Frame 3
Affine3((0.998905,-0.00718805,-0.0462176)(0.00722183,0.999974,0.000562478)(0.0462123,-0.000895668,0.998931)(-0.000695586,-0.000111446,-0.00936659))

Frame 4
Affine3((0.992027,-0.0208606,-0.12429)(0.0207166,0.999782,-0.00245124)(0.124314,-0.000143177,0.992243)(-0.0030365,-0.00194766,-0.0246046))

Frame 5
Affine3((0.971232,-0.0411196,-0.234559)(0.0404108,0.999152,-0.00782923)(0.234682,-0.00187472,0.97207)(-0.00859353,-0.00531848,-0.0459336))

Frame 6
Affine3((0.931669,-0.0627308,-0.357851)(0.0630069,0.997954,-0.0109008)(0.357802,-0.0123911,0.933715)(-0.0180501,-0.00891517,-0.0700344))

Frame 7
Affine3((0.845567,-0.0914633,-0.525976)(0.0941784,0.995319,-0.021676)(0.525497,-0.0312071,0.850223)(-0.0372871,-0.0139376,-0.102331))

Frame 8
Affine3((0.663934,-0.129127,-0.736558)(0.134098,0.989571,-0.0526069)(0.73567,-0.0638435,0.674325)(-0.0759455,-0.0207785,-0.141368))

Frame 9
Affine3((0.387294,-0.162147,-0.907586)(0.167926,0.980352,-0.103488)(0.906534,-0.112327,0.406913)(-0.132798,-0.0265965,-0.171092))

Frame 10
Affine3((0.146996,-0.179597,-0.972696)(0.18205,0.971491,-0.151863)(0.97224,-0.154756,0.175501)(-0.181035,-0.0295646,-0.180156))

Frame 11
Affine3((0.0216662,-0.189939,-0.981557)(0.184895,0.965613,-0.182773)(0.982519,-0.177525,0.05604)(-0.205852,-0.0315837,-0.179428))

Frame 12
Affine3((0.0735343,-0.19738,-0.977565)(0.229685,0.95722,-0.175995)(0.970483,-0.21159,0.115724)(-0.187215,-0.0331587,-0.177184))

Frame 13
Affine3((0.313337,-0.239337,-0.918987)(0.34081,0.931594,-0.126417)(0.886379,-0.273589,0.373472)(-0.116502,-0.0437689,-0.164463))

Frame 14
Affine3((0.551187,-0.36535,-0.750141)(0.480931,0.873781,-0.0721901)(0.681834,-0.320976,0.657325)(-0.0357234,-0.0780875,-0.128164))

Frame 15
Affine3((0.630085,-0.541071,-0.556987)(0.630383,0.775254,-0.0399877)(0.453442,-0.325919,0.829558)(0.0160152,-0.132049,-0.08386))

Frame 16
Affine3((0.57495,-0.706276,-0.413046)(0.768343,0.639584,-0.0241222)(0.281214,-0.303492,0.910391)(0.0365008,-0.192058,-0.0471975))

Frame 17
Affine3((0.456072,-0.831595,-0.316936)(0.874965,0.48406,-0.0110267)(0.162586,-0.272279,0.948383)(0.0364911,-0.24774,-0.0197598))

Frame 18
Affine3((0.319269,-0.9134,-0.252523)(0.944648,0.327987,0.0079731)(0.0755417,-0.241091,0.967558)(0.0251484,-0.29384,0.000131533))

Frame 19
Affine3((0.191961,-0.959058,-0.208229)(0.981402,0.187323,0.0419626)(-0.00123856,-0.212411,0.97718)(0.00968329,-0.327998,0.0135853))

Frame 20
Affine3((0.0876637,-0.980384,-0.176528)(0.99259,0.0709998,0.0986077)(-0.0841399,-0.183865,0.979344)(-0.00553847,-0.350364,0.0210687))

Frame 21
Affine3((0.014237,-0.988715,-0.149132)(0.982667,-0.0137347,0.184869)(-0.184831,-0.149179,0.971382)(-0.0176944,-0.361903,0.0229541))

Frame 22
Affine3((-0.0353439,-0.992402,-0.117855)(0.953504,-0.0688047,0.293422)(-0.299302,-0.102005,0.94869)(-0.0278572,-0.366745,0.021332))

Frame 23
Affine3((-0.0700536,-0.994597,-0.0766099)(0.908837,-0.095295,0.406121)(-0.411228,-0.0411757,0.910602)(-0.0379755,-0.368753,0.0187549))

Frame 24
Affine3((-0.0865299,-0.996072,-0.0187687)(0.873001,-0.0848882,0.480275)(-0.479982,0.0251731,0.876917)(-0.0448586,-0.37012,0.0210004))

Frame 25
Affine3((-0.0643169,-0.996075,0.0608063)(0.92132,-0.0358561,0.387149)(-0.383449,0.0809223,0.92001)(-0.0361207,-0.373118,0.0485303))

Frame 26
Affine3((-0.018637,-0.989806,0.141198)(0.972198,0.0150295,0.233679)(-0.233419,0.141628,0.962007)(-0.0241191,-0.371095,0.0790267))

Frame 27
Affine3((0.0197163,-0.975064,0.221047)(0.978897,0.0638051,0.194139)(-0.203402,0.212555,0.955745)(-0.0164535,-0.363649,0.0969484))

Frame 28
Affine3((0.0629597,-0.952678,0.297389)(0.977283,0.119274,0.175191)(-0.202371,0.279603,0.938546)(-0.00809382,-0.352903,0.111784))

Frame 29
Affine3((0.11318,-0.925094,0.362479)(0.970526,0.181059,0.15905)(-0.212766,0.333794,0.91832)(0.00130875,-0.339402,0.123701))

Frame 30
Affine3((0.169102,-0.89701,0.408384)(0.958369,0.246375,0.144321)(-0.230073,0.366977,0.901329)(0.0111894,-0.32425,0.131351))

Frame 31
Affine3((0.230117,-0.870201,0.435656)(0.940431,0.313979,0.130414)(-0.250273,0.379694,0.890615)(0.0212531,-0.308028,0.134951))

Frame 32
Affine3((0.295305,-0.842615,0.450327)(0.916236,0.383342,0.116451)(-0.270753,0.378217,0.885237)(0.0310889,-0.290668,0.135815))

Frame 33
Affine3((0.363658,-0.813861,0.453193)(0.88524,0.453389,0.103865)(-0.290005,0.363413,0.885341)(0.0403215,-0.272425,0.13402))

Frame 34
Affine3((0.43451,-0.783304,0.444562)(0.847751,0.522383,0.0918394)(-0.30417,0.336973,0.891028)(0.0487236,-0.253457,0.129752))

Frame 35
Affine3((0.507022,-0.749843,0.425045)(0.804045,0.589134,0.0802014)(-0.310547,0.301092,0.901612)(0.0560497,-0.233826,0.123176))

Frame 36
Affine3((0.579404,-0.71242,0.395916)(0.754589,0.652477,0.0697768)(-0.308036,0.258325,0.915632)(0.0619254,-0.213723,0.114525))

Frame 37
Affine3((0.650338,-0.669763,0.358438)(0.700065,0.711597,0.0594884)(-0.294906,0.212242,0.931656)(0.066173,-0.1931,0.104152))

Frame 38
Affine3((0.717385,-0.621509,0.31478)(0.641365,0.765607,0.0499589)(-0.272048,0.166049,0.947849)(0.0684521,-0.172252,0.0924988))

Frame 39
Affine3((0.778166,-0.568138,0.267727)(0.579929,0.813635,0.0409974)(-0.241124,0.12336,0.962622)(0.0686304,-0.151556,0.0801716))

Frame 40
Affine3((0.832174,-0.50915,0.219664)(0.515724,0.856201,0.0307872)(-0.203752,0.0876659,0.97509)(0.0666999,-0.130878,0.0677774))

Frame 41
Affine3((0.877589,-0.446722,0.174001)(0.449887,0.892788,0.0230567)(-0.165646,0.0580467,0.984475)(0.0626573,-0.110927,0.0557315))

Frame 42
Affine3((0.914523,-0.382201,0.132552)(0.383731,0.923326,0.0148265)(-0.128055,0.0373052,0.991065)(0.0568836,-0.0918979,0.0446762))

Frame 43
Affine3((0.943157,-0.317863,0.0970462)(0.318708,0.947826,0.00708695)(-0.0942356,0.0242453,0.995255)(0.0497871,-0.0742402,0.0348976))

Frame 44
Affine3((0.964536,-0.255011,0.0681114)(0.25554,0.966798,0.000983201)(-0.0661006,0.0164568,0.997677)(0.0417571,-0.0580447,0.0264629))

Frame 45
Affine3((0.979719,-0.195113,0.0456138)(0.195541,0.980682,-0.0050647)(-0.0437444,0.0138813,0.998946)(0.0332908,-0.0434696,0.0195378))

Frame 46
Affine3((0.989659,-0.140461,0.0290805)(0.140823,0.989976,-0.010784)(-0.0272743,0.0147677,0.999519)(0.0249517,-0.0308359,0.014042))

Frame 47
Affine3((0.995502,-0.0930796,0.0176483)(0.0933197,0.995547,-0.0133097)(-0.0163308,0.0148968,0.999756)(0.017189,-0.0202762,0.00958372))

Frame 48
Affine3((0.998523,-0.0534268,0.00982306)(0.0535721,0.998449,-0.015171)(-0.00899726,0.0156749,0.999837)(0.010383,-0.0117441,0.00619964))

Frame 49
Affine3((0.999719,-0.0232321,0.00461827)(0.023299,0.999616,-0.0150019)(-0.00426801,0.0151053,0.999877)(0.00495039,-0.0053703,0.00362913))

Frame 50
Affine3((0.999985,-0.00535932,0.00129507)(0.00537272,0.99993,-0.0105536)(-0.00123842,0.0105604,0.999943)(0.00145215,-0.00151917,0.0015655))

