Frame 1
Affine3((1,-6.9306e-010,7.26067e-010)(6.9306e-010,1,-1.63312e-010)(-7.26067e-010,1.63312e-010,1)(0,0,0))

Frame 2
Affine3((0.999737,-0.0229533,-1.79904e-007)(0.0229533,0.999737,-1.60108e-008)(1.80224e-007,1.18772e-008,1)(0.00875245,-0.0211873,7.06911e-005))

Frame 3
Affine3((0.997176,-0.0750964,-1.28148e-006)(0.0750964,0.997176,7.09543e-008)(1.27254e-006,-1.66989e-007,1)(0.0276976,-0.0728678,0.000180364))

Frame 4
Affine3((0.990497,-0.137532,-4.15446e-006)(0.137532,0.990497,-2.28363e-006)(4.42905e-006,1.69056e-006,1)(0.0461533,-0.140466,0.000204206))

Frame 5
Affine3((0.980821,-0.19491,-4.45202e-006)(0.19491,0.980821,-1.52848e-006)(4.66455e-006,6.31422e-007,1)(0.0544871,-0.203584,-1.19209e-007))

Frame 6
Affine3((0.969524,-0.244997,-5.38479e-006)(0.244997,0.969524,-4.45382e-006)(6.31185e-006,2.99883e-006,1)(0.0498992,-0.250584,-0.00089407))

Frame 7
Affine3((0.956505,-0.291714,-7.33477e-006)(0.291714,0.956505,-4.49062e-006)(8.32572e-006,2.15564e-006,1)(0.0353465,-0.290926,-0.00215244))

Frame 8
Affine3((0.943507,-0.331354,-7.81664e-006)(0.331354,0.943507,-4.83728e-006)(8.9779e-006,1.97394e-006,1)(0.0141946,-0.325514,-0.00297964))

Frame 9
Affine3((0.932233,-0.361859,-8.01137e-006)(0.361859,0.932233,-6.37484e-006)(9.77525e-006,3.04385e-006,1)(-0.00843201,-0.354684,-0.00259995))

Frame 10
Affine3((0.924111,-0.382123,-7.84365e-006)(0.382123,0.924111,-7.61292e-006)(1.01575e-005,4.03795e-006,1)(-0.026147,-0.380135,-1.66893e-006))

Frame 11
Affine3((0.919312,-0.39353,-8.09433e-006)(0.39353,0.919312,-8.30462e-006)(1.07093e-005,4.44917e-006,1)(-0.0363406,-0.404716,0.00585508))

Frame 12
Affine3((0.916753,-0.399455,-7.61454e-006)(0.399455,0.916753,-8.47367e-006)(1.03655e-005,4.7266e-006,1)(-0.04191,-0.428619,0.0141776))

Frame 13
Affine3((0.915832,-0.401562,-4.8652e-006)(0.401562,0.915832,-8.43512e-006)(7.84292e-006,5.77148e-006,1)(-0.0438201,-0.451317,0.0238609))

Frame 14
Affine3((0.916092,-0.400968,-6.30749e-006)(0.400968,0.916092,-6.71267e-006)(8.4698e-006,3.62033e-006,1)(-0.0429414,-0.472155,0.0339807))

Frame 15
Affine3((0.917154,-0.398532,-6.12147e-006)(0.398532,0.917154,-7.52215e-006)(8.61215e-006,4.45937e-006,1)(-0.04012,-0.490455,0.0437032))

Frame 16
Affine3((0.918703,-0.394948,-4.81841e-006)(0.394948,0.918703,-6.11084e-006)(6.84015e-006,3.71103e-006,1)(-0.0360598,-0.505442,0.0522172))

Frame 17
Affine3((0.920451,-0.390859,-9.75434e-007)(0.390859,0.920451,-6.65256e-006)(3.49805e-006,5.7421e-006,1)(-0.0314635,-0.516197,0.0586705))

Frame 18
Affine3((0.922133,-0.386873,3.54966e-007)(0.386873,0.922133,-5.81605e-006)(1.92275e-006,5.5005e-006,1)(-0.0269606,-0.521592,0.0621116))

Frame 19
Affine3((0.923463,-0.383687,8.65305e-008)(0.383687,0.923463,-4.41046e-006)(1.61233e-006,4.1061e-006,1)(-0.0232481,-0.520244,0.0613985))

Frame 20
Affine3((0.924099,-0.382154,5.28743e-007)(0.382154,0.924099,-4.30034e-006)(1.15478e-006,4.176e-006,1)(-0.0211372,-0.510348,0.0550683))

Frame 21
Affine3((0.923854,-0.382745,2.21194e-006)(0.382745,0.923854,-3.73905e-006)(-6.1241e-007,4.30095e-006,1)(-0.0208298,-0.489409,0.0412183))

Frame 22
Affine3((0.92303,-0.384728,3.82968e-006)(0.384728,0.92303,-2.91774e-006)(-2.41237e-006,4.16655e-006,1)(-0.0215651,-0.45791,0.020707))

Frame 23
Affine3((0.921892,-0.387448,4.83889e-006)(0.387448,0.921892,-2.2362e-006)(-3.59452e-006,3.93635e-006,1)(-0.0229302,-0.418128,-0.00444114))

Frame 24
Affine3((0.920661,-0.390363,7.58272e-006)(0.390363,0.920661,-1.89916e-006)(-6.23975e-006,4.7085e-006,1)(-0.0245824,-0.372419,-0.0324718))

Frame 25
Affine3((0.919549,-0.392975,8.09143e-006)(0.392975,0.919549,-1.713e-006)(-6.7673e-006,4.75493e-006,1)(-0.0261831,-0.323127,-0.0617925))

Frame 26
Affine3((0.918764,-0.394807,9.33355e-006)(0.394807,0.918764,-1.11018e-006)(-8.13703e-006,4.70495e-006,1)(-0.0274056,-0.272642,-0.0908827))

Frame 27
Affine3((0.918535,-0.395341,1.10341e-005)(0.395341,0.918535,4.05294e-007)(-1.02954e-005,3.98995e-006,1)(-0.0278967,-0.223318,-0.11822))

Frame 28
Affine3((0.91912,-0.393978,1.07964e-005)(0.393978,0.91912,3.64478e-007)(-1.00668e-005,3.91853e-006,1)(-0.0272862,-0.177453,-0.1422))

Frame 29
Affine3((0.920831,-0.389962,1.08156e-005)(0.389962,0.920831,1.27576e-007)(-1.00091e-005,4.10017e-006,1)(-0.025167,-0.137302,-0.161053))

Frame 30
Affine3((0.924056,-0.382257,1.25581e-005)(0.382257,0.924056,9.82022e-007)(-1.19798e-005,3.89298e-006,1)(-0.0211182,-0.104975,-0.17272))

Frame 31
Affine3((0.928754,-0.370697,1.29971e-005)(0.370697,0.928754,1.10023e-006)(-1.24789e-005,3.79612e-006,1)(-0.0153197,-0.0788469,-0.177799))

Frame 32
Affine3((0.934397,-0.356234,1.10213e-005)(0.356234,0.934397,-3.50175e-008)(-1.02858e-005,3.9589e-006,1)(-0.00864286,-0.0556828,-0.178906))

Frame 33
Affine3((0.940721,-0.339183,1.33068e-005)(0.339183,0.940721,1.52744e-006)(-1.30361e-005,3.07655e-006,1)(-0.00167611,-0.0351635,-0.176637))

Frame 34
Affine3((0.947468,-0.319849,1.20424e-005)(0.319849,0.947468,5.39216e-007)(-1.15823e-005,3.34088e-006,1)(0.00502186,-0.0170261,-0.17151))

Frame 35
Affine3((0.954395,-0.298547,1.07086e-005)(0.298547,0.954395,-1.7928e-007)(-1.01667e-005,3.36812e-006,1)(0.0110075,-0.00121114,-0.163983))

Frame 36
Affine3((0.961273,-0.275599,9.58683e-006)(0.275599,0.961273,-8.06644e-007)(-8.99325e-006,3.41753e-006,1)(0.0159282,0.0122717,-0.154465))

Frame 37
Affine3((0.9679,-0.251337,1.00396e-005)(0.251337,0.9679,-2.99551e-007)(-9.642e-006,2.81325e-006,1)(0.0195553,0.0233495,-0.14333))

Frame 38
Affine3((0.974101,-0.226111,1.04269e-005)(0.226111,0.974101,1.66658e-007)(-1.01946e-005,2.19531e-006,1)(0.0217656,0.0319422,-0.130926))

Frame 39
Affine3((0.979737,-0.200287,8.65685e-006)(0.200287,0.979737,-4.25816e-007)(-8.39615e-006,2.15104e-006,1)(0.0225501,0.037981,-0.117579))

Frame 40
Affine3((0.984702,-0.174245,6.67818e-006)(0.174245,0.984702,-1.2168e-006)(-6.364e-006,2.36183e-006,1)(0.0220298,0.0414279,-0.103603))

Frame 41
Affine3((0.98893,-0.148386,5.00772e-006)(0.148386,0.98893,-1.64726e-006)(-4.70785e-006,2.3721e-006,1)(0.0204107,0.042335,-0.0893054))

Frame 42
Affine3((0.992391,-0.123127,5.66537e-006)(0.123127,0.992391,-8.47397e-007)(-5.51792e-006,1.53851e-006,1)(0.017972,0.0408571,-0.0749897))

Frame 43
Affine3((0.995097,-0.0989053,4.20546e-006)(0.0989053,0.995097,-1.25843e-006)(-4.06037e-006,1.6682e-006,1)(0.0149838,0.0372772,-0.060962))

Frame 44
Affine3((0.997094,-0.0761769,3.9143e-006)(0.0761769,0.997094,-1.0161e-006)(-3.82552e-006,1.31133e-006,1)(0.0117731,0.031996,-0.0475402))

Frame 45
Affine3((0.998463,-0.0554208,1.92164e-006)(0.0554208,0.998463,-1.42596e-006)(-1.83966e-006,1.53027e-006,1)(0.00860241,0.0255381,-0.035054))

Frame 46
Affine3((0.99931,-0.0371387,4.04014e-007)(0.0371387,0.99931,-1.38421e-006)(-3.52328e-007,1.39826e-006,1)(0.0057247,0.0185381,-0.023856))

Frame 47
Affine3((0.999761,-0.0218633,2.14359e-006)(0.0218633,0.999761,-7.65434e-007)(-2.12634e-006,8.12117e-007,1)(0.00334024,0.011718,-0.014329))

Frame 48
Affine3((0.999948,-0.0101623,1.2285e-007)(0.0101623,0.999948,-9.38668e-007)(-1.13305e-007,9.39868e-007,1)(0.00153335,0.00585652,-0.00689352))

Frame 49
Affine3((0.999996,-0.00264742,-7.57055e-007)(0.00264742,0.999996,-1.15765e-006)(7.60117e-007,1.15564e-006,1)(0.000415269,0.00176234,-0.0020256))

Frame 50
Affine3((1,1.70971e-005,1.64919e-006)(-1.70971e-005,1,-4.84408e-007)(-1.6492e-006,4.8438e-007,1)(4.99114e-005,0.000235021,-0.000267982))

