Frame 1
Affine3((1,2.39286e-009,-6.65843e-009)(7.81296e-010,1,-4.45693e-009)(8.89297e-010,3.25946e-009,1)(0,0,0))

Frame 2
Affine3((0.995655,-0.0927979,0.00776718)(0.0927525,0.995671,0.00602347)(-0.00829252,-0.00527687,0.999952)(0.0154571,-0.0171329,0.00171351))

Frame 3
Affine3((0.95405,-0.299275,0.0149512)(0.298981,0.954068,0.0191259)(-0.0199883,-0.0137769,0.999705)(0.0438405,-0.0624243,0.004704))

Frame 4
Affine3((0.849222,-0.527991,0.00695002)(0.527649,0.849029,0.0271319)(-0.0202262,-0.0193739,0.999608)(0.0624867,-0.125885,0.00541776))

Frame 5
Affine3((0.705124,-0.709049,-0.00698552)(0.708993,0.704841,0.0229878)(-0.0113758,-0.0211619,0.999711)(0.0636569,-0.187537,0.00331348))

Frame 6
Affine3((0.547178,-0.836968,-0.00893052)(0.837002,0.547075,0.0116901)(-0.00489856,-0.0138714,0.999892)(0.0538216,-0.239968,0.000314534))

Frame 7
Affine3((0.376452,-0.926422,-0.00510553)(0.926432,0.37643,0.00488024)(-0.00259931,-0.0065671,0.999975)(0.0374111,-0.285904,-0.00177801))

Frame 8
Affine3((0.217175,-0.976128,-0.00305389)(0.976122,0.217157,0.0053427)(-0.00455204,-0.00414126,0.999981)(0.0177684,-0.322435,-0.00236595))

Frame 9
Affine3((0.0886068,-0.996041,-0.00721621)(0.996051,0.0885624,0.0062542)(-0.00559035,-0.00774186,0.999954)(-0.00406063,-0.348781,-0.00216526))

Frame 10
Affine3((0.00285201,-0.9998,-0.0197851)(0.999995,0.00288347,-0.00156345)(0.00162018,-0.0197805,0.999803)(-0.0273528,-0.364468,-0.00173628))

Frame 11
Affine3((-0.042366,-0.998295,-0.0401596)(0.998806,-0.0413409,-0.0260207)(0.0243161,-0.041214,0.998854)(-0.0551189,-0.371261,-0.000722885))

Frame 12
Affine3((-0.0616538,-0.996051,-0.0638802)(0.996314,-0.0575927,-0.0635756)(0.0596455,-0.0675645,0.99593)(-0.0881905,-0.372785,0.00194901))

Frame 13
Affine3((-0.0628466,-0.994094,-0.0884778)(0.992633,-0.0530599,-0.108921)(0.103583,-0.0946713,0.990105)(-0.124592,-0.371784,0.00695789))

Frame 14
Affine3((-0.0519714,-0.992308,-0.112358)(0.987193,-0.034056,-0.155857)(0.150831,-0.119019,0.981369)(-0.161239,-0.370619,0.0145075))

Frame 15
Affine3((-0.0336652,-0.990378,-0.134233)(0.980005,-0.00635787,-0.198874)(0.196107,-0.138244,0.970789)(-0.194789,-0.370793,0.0239066))

Frame 16
Affine3((-0.0119483,-0.988171,-0.152888)(0.972191,0.0242831,-0.232928)(0.233885,-0.15142,0.960401)(-0.221447,-0.372705,0.0336416))

Frame 17
Affine3((0.0102717,-0.985866,-0.167219)(0.964711,0.0537719,-0.257763)(0.263111,-0.15867,0.951628)(-0.240869,-0.375597,0.0418715))

Frame 18
Affine3((0.0299299,-0.983948,-0.17593)(0.959297,0.077723,-0.271492)(0.280808,-0.160644,0.946224)(-0.251083,-0.378168,0.0466662))

Frame 19
Affine3((0.0449407,-0.983056,-0.177712)(0.955485,0.0942233,-0.279591)(0.291598,-0.157236,0.943529)(-0.25643,-0.378993,0.0466405))

Frame 20
Affine3((0.0519344,-0.98401,-0.170372)(0.953735,0.0994599,-0.28372)(0.296129,-0.147755,0.94365)(-0.258152,-0.376885,0.0401656))

Frame 21
Affine3((0.048985,-0.98737,-0.150669)(0.954229,0.0908238,-0.284954)(0.29504,-0.129814,0.946625)(-0.256943,-0.37135,0.0254065))

Frame 22
Affine3((0.0382078,-0.992341,-0.117473)(0.958151,0.0697576,-0.277634)(0.283702,-0.101949,0.953478)(-0.248283,-0.364248,0.00340837))

Frame 23
Affine3((0.0202895,-0.997306,-0.070494)(0.968067,0.0372183,-0.247914)(0.24987,-0.0632128,0.966214)(-0.221846,-0.358779,-0.023154))

Frame 24
Affine3((-0.00979996,-0.999907,-0.00943675)(0.989048,-0.0083028,-0.147363)(0.147271,-0.0107775,0.989037)(-0.14055,-0.35994,-0.0480983))

Frame 25
Affine3((-0.0595425,-0.99642,0.0600168)(0.994492,-0.0540173,0.0898178)(-0.0862543,0.0650343,0.994148)(0.0399536,-0.375725,-0.0378637))

Frame 26
Affine3((-0.0944209,-0.986744,0.131987)(0.964392,-0.0577597,0.258091)(-0.247047,0.151657,0.957062)(0.158693,-0.392176,-0.00486588))

Frame 27
Affine3((-0.107521,-0.972009,0.208898)(0.945785,-0.0352291,0.322878)(-0.306481,0.232288,0.923099)(0.201273,-0.40132,0.0113263))

Frame 28
Affine3((-0.107936,-0.952926,0.28334)(0.934052,0.000391806,0.357137)(-0.340436,0.303203,0.89004)(0.22624,-0.405097,0.0250888))

Frame 29
Affine3((-0.0946473,-0.932849,0.347612)(0.927679,0.0440395,0.370772)(-0.361183,0.357565,0.861217)(0.243261,-0.401961,0.0365021))

Frame 30
Affine3((-0.0642457,-0.916771,0.394213)(0.926086,0.0924061,0.365823)(-0.371803,0.388578,0.843071)(0.255107,-0.390346,0.0422391))

Frame 31
Affine3((-0.0170969,-0.905616,0.423753)(0.926652,0.144827,0.346902)(-0.375531,0.398603,0.836715)(0.263921,-0.370913,0.0416138))

Frame 32
Affine3((0.0419594,-0.89606,0.441945)(0.926072,0.200905,0.319419)(-0.375007,0.39587,0.838246)(0.270676,-0.346164,0.0364258))

Frame 33
Affine3((0.11159,-0.886528,0.449017)(0.922214,0.260718,0.285566)(-0.370229,0.382223,0.846662)(0.274792,-0.316898,0.0272396))

Frame 34
Affine3((0.190388,-0.874991,0.445134)(0.912625,0.324836,0.248187)(-0.361757,0.358989,0.860383)(0.276138,-0.283501,0.0152501))

Frame 35
Affine3((0.276833,-0.85903,0.430617)(0.895111,0.393516,0.209574)(-0.349485,0.327433,0.877866)(0.274149,-0.246387,0.00161254))

Frame 36
Affine3((0.368994,-0.836031,0.406074)(0.867851,0.466308,0.171437)(-0.332682,0.289152,0.897615)(0.267839,-0.206349,-0.0125805))

Frame 37
Affine3((0.464167,-0.803588,0.372554)(0.829172,0.542126,0.13628)(-0.311484,0.245654,0.917949)(0.256898,-0.16422,-0.0258886))

Frame 38
Affine3((0.559095,-0.759846,0.331732)(0.778399,0.618832,0.105561)(-0.285496,0.199201,0.937449)(0.240727,-0.121615,-0.0371666))

Frame 39
Affine3((0.650045,-0.704068,0.285885)(0.715782,0.693641,0.0807327)(-0.255143,0.152151,0.954857)(0.219476,-0.0803759,-0.045329))

Frame 40
Affine3((0.733324,-0.636952,0.237759)(0.642679,0.763521,0.0632339)(-0.221811,0.106432,0.969264)(0.194213,-0.0421101,-0.0495131))

Frame 41
Affine3((0.806166,-0.560269,0.190249)(0.561809,0.825695,0.0509826)(-0.185652,0.0657832,0.980411)(0.165275,-0.00985654,-0.0499142))

Frame 42
Affine3((0.866558,-0.477265,0.145928)(0.476183,0.878217,0.0445508)(-0.149419,0.0308825,0.988292)(0.135102,0.0158227,-0.0465248))

Frame 43
Affine3((0.913952,-0.391519,0.106787)(0.389291,0.920164,0.0418482)(-0.114646,0.00332392,0.993401)(0.105293,0.0338129,-0.0402121))

Frame 44
Affine3((0.948921,-0.306707,0.0740222)(0.304443,0.951673,0.0404176)(-0.0828413,-0.0158176,0.996437)(0.0774087,0.0435971,-0.0321357))

Frame 45
Affine3((0.972818,-0.226534,0.0480381)(0.224766,0.97361,0.0395399)(-0.0557275,-0.0276678,0.998063)(0.0531316,0.0465276,-0.02323))

Frame 46
Affine3((0.987614,-0.15428,0.0285843)(0.153162,0.987475,0.0378704)(-0.034069,-0.0330233,0.998874)(0.0333267,0.0438438,-0.0145542))

Frame 47
Affine3((0.995586,-0.0926585,0.0149624)(0.0921304,0.995207,0.0327952)(-0.0179294,-0.031272,0.99935)(0.018199,0.0358027,-0.00734329))

Frame 48
Affine3((0.998975,-0.0448336,0.00620245)(0.0446544,0.998651,0.0265085)(-0.00738256,-0.0262044,0.999629)(0.00798821,0.0261062,-0.00185871))

Frame 49
Affine3((0.999907,-0.0135843,0.00135963)(0.0135556,0.999722,0.0192874)(-0.00162126,-0.0192672,0.999813)(0.0021727,0.0166851,0.00131011))

Frame 50
Affine3((0.999999,-0.00162114,-0.00018574)(0.0016231,0.999937,0.0110574)(0.000167787,-0.0110578,0.999939)(0.000179172,0.00880662,0.00152785))

