Frame 1
Affine3((1,-2.77224e-009,2.90427e-009)(-3.36606e-008,1,-6.53247e-010)(5.13323e-011,2.00462e-009,1)(0,0,0))

Frame 2
Affine3((0.995787,-0.0916922,-7.20897e-007)(0.0916923,0.995787,-4.75087e-008)(6.97889e-007,-3.3616e-008,1)(0.00875245,-0.0211873,7.06911e-005))

Frame 3
Affine3((0.955139,-0.296159,-5.09015e-006)(0.296159,0.955139,6.67955e-007)(4.64702e-006,-2.14352e-006,1)(0.0276976,-0.0728678,0.000180364))

Frame 4
Affine3((0.851543,-0.524286,-1.77162e-005)(0.524286,0.851542,-6.76223e-006)(1.86184e-005,-3.51814e-006,1)(0.0461533,-0.140466,0.000204206))

Frame 5
Affine3((0.707626,-0.706587,-1.86582e-005)(0.706587,0.707626,-2.52569e-006)(1.4965e-005,-1.13918e-005,1)(0.0544871,-0.203584,-1.19209e-007))

Frame 6
Affine3((0.548634,-0.836063,-2.52474e-005)(0.836063,0.548634,-1.19953e-005)(2.3847e-005,-1.45038e-005,1)(0.0498992,-0.250584,-0.00089407))

Frame 7
Affine3((0.377154,-0.926151,-3.33029e-005)(0.926151,0.377154,-8.62256e-006)(2.05287e-005,-2.75538e-005,1)(0.0353465,-0.290926,-0.00215244))

Frame 8
Affine3((0.218077,-0.975932,-3.59116e-005)(0.975932,0.218077,-7.89574e-006)(1.55282e-005,-3.33121e-005,1)(0.0141946,-0.325514,-0.00297964))

Frame 9
Affine3((0.0896326,-0.995975,-3.9101e-005)(0.995975,0.0896325,-1.21754e-005)(1.5608e-005,-3.78366e-005,1)(-0.00843201,-0.354684,-0.00259995))

Frame 10
Affine3((0.00242565,-0.999997,-4.06299e-005)(0.999997,0.00242566,-1.61518e-005)(1.6257e-005,-4.05776e-005,1)(-0.026147,-0.380135,-1.66893e-006))

Frame 11
Affine3((-0.0470573,-0.998892,-4.28373e-005)(0.998892,-0.0470574,-1.77967e-005)(1.57524e-005,-4.36274e-005,1)(-0.0363406,-0.404716,0.00585508))

Frame 12
Affine3((-0.0728269,-0.997345,-4.1462e-005)(0.997345,-0.072827,-1.89064e-005)(1.58193e-005,-4.27273e-005,1)(-0.04191,-0.428619,0.0141776))

Frame 13
Affine3((-0.0819985,-0.996632,-3.13717e-005)(0.996632,-0.0819986,-2.30859e-005)(2.04208e-005,-3.31172e-005,1)(-0.0438201,-0.451317,0.0238609))

Frame 14
Affine3((-0.0794114,-0.996842,-3.38792e-005)(0.996842,-0.0794114,-1.44813e-005)(1.17306e-005,-3.49001e-005,1)(-0.0429414,-0.472155,0.0339807))

Frame 15
Affine3((-0.0688131,-0.99763,-3.44486e-005)(0.99763,-0.0688132,-1.78375e-005)(1.54214e-005,-3.5573e-005,1)(-0.04012,-0.490455,0.0437032))

Frame 16
Affine3((-0.0532237,-0.998583,-2.73606e-005)(0.998583,-0.0532237,-1.48441e-005)(1.33638e-005,-2.80831e-005,1)(-0.0360598,-0.505442,0.0522172))

Frame 17
Affine3((-0.0354531,-0.999371,-1.39922e-005)(0.999371,-0.0354531,-2.29684e-005)(2.24349e-005,-1.47599e-005,1)(-0.0314635,-0.516197,0.0586705))

Frame 18
Affine3((-0.0181551,-0.999835,-7.69099e-006)(0.999835,-0.0181552,-2.2002e-005)(2.18461e-005,-8.06678e-006,1)(-0.0269606,-0.521592,0.0621116))

Frame 19
Affine3((-0.00434681,-0.999991,-6.44932e-006)(0.999991,-0.00434682,-1.64244e-005)(1.63918e-005,-6.48573e-006,1)(-0.0232481,-0.520244,0.0613985))

Frame 20
Affine3((0.0022936,-0.999997,-4.61912e-006)(0.999997,0.00229354,-1.6704e-005)(1.66989e-005,-4.57626e-006,1)(-0.0211372,-0.510348,0.0550683))

Frame 21
Affine3((-0.000264524,-1,2.44964e-006)(1,-0.000264564,-1.72038e-005)(1.71965e-005,2.49008e-006,1)(-0.0208298,-0.489409,0.0412183))

Frame 22
Affine3((-0.00885623,-0.999961,9.6495e-006)(0.999961,-0.00885632,-1.66662e-005)(1.67357e-005,9.50834e-006,1)(-0.0215651,-0.45791,0.020707))

Frame 23
Affine3((-0.0206497,-0.999787,1.43781e-005)(0.999787,-0.0206498,-1.57454e-005)(1.60296e-005,1.40728e-005,1)(-0.0229302,-0.418128,-0.00444114))

Frame 24
Affine3((-0.0333013,-0.999445,2.4959e-005)(0.999445,-0.0333014,-1.8834e-005)(1.96417e-005,2.43499e-005,1)(-0.0245824,-0.372419,-0.0324718))

Frame 25
Affine3((-0.044649,-0.999003,2.70692e-005)(0.999003,-0.0446491,-1.90197e-005)(2.01937e-005,2.62232e-005,1)(-0.0261831,-0.323127,-0.0617925))

Frame 26
Affine3((-0.052612,-0.998615,3.25481e-005)(0.998615,-0.0526121,-1.88198e-005)(2.04902e-005,3.15448e-005,1)(-0.0274056,-0.272642,-0.0908827))

Frame 27
Affine3((-0.0549312,-0.99849,4.11817e-005)(0.99849,-0.0549313,-1.59598e-005)(1.81795e-005,4.02737e-005,1)(-0.0278967,-0.223318,-0.11822))

Frame 28
Affine3((-0.0490047,-0.998798,4.0267e-005)(0.998798,-0.0490048,-1.56741e-005)(1.76123e-005,3.94649e-005,1)(-0.0272862,-0.177453,-0.1422))

Frame 29
Affine3((-0.0315577,-0.999502,4.00362e-005)(0.999502,-0.0315578,-1.64007e-005)(1.76431e-005,3.95132e-005,1)(-0.025167,-0.137302,-0.161053))

Frame 30
Affine3((0.00184738,-0.999998,4.79191e-005)(0.999998,0.00184737,-1.55719e-005)(1.54819e-005,4.79616e-005,1)(-0.0211182,-0.104975,-0.17272))

Frame 31
Affine3((0.0517377,-0.998661,4.99157e-005)(0.998661,0.0517377,-1.51845e-005)(1.25747e-005,5.06523e-005,1)(-0.0153197,-0.0788469,-0.177799))

Frame 32
Affine3((0.113611,-0.993525,4.11433e-005)(0.993525,0.113611,-1.58356e-005)(1.10492e-005,4.26877e-005,1)(-0.00864286,-0.0556828,-0.178906))

Frame 33
Affine3((0.185524,-0.98264,5.21444e-005)(0.98264,0.185524,-1.23062e-005)(2.40344e-006,5.35444e-005,1)(-0.00167611,-0.0351635,-0.176637))

Frame 34
Affine3((0.2653,-0.964166,4.63292e-005)(0.964166,0.2653,-1.33635e-005)(5.70833e-007,4.82418e-005,1)(0.00502186,-0.0170261,-0.17151))

Frame 35
Affine3((0.35051,-0.936559,4.06668e-005)(0.936559,0.35051,-1.34725e-005)(-1.6526e-006,4.28411e-005,1)(0.0110075,-0.00121114,-0.163983))

Frame 36
Affine3((0.438515,-0.898724,3.5973e-005)(0.898724,0.438515,-1.36701e-005)(-3.53178e-006,3.83406e-005,1)(0.0159282,0.0122717,-0.154465))

Frame 37
Affine3((0.526561,-0.850137,3.8568e-005)(0.850137,0.526561,-1.1253e-005)(-1.07566e-005,3.87441e-005,1)(0.0195553,0.0233495,-0.14333))

Frame 38
Affine3((0.6119,-0.790935,4.07783e-005)(0.790935,0.6119,-8.78123e-006)(-1.80217e-005,3.76276e-005,1)(0.0217656,0.0319422,-0.130926))

Frame 39
Affine3((0.691956,-0.72194,3.35846e-005)(0.72194,0.691956,-8.60415e-006)(-1.70626e-005,3.02134e-005,1)(0.0225501,0.037981,-0.117579))

Frame 40
Affine3((0.764483,-0.644644,2.5456e-005)(0.644644,0.764483,-9.44732e-006)(-1.34238e-005,2.36535e-005,1)(0.0220298,0.0414279,-0.103603))

Frame 41
Affine3((0.827731,-0.561125,1.88314e-005)(0.561125,0.827731,-9.48839e-006)(-1.02548e-005,1.84136e-005,1)(0.0204107,0.042335,-0.0893054))

Frame 42
Affine3((0.880557,-0.47394,2.20717e-005)(0.47394,0.880557,-6.15403e-006)(-1.65581e-005,1.58802e-005,1)(0.017972,0.0408571,-0.0749897))

Frame 43
Affine3((0.922507,-0.385979,1.62415e-005)(0.385979,0.922507,-6.6728e-006)(-1.24399e-005,1.24206e-005,1)(0.0149838,0.0372772,-0.060962))

Frame 44
Affine3((0.953846,-0.300296,1.53021e-005)(0.300296,0.953846,-5.24532e-006)(-1.30665e-005,9.60423e-006,1)(0.0117731,0.031996,-0.0475402))

Frame 45
Affine3((0.975504,-0.219983,7.35865e-006)(0.219983,0.975504,-6.12109e-006)(-5.87099e-006,7.58246e-006,1)(0.00860241,0.0255381,-0.035054))

Frame 46
Affine3((0.988981,-0.148043,1.40931e-006)(0.148043,0.988981,-5.59304e-006)(-5.81398e-007,5.72824e-006,1)(0.0057247,0.0185381,-0.023856))

Frame 47
Affine3((0.996178,-0.0873489,8.50536e-006)(0.0873489,0.996178,-3.24847e-006)(-8.22323e-006,3.97283e-006,1)(0.00334024,0.011718,-0.014329))

Frame 48
Affine3((0.999174,-0.0406386,4.5322e-007)(0.0406386,0.999174,-3.75947e-006)(-3.25326e-007,3.75751e-006,1)(0.00153335,0.00585652,-0.00689352))

Frame 49
Affine3((0.999944,-0.0105895,-3.04047e-006)(0.0105896,0.999944,-4.62257e-006)(3.06844e-006,4.57454e-006,1)(0.000415269,0.00176234,-0.0020256))

Frame 50
Affine3((1,6.83882e-005,6.59681e-006)(-6.83116e-005,1,-1.93752e-006)(-6.62374e-006,1.92497e-006,1)(4.99114e-005,0.000235021,-0.000267982))

