Frame 1
Affine3((1,7.31237e-009,9.65228e-009)(-1.00004e-008,1,6.19595e-009)(1.37138e-008,-1.7191e-008,1)(0,0,0))

Frame 2
Affine3((0.996773,-0.0801086,0.00512548)(0.0796885,0.995191,0.0569652)(-0.00966426,-0.056373,0.998363)(0.0143517,0.0218297,0.00981677))

Frame 3
Affine3((0.962328,-0.271693,-0.0103395)(0.270867,0.954716,0.123081)(-0.023569,-0.121245,0.992343)(0.0414036,0.0198427,0.0271298))

Frame 4
Affine3((0.865863,-0.499328,-0.0308742)(0.498504,0.855941,0.13733)(-0.0421464,-0.1343,0.990044)(0.0736015,-0.0367324,0.0337693))

Frame 5
Affine3((0.725541,-0.687607,-0.0280547)(0.685041,0.717744,0.12475)(-0.065643,-0.10973,0.991792)(0.100719,-0.117625,0.0298309))

Frame 6
Affine3((0.568522,-0.822564,-0.0130556)(0.817961,0.563503,0.11578)(-0.0878798,-0.0765026,0.993189)(0.114019,-0.189446,0.0245581))

Frame 7
Affine3((0.400885,-0.915996,-0.0155616)(0.909747,0.396034,0.124566)(-0.107939,-0.0640938,0.992089)(0.1151,-0.238556,0.0258772))

Frame 8
Affine3((0.242937,-0.969822,-0.0206476)(0.963231,0.238659,0.123399)(-0.114748,-0.0498667,0.992142)(0.0997667,-0.283618,0.0254482))

Frame 9
Affine3((0.111303,-0.993554,-0.0214792)(0.98853,0.108469,0.105088)(-0.102081,-0.0329296,0.994231)(0.0683602,-0.325997,0.02136))

Frame 10
Affine3((0.0158738,-0.999667,-0.0203592)(0.997805,0.0145284,0.0646102)(-0.0642929,-0.0213401,0.997703)(0.0226377,-0.361423,0.0146238))

Frame 11
Affine3((-0.042549,-0.998703,-0.0279709)(0.998859,-0.0431304,0.0205196)(-0.0216994,-0.0270659,0.999398)(-0.0197678,-0.382769,0.013046))

Frame 12
Affine3((-0.0679232,-0.996005,-0.0579771)(0.997419,-0.0691461,0.0193539)(-0.0232855,-0.0565129,0.99813)(-0.0241175,-0.383586,0.025876))

Frame 13
Affine3((-0.080285,-0.992798,-0.0889192)(0.996748,-0.0805828,-0.000241017)(-0.00692608,-0.0886494,0.996039)(-0.0385466,-0.38155,0.0378931))

Frame 14
Affine3((-0.0832274,-0.989475,-0.118377)(0.996292,-0.0800164,-0.0316325)(0.0218274,-0.120571,0.992465)(-0.0598255,-0.377928,0.0494558))

Frame 15
Affine3((-0.0796399,-0.986262,-0.144723)(0.99509,-0.0700991,-0.0698766)(0.0587717,-0.149577,0.987002)(-0.0856403,-0.373917,0.0606375))

Frame 16
Affine3((-0.0716818,-0.983402,-0.166683)(0.992486,-0.053709,-0.109943)(0.099166,-0.173311,0.979862)(-0.113126,-0.370484,0.0711042))

Frame 17
Affine3((-0.0611705,-0.981201,-0.18304)(0.988544,-0.0342053,-0.147003)(0.137978,-0.189936,0.972053)(-0.139035,-0.368183,0.0798309))

Frame 18
Affine3((-0.0501536,-0.980036,-0.19239)(0.983924,-0.0154246,-0.177922)(0.171403,-0.198221,0.965054)(-0.160975,-0.366991,0.0850214))

Frame 19
Affine3((-0.0409899,-0.980388,-0.192765)(0.979867,-0.00171321,-0.199647)(0.195401,-0.197068,0.96072)(-0.17633,-0.366543,0.0843136))

Frame 20
Affine3((-0.036545,-0.982776,-0.181151)(0.977918,0.00215624,-0.20898)(0.205771,-0.184788,0.960995)(-0.182449,-0.366499,0.0748486))

Frame 21
Affine3((-0.0378729,-0.98746,-0.153259)(0.979639,-0.00642894,-0.200663)(0.197161,-0.157739,0.967598)(-0.175209,-0.36731,0.0536771))

Frame 22
Affine3((-0.0404561,-0.993226,-0.108927)(0.985785,-0.0218838,-0.166582)(0.16307,-0.114118,0.979992)(-0.14876,-0.370646,0.0233533))

Frame 23
Affine3((-0.0395128,-0.99798,-0.0497406)(0.994635,-0.0345198,-0.0975198)(0.0956058,-0.053327,0.99399)(-0.0969471,-0.378419,-0.00912184))

Frame 24
Affine3((-0.0311868,-0.999249,0.0229889)(0.999452,-0.0309214,0.0118126)(-0.0110929,0.0233447,0.999666)(-0.0160459,-0.390485,-0.0331495))

Frame 25
Affine3((-0.0215947,-0.994089,0.1064)(0.993115,-0.00907268,0.116795)(-0.115139,0.108189,0.98744)(0.0610469,-0.403514,-0.0463307))

Frame 26
Affine3((-0.0168361,-0.98107,0.19292)(0.984268,0.0176782,0.175797)(-0.17588,0.192845,0.965338)(0.104905,-0.415927,-0.0591943))

Frame 27
Affine3((-0.0139116,-0.961397,0.274814)(0.980013,0.041437,0.194571)(-0.198448,0.272028,0.941605)(0.120941,-0.427399,-0.0748625))

Frame 28
Affine3((-0.00819433,-0.938155,0.346118)(0.980278,0.0608104,0.188035)(-0.197454,0.340833,0.919155)(0.120787,-0.43665,-0.0909217))

Frame 29
Affine3((0.00329432,-0.915649,0.401964)(0.983822,0.0749668,0.162707)(-0.179116,0.394926,0.901083)(0.109608,-0.442618,-0.106405))

Frame 30
Affine3((0.0238732,-0.898535,0.438253)(0.988864,0.0856369,0.121711)(-0.146892,0.430467,0.890573)(0.0905018,-0.444152,-0.120771))

Frame 31
Affine3((0.0540185,-0.887529,0.457574)(0.993273,0.0947653,0.0665505)(-0.102428,0.450901,0.886678)(0.0645135,-0.441853,-0.133946))

Frame 32
Affine3((0.0944181,-0.881274,0.463078)(0.993575,0.112572,0.0116512)(-0.0623976,0.459003,0.886241)(0.0430725,-0.432265,-0.14414))

Frame 33
Affine3((0.147492,-0.878991,0.453454)(0.988396,0.147828,-0.0349338)(-0.0363266,0.453345,0.890595)(0.0326583,-0.412043,-0.151556))

Frame 34
Affine3((0.213347,-0.87723,0.430059)(0.976711,0.201769,-0.0729671)(-0.0227639,0.435611,0.899847)(0.0314356,-0.381964,-0.156925))

Frame 35
Affine3((0.290909,-0.871938,0.393823)(0.956596,0.272481,-0.103335)(-0.0172077,0.406791,0.913359)(0.0351643,-0.342949,-0.160459))

Frame 36
Affine3((0.378568,-0.858505,0.345913)(0.92541,0.358099,-0.124024)(-0.0173956,0.367063,0.930034)(0.041332,-0.295459,-0.16152))

Frame 37
Affine3((0.472651,-0.832689,0.288496)(0.881072,0.453087,-0.135736)(-0.0176875,0.318342,0.947811)(0.0451139,-0.241975,-0.159234))

Frame 38
Affine3((0.568519,-0.79131,0.224976)(0.822512,0.552099,-0.136601)(-0.0161151,0.262706,0.964741)(0.0448759,-0.18505,-0.152529))

Frame 39
Affine3((0.660603,-0.73348,0.160031)(0.750673,0.648112,-0.128222)(-0.00966991,0.204835,0.978749)(0.0386327,-0.129378,-0.140923))

Frame 40
Affine3((0.744242,-0.66057,0.0987532)(0.66791,0.735897,-0.111136)(0.00074114,0.14867,0.988887)(0.0276501,-0.0785924,-0.124694))

Frame 41
Affine3((0.816252,-0.575889,0.0456544)(0.577557,0.811767,-0.0863813)(0.0126853,0.0968769,0.995216)(0.0144286,-0.0349007,-0.104916))

Frame 42
Affine3((0.874874,-0.484335,0.00385819)(0.483721,0.873302,-0.0579411)(0.0246935,0.0525574,0.998313)(0.000714637,-0.000514075,-0.0833695))

Frame 43
Affine3((0.920007,-0.391084,-0.0252934)(0.390299,0.920166,-0.0309938)(0.0353953,0.0186425,0.9992)(-0.0119874,0.0228298,-0.0621589))

Frame 44
Affine3((0.952861,-0.300466,-0.0421438)(0.300443,0.953774,-0.00702607)(0.0423068,-0.00596695,0.999087)(-0.0215153,0.0367422,-0.042753))

Frame 45
Affine3((0.975104,-0.21644,-0.0482272)(0.217206,0.976062,0.011187)(0.0446515,-0.0213837,0.998774)(-0.027068,0.0421049,-0.0263665))

Frame 46
Affine3((0.988723,-0.142559,-0.0458593)(0.143651,0.989396,0.0214675)(0.0423126,-0.0278132,0.998717)(-0.0283682,0.0399192,-0.0137762))

Frame 47
Affine3((0.995981,-0.0812496,-0.0376801)(0.0822382,0.996287,0.0254728)(0.0354705,-0.0284692,0.998965)(-0.0254821,0.0334897,-0.00481206))

Frame 48
Affine3((0.999024,-0.0353901,-0.0264219)(0.0359897,0.999097,0.0225733)(0.0255992,-0.0235022,0.999396)(-0.0194115,0.0237779,0.000434518))

Frame 49
Affine3((0.999872,-0.00660451,-0.0145577)(0.00685956,0.999822,0.0175433)(0.0144393,-0.017641,0.99974)(-0.0115704,0.0152025,0.00276929))

Frame 50
Affine3((0.999986,0.00308134,-0.0042109)(-0.00302294,0.9999,0.0138141)(0.00425301,-0.0138012,0.999896)(-0.00378719,0.01076,0.00253612))

