Frame 1
Affine3((1,6.54408e-009,3.67026e-008)(-1.34689e-009,1,-9.18059e-009)(1.75819e-008,2.58458e-009,1)(0,0,0))

Frame 2
Affine3((0.999938,-0.00187808,-0.0110144)(0.00184056,0.999993,-0.00341322)(0.0110207,0.00339276,0.999934)(-0.000109673,0.00137516,0.00313081))

Frame 3
Affine3((0.993743,-0.101658,-0.0462661)(0.101406,0.994815,-0.00775918)(0.046815,0.00301897,0.998899)(0.0038394,-0.0179361,0.0128871))

Frame 4
Affine3((0.947713,-0.310944,-0.0717936)(0.311586,0.950215,-0.00236487)(0.0689547,-0.0201286,0.997417)(0.0199294,-0.0697725,0.0192395))

Frame 5
Affine3((0.841949,-0.535628,-0.0650036)(0.536819,0.843697,0.00102624)(0.0542936,-0.0357592,0.997885)(0.0442991,-0.135994,0.0171246))

Frame 6
Affine3((0.701252,-0.711388,-0.0466225)(0.712171,0.702006,0.000259684)(0.0325445,-0.0333852,0.998913)(0.0612829,-0.194444,0.0122472))

Frame 7
Affine3((0.550943,-0.833093,-0.0491729)(0.834138,0.551554,0.00136826)(0.0259816,-0.0417708,0.998789)(0.0604537,-0.234215,0.0128027))

Frame 8
Affine3((0.389389,-0.919644,-0.0512946)(0.920926,0.389719,0.00381808)(0.0164792,-0.0487251,0.998676)(0.0474502,-0.271823,0.0131639))

Frame 9
Affine3((0.227881,-0.972622,-0.0455722)(0.973666,0.227945,0.00386535)(0.00662839,-0.0452528,0.998954)(0.0247594,-0.311223,0.0116959))

Frame 10
Affine3((0.0808359,-0.99613,-0.0345094)(0.99672,0.0809159,-0.00092396)(0.00371274,-0.0343215,0.999404)(-0.00499036,-0.350251,0.00928049))

Frame 11
Affine3((-0.0134086,-0.999312,-0.0345845)(0.99988,-0.0131329,-0.00818498)(0.00772516,-0.0346901,0.999368)(-0.0292259,-0.377167,0.0101125))

Frame 12
Affine3((-0.0234818,-0.997404,-0.068069)(0.999656,-0.0226268,-0.0133044)(0.0117297,-0.0683579,0.997592)(-0.0266191,-0.376172,0.0196403))

Frame 13
Affine3((-0.0333435,-0.994473,-0.0995575)(0.999312,-0.0315545,-0.0194904)(0.0162412,-0.100139,0.994841)(-0.0243343,-0.375683,0.0287555))

Frame 14
Affine3((-0.0428052,-0.990915,-0.127495)(0.998836,-0.0396062,-0.0275219)(0.0222222,-0.128525,0.991457)(-0.0223802,-0.375622,0.0371097))

Frame 15
Affine3((-0.0517518,-0.987189,-0.150927)(0.998226,-0.0466799,-0.0369585)(0.0294398,-0.152572,0.987854)(-0.0207236,-0.375926,0.0444077))

Frame 16
Affine3((-0.0587295,-0.983827,-0.169219)(0.997567,-0.0514592,-0.047038)(0.0375694,-0.171569,0.984455)(-0.0196632,-0.376268,0.0503818))

Frame 17
Affine3((-0.0643917,-0.981279,-0.181507)(0.996931,-0.0551412,-0.055564)(0.0445153,-0.184528,0.981819)(-0.0188875,-0.376755,0.0545912))

Frame 18
Affine3((-0.0666385,-0.980037,-0.187316)(0.996692,-0.0566295,-0.0582918)(0.0465205,-0.190581,0.980569)(-0.0187751,-0.377042,0.0564637))

Frame 19
Affine3((-0.0645726,-0.980451,-0.185864)(0.997172,-0.0562172,-0.049884)(0.0384601,-0.18856,0.981308)(-0.0192582,-0.377091,0.0552395))

Frame 20
Affine3((-0.0561757,-0.982915,-0.175276)(0.998316,-0.0527497,-0.0241481)(0.0144898,-0.176337,0.984223)(-0.0208021,-0.376805,0.0498815))

Frame 21
Affine3((-0.0398677,-0.987786,-0.150634)(0.998753,-0.0439269,0.0237163)(-0.0300435,-0.149501,0.988305)(-0.0238137,-0.37647,0.0387798))

Frame 22
Affine3((-0.0165532,-0.993981,-0.108291)(0.996427,-0.0253702,0.0805565)(-0.082819,-0.106571,0.99085)(-0.0288167,-0.376486,0.0223178))

Frame 23
Affine3((0.00786678,-0.998804,-0.0482626)(0.993022,0.00212377,0.11791)(-0.117667,-0.0488534,0.991851)(-0.0348187,-0.377494,0.00284631))

Frame 24
Affine3((0.0238289,-0.999456,0.022805)(0.99505,0.025913,0.0959408)(-0.0964796,0.020406,0.995126)(-0.0395455,-0.379336,-0.0146145))

Frame 25
Affine3((0.0314539,-0.994784,0.0970318)(0.998999,0.0343798,0.0286304)(-0.031817,0.0960342,0.994869)(-0.0432464,-0.381446,-0.0289137))

Frame 26
Affine3((0.0428862,-0.983912,0.173431)(0.998984,0.0398298,-0.0210671)(0.0138204,0.174159,0.984621)(-0.0479093,-0.384851,-0.0451046))

Frame 27
Affine3((0.0596675,-0.966571,0.24936)(0.997804,0.0505507,-0.0428121)(0.0287756,0.251367,0.967464)(-0.0529865,-0.390492,-0.0636512))

Frame 28
Affine3((0.0773532,-0.944696,0.318693)(0.996559,0.0637181,-0.0530063)(0.0297683,0.321697,0.946375)(-0.057696,-0.397551,-0.0815264))

Frame 29
Affine3((0.0930628,-0.921942,0.375981)(0.995356,0.076815,-0.0580127)(0.0246034,0.379634,0.92481)(-0.0615371,-0.404818,-0.0966617))

Frame 30
Affine3((0.104402,-0.90303,0.416698)(0.994373,0.0872127,-0.0601363)(0.0179636,0.420631,0.907054)(-0.0640192,-0.410859,-0.107531))

Frame 31
Affine3((0.111948,-0.889494,0.443022)(0.993653,0.0952655,-0.0598163)(0.0110015,0.446906,0.894513)(-0.0653604,-0.415253,-0.114687))

Frame 32
Affine3((0.125087,-0.881134,0.456022)(0.992145,0.110606,-0.0584307)(0.00104661,0.459749,0.888048)(-0.0629569,-0.412618,-0.118336))

Frame 33
Affine3((0.151428,-0.87818,0.453728)(0.988305,0.142851,-0.0533531)(-0.0179619,0.456501,0.889542)(-0.0558387,-0.39857,-0.118129))

Frame 34
Affine3((0.189599,-0.878924,0.437658)(0.981043,0.187782,-0.0478883)(-0.0400944,0.438441,0.897865)(-0.0463305,-0.374585,-0.114172))

Frame 35
Affine3((0.238828,-0.880692,0.409076)(0.969055,0.243226,-0.0421207)(-0.0624024,0.406477,0.911528)(-0.0361791,-0.342655,-0.106761))

Frame 36
Affine3((0.29853,-0.880071,0.369262)(0.951198,0.306026,-0.0396371)(-0.0781202,0.363074,0.92848)(-0.0268566,-0.304672,-0.0960493))

Frame 37
Affine3((0.367548,-0.873178,0.320108)(0.92596,0.375655,-0.0384929)(-0.086639,0.310555,0.946599)(-0.0193158,-0.263164,-0.0826771))

Frame 38
Affine3((0.443906,-0.856134,0.264542)(0.89205,0.45016,-0.040029)(-0.0848158,0.253754,0.963543)(-0.0141229,-0.22042,-0.0673743))

Frame 39
Affine3((0.525186,-0.825684,0.205975)(0.847658,0.528965,-0.0408823)(-0.0751977,0.196067,0.977703)(-0.0114787,-0.178876,-0.0513501))

Frame 40
Affine3((0.607805,-0.780032,0.148739)(0.791922,0.609241,-0.0410607)(-0.0585894,0.142747,0.988024)(-0.0110337,-0.140353,-0.03578))

Frame 41
Affine3((0.687828,-0.719311,0.0973873)(0.72495,0.687507,-0.042198)(-0.0366011,0.0996259,0.994352)(-0.0120952,-0.106057,-0.0217572))

Frame 42
Affine3((0.76224,-0.644969,0.0548242)(0.647144,0.76115,-0.0430659)(-0.0139533,0.0683058,0.997567)(-0.0140117,-0.0768422,-0.0101819))

Frame 43
Affine3((0.82836,-0.559754,0.0222804)(0.560178,0.827345,-0.0412542)(0.00465855,0.0466543,0.9989)(-0.0159503,-0.0530894,-0.00158092))

Frame 44
Affine3((0.884102,-0.467294,0.000458229)(0.466939,0.883391,-0.0398406)(0.0182124,0.0354371,0.999206)(-0.0172843,-0.0346219,0.00410803))

Frame 45
Affine3((0.92802,-0.372348,-0.0116873)(0.371685,0.92757,-0.0382724)(0.0250914,0.0311736,0.999199)(-0.017298,-0.020972,0.00716676))

Frame 46
Affine3((0.960146,-0.279025,-0.0162874)(0.278335,0.959835,-0.0353099)(0.0254855,0.0293694,0.999244)(-0.0158077,-0.0115722,0.00804485))

Frame 47
Affine3((0.981173,-0.192529,-0.0152452)(0.191953,0.980849,-0.0329973)(0.0213062,0.0294497,0.999339)(-0.0128599,-0.00551421,0.00746158))

Frame 48
Affine3((0.993105,-0.116694,-0.0112102)(0.116338,0.992805,-0.0283438)(0.0144371,0.0268442,0.999535)(-0.00895399,-0.00208777,0.00583504))

Frame 49
Affine3((0.998352,-0.0570759,-0.0060386)(0.056922,0.99811,-0.0231567)(0.00734886,0.0227748,0.999714)(-0.00474674,-0.000246674,0.00388438))

Frame 50
Affine3((0.999849,-0.0173313,-0.00156772)(0.0173036,0.999719,-0.0162154)(0.00184827,0.0161858,0.999867)(-0.00132352,0.000534162,0.001976))

