Frame 1
Affine3((1,1.11454e-008,-1.65074e-009)(-9.38665e-009,1,5.3901e-009)(3.00047e-008,4.80722e-009,1)(0,0,0))

Frame 2
Affine3((0.995787,-0.0916921,-2.6779e-006)(0.0916921,0.995787,-1.26734e-006)(2.75198e-006,1.01884e-006,1)(0.00874983,-0.0211888,7.06911e-005))

Frame 3
Affine3((0.955135,-0.29617,-3.08532e-006)(0.29617,0.955135,5.51498e-007)(2.78747e-006,-1.43881e-006,1)(0.0277004,-0.0728698,0.000180602))

Frame 4
Affine3((0.851546,-0.52428,-1.32332e-005)(0.52428,0.851546,-3.42941e-006)(1.3007e-005,-3.96765e-006,1)(0.046162,-0.140466,0.000205278))

Frame 5
Affine3((0.707615,-0.706598,-1.74738e-005)(0.706598,0.707615,-4.59699e-006)(1.56012e-005,-9.10479e-006,1)(0.0544866,-0.203589,5.96046e-007))

Frame 6
Affine3((0.548642,-0.836057,-2.87688e-005)(0.836057,0.548642,-8.68388e-006)(2.30599e-005,-1.93699e-005,1)(0.0499009,-0.250577,-0.000892878))

Frame 7
Affine3((0.377148,-0.926153,-3.12309e-005)(0.926153,0.377148,-1.12309e-005)(2.21807e-005,-2.46674e-005,1)(0.0353446,-0.290931,-0.0021522))

Frame 8
Affine3((0.218067,-0.975934,-3.81115e-005)(0.975934,0.218067,-1.28129e-005)(2.08106e-005,-3.4348e-005,1)(0.0141872,-0.325514,-0.00297928))

Frame 9
Affine3((0.0896292,-0.995975,-4.42336e-005)(0.995975,0.0896292,-1.60311e-005)(1.9915e-005,-4.26264e-005,1)(-0.00843759,-0.354679,-0.00259948))

Frame 10
Affine3((0.00243023,-0.999997,-4.50142e-005)(0.999997,0.00243021,-1.54695e-005)(1.55912e-005,-4.49527e-005,1)(-0.0261461,-0.38013,5.96046e-007))

Frame 11
Affine3((-0.0470495,-0.998893,-4.39962e-005)(0.998893,-0.0470496,-1.75013e-005)(1.54442e-005,-4.4731e-005,1)(-0.0363397,-0.404714,0.0058552))

Frame 12
Affine3((-0.0728197,-0.997345,-4.19908e-005)(0.997345,-0.0728197,-1.7254e-005)(1.41611e-005,-4.31032e-005,1)(-0.0419074,-0.428618,0.0141789))

Frame 13
Affine3((-0.0819758,-0.996634,-3.96421e-005)(0.996634,-0.0819758,-1.89837e-005)(1.56887e-005,-4.10686e-005,1)(-0.0438127,-0.451304,0.0238606))

Frame 14
Affine3((-0.079411,-0.996842,-3.41341e-005)(0.996842,-0.079411,-1.78903e-005)(1.51147e-005,-3.54424e-005,1)(-0.0429465,-0.472154,0.0339808))

Frame 15
Affine3((-0.0688177,-0.997629,-3.09764e-005)(0.997629,-0.0688177,-1.77736e-005)(1.55657e-005,-3.22022e-005,1)(-0.0401202,-0.490462,0.0437042))

Frame 16
Affine3((-0.0532373,-0.998582,-2.56186e-005)(0.998582,-0.0532372,-1.77625e-005)(1.63795e-005,-2.6529e-005,1)(-0.0360643,-0.505445,0.0522178))

Frame 17
Affine3((-0.0354286,-0.999372,-2.17512e-005)(0.999372,-0.0354286,-1.58804e-005)(1.50972e-005,-2.22557e-005,1)(-0.0314537,-0.516185,0.0586727))

Frame 18
Affine3((-0.0181317,-0.999836,-1.6443e-005)(0.999836,-0.0181317,-1.90099e-005)(1.8688e-005,-1.68264e-005,1)(-0.0269562,-0.521578,0.0621128))

Frame 19
Affine3((-0.0043552,-0.999991,-7.9524e-006)(0.999991,-0.00435519,-1.62033e-005)(1.61682e-005,-8.0064e-006,1)(-0.0232484,-0.520243,0.0613992))

Frame 20
Affine3((0.00228157,-0.999997,-3.31684e-006)(0.999997,0.00228159,-1.3932e-005)(1.39443e-005,-3.25353e-006,1)(-0.0211345,-0.510352,0.0550698))

Frame 21
Affine3((-0.000277864,-1,5.36108e-006)(1,-0.00027785,-1.49926e-005)(1.50005e-005,5.41604e-006,1)(-0.0208276,-0.489415,0.0412191))

Frame 22
Affine3((-0.008869,-0.999961,9.16501e-006)(0.999961,-0.00886898,-1.67785e-005)(1.68662e-005,9.04052e-006,1)(-0.0215658,-0.457911,0.020708))

Frame 23
Affine3((-0.0206579,-0.999787,1.44377e-005)(0.999787,-0.0206579,-1.94131e-005)(1.97156e-005,1.40856e-005,1)(-0.0229352,-0.41813,-0.00444067))

Frame 24
Affine3((-0.0333007,-0.999445,1.9401e-005)(0.999445,-0.0333006,-1.53341e-005)(1.5966e-005,1.88496e-005,1)(-0.0245779,-0.372413,-0.0324699))

Frame 25
Affine3((-0.0446347,-0.999003,2.09168e-005)(0.999003,-0.0446347,-2.50394e-005)(2.59555e-005,1.97787e-005,1)(-0.0261893,-0.323119,-0.0617912))

Frame 26
Affine3((-0.0526048,-0.998615,3.03417e-005)(0.998615,-0.0526048,-2.02432e-005)(2.1822e-005,2.92571e-005,1)(-0.0274066,-0.272639,-0.0908817))

Frame 27
Affine3((-0.0549276,-0.99849,3.53688e-005)(0.99849,-0.0549277,-2.11777e-005)(2.30809e-005,3.41652e-005,1)(-0.0279027,-0.22331,-0.11822))

Frame 28
Affine3((-0.0490116,-0.998798,4.12521e-005)(0.998798,-0.0490116,-1.59958e-005)(1.79959e-005,4.03821e-005,1)(-0.0272869,-0.177456,-0.1422))

Frame 29
Affine3((-0.0315625,-0.999502,4.34429e-005)(0.999502,-0.0315624,-1.46009e-005)(1.59711e-005,4.29612e-005,1)(-0.0251651,-0.137308,-0.161051))

Frame 30
Affine3((0.00185717,-0.999998,4.41199e-005)(0.999998,0.00185716,-1.88427e-005)(1.87543e-005,4.41489e-005,1)(-0.0211222,-0.104969,-0.17272))

Frame 31
Affine3((0.0517455,-0.99866,4.458e-005)(0.99866,0.0517455,-1.82912e-005)(1.59576e-005,4.5426e-005,1)(-0.0153238,-0.0788397,-0.177799))

Frame 32
Affine3((0.113613,-0.993525,4.56282e-005)(0.993525,0.113613,-1.72723e-005)(1.19684e-005,4.727e-005,1)(-0.00864325,-0.0556907,-0.178905))

Frame 33
Affine3((0.185527,-0.982639,4.40679e-005)(0.982639,0.185527,-1.42532e-005)(5.81432e-006,4.58894e-005,1)(-0.00168101,-0.0351528,-0.176636))

Frame 34
Affine3((0.265302,-0.964166,4.38084e-005)(0.964166,0.265302,-1.38575e-005)(1.74322e-006,4.597e-005,1)(0.00502042,-0.0170233,-0.17151))

Frame 35
Affine3((0.350515,-0.936557,4.03594e-005)(0.936557,0.350515,-1.43808e-005)(-6.89944e-007,4.28108e-005,1)(0.0110069,-0.00121187,-0.163982))

Frame 36
Affine3((0.438528,-0.898717,3.53938e-005)(0.898717,0.438528,-1.78904e-005)(5.50994e-007,3.95664e-005,1)(0.0159242,0.0122699,-0.154465))

Frame 37
Affine3((0.526567,-0.850133,3.27702e-005)(0.850133,0.526567,-1.2941e-005)(-6.26794e-006,3.46941e-005,1)(0.0195498,0.0233547,-0.14333))

Frame 38
Affine3((0.611906,-0.79093,3.17405e-005)(0.79093,0.611906,-1.37942e-005)(-8.53891e-006,3.35839e-005,1)(0.0217525,0.0319487,-0.130926))

Frame 39
Affine3((0.691957,-0.721939,2.96606e-005)(0.721939,0.691957,-1.17547e-005)(-1.20552e-005,2.95502e-005,1)(0.0225437,0.037982,-0.117579))

Frame 40
Affine3((0.764485,-0.644641,2.46207e-005)(0.644641,0.764485,-9.4516e-006)(-1.27464e-005,2.31091e-005,1)(0.0220299,0.0414281,-0.103603))

Frame 41
Affine3((0.827731,-0.561125,2.45837e-005)(0.561125,0.827731,-6.70825e-006)(-1.66163e-005,1.93863e-005,1)(0.0204203,0.0423329,-0.089305))

Frame 42
Affine3((0.880556,-0.473942,1.94199e-005)(0.473942,0.880556,-6.77961e-006)(-1.39267e-005,1.51887e-005,1)(0.017969,0.0408575,-0.0749885))

Frame 43
Affine3((0.922508,-0.385979,1.62311e-005)(0.385979,0.922508,-7.12241e-006)(-1.2232e-005,1.28236e-005,1)(0.0149844,0.0372765,-0.0609611))

Frame 44
Affine3((0.953848,-0.300289,1.02351e-005)(0.300289,0.953848,-1.01813e-005)(-6.71184e-006,1.27454e-005,1)(0.0117645,0.0319925,-0.0475401))

Frame 45
Affine3((0.975503,-0.219985,1.13279e-005)(0.219985,0.975503,-2.71049e-006)(-1.04331e-005,5.12382e-006,1)(0.00860985,0.0255408,-0.0350528))

Frame 46
Affine3((0.98898,-0.148047,7.44439e-006)(0.148047,0.98898,-2.57885e-006)(-6.99379e-006,3.67111e-006,1)(0.00573568,0.0185403,-0.023855))

Frame 47
Affine3((0.996178,-0.0873489,4.68537e-006)(0.0873489,0.996178,-3.21489e-006)(-4.39128e-006,3.62717e-006,1)(0.00333523,0.0117181,-0.0143278))

Frame 48
Affine3((0.999174,-0.0406472,5.31432e-006)(0.0406472,0.999174,-7.30203e-007)(-5.20548e-006,9.19881e-007,1)(0.00154174,0.00585963,-0.00689232))

Frame 49
Affine3((0.999944,-0.0105803,-2.0069e-006)(0.0105802,0.999944,-6.62564e-006)(2.0599e-006,6.59193e-006,1)(0.000418149,0.00176023,-0.00202405))

Frame 50
Affine3((1,6.76963e-005,6.80261e-007)(-6.77257e-005,1,-6.02702e-006)(-7.22859e-007,6.03951e-006,1)(4.19561e-005,0.000229686,-0.000267744))

