Frame 1
Affine3((1,-9.04319e-010,1.52017e-009)(-1.90931e-010,1,-1.64071e-009)(2.63417e-010,-5.37909e-009,1)(0,0,0))

Frame 2
Affine3((0.995867,-0.0905799,0.00658824)(0.090583,0.995889,-0.000176552)(-0.00654515,0.000772616,0.999978)(0.0147178,-0.0221882,-0.00181305))

Frame 3
Affine3((0.95599,-0.292554,0.0222421)(0.292639,0.956223,-0.000601071)(-0.0210926,0.00708354,0.999752)(0.0467567,-0.0802982,-0.00601155))

Frame 4
Affine3((0.854376,-0.517961,0.0419288)(0.518457,0.855103,-0.00114013)(-0.0352629,0.0227124,0.99912)(0.0776348,-0.162874,-0.0110759))

Frame 5
Affine3((0.713229,-0.698226,0.0615234)(0.699623,0.71451,-0.00166822)(-0.0427943,0.0442331,0.998104)(0.0920616,-0.24613,-0.0159734))

Frame 6
Affine3((0.557088,-0.826861,0.0771566)(0.82942,0.558622,-0.00203616)(-0.0414178,0.0651295,0.997017)(0.0854204,-0.312255,-0.0203256))

Frame 7
Affine3((0.387616,-0.917921,0.0846988)(0.921298,0.388853,-0.00205073)(-0.031053,0.0788277,0.996404)(0.060834,-0.364526,-0.0231057))

Frame 8
Affine3((0.228129,-0.970402,0.0792325)(0.973489,0.228728,-0.00154085)(-0.0166275,0.0774835,0.996855)(0.0266603,-0.396628,-0.0225981))

Frame 9
Affine3((0.0947985,-0.994028,0.0540519)(0.995485,0.0949198,-0.000323972)(-0.00480857,0.0538386,0.998538)(-0.00530717,-0.402517,-0.0161853))

Frame 10
Affine3((-0.00515927,-0.999987,-0.000662742)(0.999986,-0.00516017,0.0013627)(-0.0013661,-0.000655703,0.999999)(-0.0227029,-0.377136,0.00147581))

Frame 11
Affine3((-0.192493,-0.976908,-0.0927233)(0.981201,-0.192942,-0.00418022)(-0.0138066,-0.0917849,0.995683)(0.00143543,-0.361796,0.0450737))

Frame 12
Affine3((-0.411679,-0.897106,-0.160377)(0.905816,-0.42213,0.0361019)(-0.100087,-0.13041,0.986395)(0.101146,-0.436969,0.105258))

Frame 13
Affine3((-0.561049,-0.795253,-0.229774)(0.786047,-0.598852,0.153316)(-0.259526,-0.0945954,0.961092)(0.256051,-0.588808,0.202658))

Frame 14
Affine3((-0.606287,-0.728075,-0.319879)(0.64842,-0.685466,0.331192)(-0.460398,-0.0066182,0.887688)(0.432052,-0.768718,0.369192))

Frame 15
Affine3((-0.54214,-0.730918,-0.414539)(0.510036,-0.678295,0.528942)(-0.667793,0.0753305,0.740526)(0.596924,-0.905359,0.615939))

Frame 16
Affine3((-0.378561,-0.794131,-0.475444)(0.37649,-0.601375,0.704701)(-0.845545,0.0877725,0.52664)(0.718321,-0.939741,0.915378))

Frame 17
Affine3((-0.139761,-0.869676,-0.473424)(0.249925,-0.493619,0.832993)(-0.958125,-0.00190021,0.286342)(0.766759,-0.856658,1.21253))

Frame 18
Affine3((0.132992,-0.902159,-0.410392)(0.136413,-0.393467,0.909162)(-0.981684,-0.176894,0.0707385)(0.728597,-0.691421,1.45367))

Frame 19
Affine3((0.386816,-0.864693,-0.320436)(0.0471086,-0.328503,0.943327)(-0.920953,-0.37999,-0.0863358)(0.621559,-0.509257,1.6122))

Frame 20
Affine3((0.56053,-0.786732,-0.258571)(-0.00647594,-0.316388,0.948608)(-0.828109,-0.530049,-0.18244)(0.512561,-0.380867,1.69527))

Frame 21
Affine3((0.566315,-0.769197,-0.296012)(-0.0121286,-0.366894,0.930184)(-0.8241,-0.523187,-0.217107)(0.545631,-0.376119,1.71884))

Frame 22
Affine3((0.300222,-0.858015,-0.416745)(0.0579443,-0.419688,0.905817)(-0.952108,-0.296094,-0.0762825)(0.796249,-0.534155,1.57781))

Frame 23
Affine3((-0.132872,-0.89387,-0.428184)(0.229736,-0.448025,0.863999)(-0.96414,0.0164321,0.264884)(0.997716,-0.768086,1.19445))

Frame 24
Affine3((-0.322883,-0.881703,-0.344016)(0.450436,-0.462837,0.763472)(-0.832379,0.0915551,0.546592)(0.992976,-0.767656,0.821879))

Frame 25
Affine3((-0.294006,-0.905074,-0.307247)(0.661008,-0.424723,0.61861)(-0.690383,-0.0212174,0.723133)(0.90585,-0.552795,0.553272))

Frame 26
Affine3((-0.186768,-0.921185,-0.341374)(0.839607,-0.330094,0.431391)(-0.510076,-0.20605,0.835084)(0.744032,-0.25214,0.361788))

Frame 27
Affine3((-0.0865528,-0.892614,-0.442434)(0.96245,-0.189611,0.194259)(-0.257289,-0.409007,0.875508)(0.494517,0.0626961,0.256621))

Frame 28
Affine3((0.000421819,-0.847941,-0.53009)(0.999738,0.0124941,-0.0191903)(0.0228953,-0.529943,0.847724)(0.199375,0.297899,0.226004))

Frame 29
Affine3((0.110595,-0.816319,-0.566914)(0.95765,0.240107,-0.158918)(0.265848,-0.52533,0.808303)(-0.0846958,0.407615,0.214849))

Frame 30
Affine3((0.24816,-0.773751,-0.58286)(0.860561,0.452356,-0.234112)(0.444804,-0.44349,0.778117)(-0.323592,0.421196,0.212467))

Frame 31
Affine3((0.400931,-0.68484,-0.60848)(0.720339,0.646039,-0.252478)(0.566009,-0.337086,0.752334)(-0.516552,0.387746,0.230417))

Frame 32
Affine3((0.497689,-0.561801,-0.660821)(0.575121,0.784058,-0.233427)(0.649262,-0.263878,0.713321)(-0.662974,0.360612,0.282629))

Frame 33
Affine3((0.515613,-0.466697,-0.718566)(0.482814,0.851073,-0.206312)(0.707837,-0.240557,0.664152)(-0.753541,0.360878,0.352631))

Frame 34
Affine3((0.533469,-0.39826,-0.74619)(0.415982,0.891679,-0.178516)(0.736458,-0.215169,0.641352)(-0.800395,0.34711,0.391891))

Frame 35
Affine3((0.592282,-0.329166,-0.735427)(0.341912,0.929166,-0.140519)(0.729588,-0.168225,0.662874)(-0.812334,0.302568,0.380618))

Frame 36
Affine3((0.67121,-0.247328,-0.698789)(0.256215,0.962001,-0.0943863)(0.69558,-0.115687,0.709074)(-0.797221,0.243939,0.34042))

Frame 37
Affine3((0.749126,-0.148978,-0.645458)(0.159496,0.986282,-0.0425299)(0.64294,-0.071088,0.762611)(-0.761493,0.18582,0.290591))

Frame 38
Affine3((0.817625,-0.0386986,-0.574449)(0.0549069,0.998432,0.0108893)(0.573127,-0.0404446,0.818468)(-0.703873,0.135545,0.234761))

Frame 39
Affine3((0.870432,0.0747838,-0.486576)(-0.0520101,0.996832,0.0601666)(0.489534,-0.027064,0.871564)(-0.625238,0.0987571,0.176917))

Frame 40
Affine3((0.905,0.17999,-0.38546)(-0.153455,0.983202,0.0988166)(0.396771,-0.0302783,0.917418)(-0.528397,0.0778349,0.121174))

Frame 41
Affine3((0.923288,0.265036,-0.278021)(-0.24005,0.963188,0.121014)(0.29986,-0.0449922,0.952922)(-0.417784,0.07073,0.0713871))

Frame 42
Affine3((0.931298,0.320075,-0.173885)(-0.301853,0.945331,0.123425)(0.203884,-0.0624574,0.977001)(-0.299547,0.070856,0.0306216))

Frame 43
Affine3((0.937074,0.338973,-0.0836021)(-0.329775,0.937995,0.106837)(0.114633,-0.072544,0.990756)(-0.182418,0.0687564,0.000742197))

Frame 44
Affine3((0.947343,0.319836,-0.0156721)(-0.317798,0.94506,0.0765887)(0.0393069,-0.0675753,0.99694)(-0.078279,0.0561837,-0.0178857))

Frame 45
Affine3((0.963637,0.265939,0.0260891)(-0.266839,0.962862,0.0411565)(-0.0141751,-0.0466215,0.998812)(-0.000354499,0.0314229,-0.0262857))

Frame 46
Affine3((0.981129,0.188336,0.0437776)(-0.188904,0.981953,0.00918058)(-0.0412585,-0.0172771,0.998999)(0.0429747,0.00175017,-0.0266007))

Frame 47
Affine3((0.993269,0.107035,0.0442613)(-0.106528,0.994216,-0.0136695)(-0.0454685,0.00886245,0.998926)(0.0546867,-0.0219309,-0.021688))

Frame 48
Affine3((0.998369,0.0439566,0.0364301)(-0.0430166,0.998731,-0.0261975)(-0.0375354,0.0245877,0.998993)(0.0478589,-0.0344889,-0.0147416))

Frame 49
Affine3((0.999543,0.0107644,0.028244)(-0.00988921,0.999472,-0.0309468)(-0.0285622,0.0306533,0.999122)(0.037097,-0.0389879,-0.00884318))

Frame 50
Affine3((0.999685,0.00298742,0.0249122)(-0.00219413,0.999492,-0.03181)(-0.0249945,0.0317453,0.999183)(0.0322664,-0.0401327,-0.00648612))

