Frame 1
Affine3((1,2.17219e-009,1.14759e-008)(-1.90868e-008,1,-4.34287e-009)(4.15013e-009,7.78278e-009,1)(0,0,0))

Frame 2
Affine3((0.995789,-0.0916772,-2.64487e-006)(0.0916773,0.995789,-2.38478e-006)(2.86466e-006,2.1374e-006,1)(0.00874789,-0.0211865,6.98566e-005))

Frame 3
Affine3((0.955151,-0.296118,-4.05957e-006)(0.296118,0.955151,-9.40664e-006)(6.65219e-006,7.78029e-006,1)(0.0276922,-0.072869,0.000179648))

Frame 4
Affine3((0.851561,-0.524255,-1.26237e-005)(0.524255,0.851561,-8.91981e-006)(1.54208e-005,9.90161e-007,1)(0.0461592,-0.140465,0.000203252))

Frame 5
Affine3((0.707656,-0.706557,-1.43335e-005)(0.706557,0.707656,-1.55821e-005)(2.11432e-005,9.1867e-007,1)(0.0544828,-0.203588,-4.76837e-007))

Frame 6
Affine3((0.548662,-0.836044,-2.40518e-005)(0.836044,0.548662,-1.28758e-005)(2.39561e-005,-1.30274e-005,1)(0.0499026,-0.250579,-0.000894427))

Frame 7
Affine3((0.377168,-0.926145,-3.39401e-005)(0.926145,0.377168,-1.0188e-005)(2.22364e-005,-2.75556e-005,1)(0.0353475,-0.290924,-0.00215256))

Frame 8
Affine3((0.218095,-0.975927,-3.46244e-005)(0.975927,0.218095,-1.51921e-005)(2.23916e-005,-3.04614e-005,1)(0.0141911,-0.325513,-0.00297952))

Frame 9
Affine3((0.089637,-0.995974,-4.01706e-005)(0.995974,0.089637,-1.62554e-005)(1.97837e-005,-3.85155e-005,1)(-0.00843573,-0.354682,-0.00260019))

Frame 10
Affine3((0.00244975,-0.999997,-4.06519e-005)(0.999997,0.00244968,-2.00747e-005)(2.01929e-005,-4.05564e-005,1)(-0.0261476,-0.380132,-7.15256e-007))

Frame 11
Affine3((-0.0470379,-0.998893,-4.08396e-005)(0.998893,-0.047038,-1.67483e-005)(1.48073e-005,-4.15801e-005,1)(-0.0363362,-0.404717,0.0058558))

Frame 12
Affine3((-0.0727974,-0.997347,-3.9069e-005)(0.997347,-0.0727974,-2.14303e-005)(1.85305e-005,-4.05171e-005,1)(-0.0419068,-0.428619,0.0141771))

Frame 13
Affine3((-0.0819561,-0.996636,-3.38356e-005)(0.996636,-0.0819561,-1.88984e-005)(1.60687e-005,-3.5257e-005,1)(-0.0438085,-0.451309,0.0238612))

Frame 14
Affine3((-0.0794068,-0.996842,-3.46415e-005)(0.996842,-0.0794069,-1.79667e-005)(1.51659e-005,-3.59605e-005,1)(-0.0429456,-0.472153,0.0339805))

Frame 15
Affine3((-0.068765,-0.997633,-2.89308e-005)(0.997633,-0.068765,-2.71652e-005)(2.51091e-005,-3.07199e-005,1)(-0.0401202,-0.490457,0.0437024))

Frame 16
Affine3((-0.0531792,-0.998585,-2.11401e-005)(0.998585,-0.0531792,-2.63375e-005)(2.51738e-005,-2.25036e-005,1)(-0.0360625,-0.505443,0.0522165))

Frame 17
Affine3((-0.035412,-0.999373,-1.87428e-005)(0.999373,-0.0354121,-2.01963e-005)(1.95192e-005,-1.94577e-005,1)(-0.0314555,-0.516186,0.0586706))

Frame 18
Affine3((-0.0181129,-0.999836,-1.56584e-005)(0.999836,-0.018113,-2.21313e-005)(2.18483e-005,-1.60372e-005,1)(-0.0269556,-0.521577,0.0621113))

Frame 19
Affine3((-0.00428852,-0.999991,-6.16556e-006)(0.999991,-0.00428853,-2.90148e-005)(2.90079e-005,-6.27039e-006,1)(-0.0232501,-0.520237,0.0613972))

Frame 20
Affine3((0.00229602,-0.999997,-8.91382e-007)(0.999997,0.00229599,-2.114e-005)(2.11499e-005,-8.20193e-007,1)(-0.0211411,-0.510352,0.0550668))

Frame 21
Affine3((-0.000263747,-1,6.68192e-006)(1,-0.000263805,-2.05234e-005)(2.05352e-005,6.68164e-006,1)(-0.0208324,-0.489414,0.0412185))

Frame 22
Affine3((-0.00884234,-0.999961,7.04018e-006)(0.999961,-0.00884233,-1.80339e-005)(1.80838e-005,6.87359e-006,1)(-0.0215625,-0.457905,0.0207056))

Frame 23
Affine3((-0.020645,-0.999787,1.90171e-005)(0.999787,-0.020645,-1.97515e-005)(2.01545e-005,1.86222e-005,1)(-0.0229329,-0.418133,-0.00444055))

Frame 24
Affine3((-0.033246,-0.999447,2.80973e-005)(0.999447,-0.033246,-2.66703e-005)(2.76116e-005,2.72097e-005,1)(-0.0245813,-0.372415,-0.0324723))

Frame 25
Affine3((-0.0446183,-0.999004,3.19321e-005)(0.999004,-0.0446183,-2.42537e-005)(2.56553e-005,3.08279e-005,1)(-0.0261835,-0.32313,-0.0617926))

Frame 26
Affine3((-0.0525735,-0.998617,3.55675e-005)(0.998617,-0.0525735,-2.52565e-005)(2.71025e-005,3.42022e-005,1)(-0.0274057,-0.272641,-0.0908829))

Frame 27
Affine3((-0.0548871,-0.998492,3.95783e-005)(0.998493,-0.0548871,-2.24382e-005)(2.45792e-005,3.82946e-005,1)(-0.027895,-0.22331,-0.118221))

Frame 28
Affine3((-0.0489747,-0.9988,4.38462e-005)(0.9988,-0.0489747,-2.33929e-005)(2.55159e-005,4.2662e-005,1)(-0.0272886,-0.177454,-0.142201))

Frame 29
Affine3((-0.0315409,-0.999502,4.48378e-005)(0.999502,-0.0315409,-1.55774e-005)(1.69986e-005,4.4348e-005,1)(-0.0251625,-0.137307,-0.161053))

Frame 30
Affine3((0.00188766,-0.999998,4.97065e-005)(0.999998,0.00188771,-2.39135e-005)(2.38275e-005,4.97548e-005,1)(-0.0211201,-0.104972,-0.17272))

Frame 31
Affine3((0.0517687,-0.998659,4.91944e-005)(0.998659,0.0517687,-1.96174e-005)(1.70455e-005,5.01562e-005,1)(-0.0153197,-0.0788419,-0.177799))

Frame 32
Affine3((0.113653,-0.99352,5.37315e-005)(0.99352,0.113653,-2.50539e-005)(1.87756e-005,5.6212e-005,1)(-0.00864312,-0.0556948,-0.178906))

Frame 33
Affine3((0.185572,-0.982631,5.23516e-005)(0.982631,0.185572,-2.27203e-005)(1.26077e-005,5.56729e-005,1)(-0.00168027,-0.0351566,-0.176637))

Frame 34
Affine3((0.26534,-0.964155,4.46677e-005)(0.964155,0.26534,-1.74468e-005)(4.96433e-006,4.76986e-005,1)(0.00502308,-0.0170185,-0.171511))

Frame 35
Affine3((0.350518,-0.936556,4.2579e-005)(0.936556,0.350518,-1.26159e-005)(-3.10392e-006,4.43021e-005,1)(0.0110107,-0.00121272,-0.163984))

Frame 36
Affine3((0.438525,-0.898719,3.92214e-005)(0.898719,0.438525,-1.04503e-005)(-7.80296e-006,3.98383e-005,1)(0.0159354,0.01227,-0.154465))

Frame 37
Affine3((0.526609,-0.850108,4.09378e-005)(0.850108,0.526609,-2.16422e-005)(-3.16464e-006,4.61923e-005,1)(0.0195524,0.0233525,-0.143331))

Frame 38
Affine3((0.611912,-0.790926,3.46958e-005)(0.790925,0.611912,-1.41637e-005)(-1.00318e-005,3.61168e-005,1)(0.0217562,0.0319485,-0.130926))

Frame 39
Affine3((0.691974,-0.721922,3.7795e-005)(0.721922,0.691974,-1.5942e-005)(-1.4664e-005,3.83203e-005,1)(0.0225486,0.0379779,-0.117579))

Frame 40
Affine3((0.764508,-0.644614,2.79012e-005)(0.644614,0.764508,-1.52909e-005)(-1.14845e-005,2.9698e-005,1)(0.0220301,0.0414294,-0.103604))

Frame 41
Affine3((0.827745,-0.561104,2.60929e-005)(0.561104,0.827745,-1.04227e-005)(-1.57636e-005,2.3279e-005,1)(0.0204196,0.0423344,-0.089306))

Frame 42
Affine3((0.88057,-0.473916,2.09029e-005)(0.473916,0.88057,-9.04646e-006)(-1.41378e-005,1.78779e-005,1)(0.0179687,0.0408612,-0.0749891))

Frame 43
Affine3((0.922516,-0.385958,2.16044e-005)(0.385958,0.922516,-1.17739e-005)(-1.5379e-005,1.9215e-005,1)(0.0149872,0.0372746,-0.0609622))

Frame 44
Affine3((0.953845,-0.3003,1.35476e-005)(0.3003,0.953845,-4.27277e-006)(-1.16673e-005,8.13404e-006,1)(0.0117716,0.0319966,-0.0475398))

Frame 45
Affine3((0.975512,-0.219946,1.37912e-005)(0.219946,0.975512,-1.32939e-005)(-1.05358e-005,1.60108e-005,1)(0.00860672,0.0255366,-0.0350542))

Frame 46
Affine3((0.988985,-0.148015,8.61854e-006)(0.148015,0.988985,-1.06563e-005)(-6.98224e-006,1.18271e-005,1)(0.00573236,0.0185373,-0.0238571))

Frame 47
Affine3((0.996177,-0.0873551,6.50315e-006)(0.0873551,0.996177,-3.48684e-006)(-6.18833e-006,4.057e-006,1)(0.00333788,0.0117166,-0.014329))

Frame 48
Affine3((0.999175,-0.0406147,2.51996e-006)(0.0406147,0.999175,-6.65974e-006)(-2.23916e-006,6.75857e-006,1)(0.00153443,0.00585825,-0.00689435))

Frame 49
Affine3((0.999944,-0.0105583,6.4159e-006)(0.0105583,0.999944,-1.16788e-005)(-6.276e-006,1.17336e-005,1)(0.000424922,0.00176074,-0.0020262))

Frame 50
Affine3((1,0.000100526,3.04747e-006)(-0.00010057,1,-9.53774e-006)(-3.05232e-006,9.54839e-006,1)(4.06802e-005,0.000232659,-0.000268936))

