Frame 1
Affine3((1,2.35819e-008,-7.10392e-010)(-1.26092e-008,1,-1.74536e-009)(-3.24186e-009,-5.01121e-009,1)(0,0,0))

Frame 2
Affine3((0.995894,-0.0902805,0.00664042)(0.0902839,0.995916,-0.000210593)(-0.0065943,0.000809243,0.999978)(0.0148481,-0.0223207,-0.00187051))

Frame 3
Affine3((0.956297,-0.291541,0.0223714)(0.29163,0.956531,-0.000728455)(-0.0211866,0.00722077,0.999749)(0.0470719,-0.0808281,-0.00619173))

Frame 4
Affine3((0.855466,-0.516138,0.0421808)(0.51665,0.856196,-0.00143766)(-0.035373,0.0230225,0.999109)(0.0779884,-0.164061,-0.0114162))

Frame 5
Affine3((0.715558,-0.695804,0.0619132)(0.697238,0.716836,-0.00219846)(-0.0428519,0.0447414,0.998079)(0.0921871,-0.248084,-0.0164803))

Frame 6
Affine3((0.560911,-0.824225,0.0776643)(0.826843,0.562425,-0.00283475)(-0.0413439,0.0658063,0.996976)(0.0850439,-0.31492,-0.0209892))

Frame 7
Affine3((0.392994,-0.915572,0.0853433)(0.919025,0.394187,-0.00310296)(-0.0308002,0.079652,0.996347)(0.0597284,-0.36775,-0.0239244))

Frame 8
Affine3((0.23485,-0.968734,0.0799939)(0.971897,0.23539,-0.0027476)(-0.0161681,0.0783911,0.996792)(0.0247341,-0.400154,-0.0235829))

Frame 9
Affine3((0.102442,-0.993223,0.0549001)(0.99473,0.102517,-0.00147035)(-0.00416779,0.0547614,0.998491)(-0.00795405,-0.406071,-0.0173616))

Frame 10
Affine3((0.00283273,-0.999996,0.000256353)(0.999996,0.00283284,0.000603695)(-0.000604429,0.000254622,1)(-0.0258114,-0.380484,5.50151e-005))

Frame 11
Affine3((-0.184652,-0.978503,-0.0918494)(0.98272,-0.185053,-0.0042059)(-0.0128815,-0.0910388,0.995764)(-0.00223524,-0.364357,0.0433682))

Frame 12
Affine3((-0.404512,-0.90057,-0.1592)(0.909156,-0.414842,0.0366224)(-0.099024,-0.129923,0.986567)(0.0970972,-0.438486,0.103218))

Frame 13
Affine3((-0.554981,-0.800097,-0.227684)(0.790702,-0.592407,0.154417)(-0.25843,-0.0943316,0.961413)(0.252108,-0.589488,0.200059))

Frame 14
Affine3((-0.601497,-0.733548,-0.316401)(0.653586,-0.679607,0.333106)(-0.459377,-0.00643305,0.888218)(0.428678,-0.769077,0.365829))

Frame 15
Affine3((-0.538651,-0.736227,-0.409664)(0.514822,-0.672511,0.531684)(-0.666944,0.0754881,0.741274)(0.594504,-0.905832,0.611897))

Frame 16
Affine3((-0.376343,-0.798821,-0.469308)(0.380134,-0.595085,0.708076)(-0.844904,0.0880796,0.527616)(0.717088,-0.940714,0.910842))

Frame 17
Affine3((-0.138643,-0.873598,-0.466481)(0.251758,-0.486646,0.836537)(-0.957808,-0.0014605,0.287405)(0.766876,-0.858071,1.20795))

Frame 18
Affine3((0.133226,-0.905442,-0.40302)(0.136078,-0.386082,0.912373)(-0.981699,-0.176394,0.0717747)(0.729997,-0.692964,1.44939))

Frame 19
Affine3((0.386258,-0.86769,-0.312918)(0.0447562,-0.321217,0.945947)(-0.921304,-0.379385,-0.0852381)(0.624075,-0.510667,1.60822))

Frame 20
Affine3((0.55955,-0.789818,-0.251179)(-0.0102922,-0.309663,0.950791)(-0.828732,-0.52943,-0.181401)(0.515786,-0.381877,1.69165))

Frame 21
Affine3((0.565389,-0.772644,-0.288716)(-0.0159841,-0.360231,0.932726)(-0.82467,-0.522738,-0.216021)(0.5488,-0.37685,1.71515))

Frame 22
Affine3((0.299786,-0.861619,-0.409561)(0.0562752,-0.412588,0.909178)(-0.952345,-0.295607,-0.0752003)(0.798442,-0.535339,1.5737))

Frame 23
Affine3((-0.132004,-0.897394,-0.421021)(0.231551,-0.440903,0.867173)(-0.963825,0.0169822,0.265993)(0.997933,-0.769791,1.18991))

Frame 24
Affine3((-0.320017,-0.885277,-0.337453)(0.453619,-0.455877,0.765772)(-0.831757,0.0919847,0.547466)(0.991689,-0.769295,0.817621))

Frame 25
Affine3((-0.289302,-0.908457,-0.301679)(0.663851,-0.417462,0.620505)(-0.689642,-0.0207563,0.723853)(0.903807,-0.554457,0.54934))

Frame 26
Affine3((-0.180528,-0.923979,-0.337154)(0.841478,-0.322567,0.433435)(-0.50924,-0.205461,0.83574)(0.741501,-0.253924,0.358121))

Frame 27
Affine3((-0.0790856,-0.894465,-0.440089)(0.963307,-0.18216,0.197123)(-0.256486,-0.408352,0.87605)(0.491615,0.0608695,0.253307))

Frame 28
Affine3((0.00842808,-0.848284,-0.529474)(0.999685,0.0196716,-0.0156035)(0.0236518,-0.529176,0.848182)(0.196254,0.295769,0.223098))

Frame 29
Affine3((0.118473,-0.814837,-0.567455)(0.956535,0.247015,-0.154996)(0.266467,-0.524427,0.808685)(-0.0876525,0.404889,0.212311))

Frame 30
Affine3((0.255434,-0.770511,-0.584008)(0.858207,0.458868,-0.230045)(0.445235,-0.442439,0.778469)(-0.326053,0.417819,0.210134))

Frame 31
Affine3((0.407187,-0.679964,-0.609793)(0.716678,0.651748,-0.248187)(0.56619,-0.335967,0.752699)(-0.518233,0.383917,0.228087))

Frame 32
Affine3((0.502844,-0.55575,-0.662035)(0.570629,0.788725,-0.228683)(0.649254,-0.262785,0.713732)(-0.664002,0.356681,0.280138))

Frame 33
Affine3((0.520104,-0.460098,-0.719585)(0.478136,0.854961,-0.201068)(0.707727,-0.239483,0.664658)(-0.754299,0.357012,0.349905))

Frame 34
Affine3((0.53743,-0.391313,-0.747023)(0.411144,0.894997,-0.173037)(0.736295,-0.214138,0.641884)(-0.800932,0.343323,0.389042))

Frame 35
Affine3((0.595638,-0.321883,-0.735939)(0.336613,0.931894,-0.135149)(0.729319,-0.167226,0.663422)(-0.812437,0.298831,0.377663))

Frame 36
Affine3((0.673868,-0.239734,-0.698877)(0.250307,0.964036,-0.0893404)(0.695161,-0.114731,0.70964)(-0.796739,0.240291,0.337358))

Frame 37
Affine3((0.750942,-0.141154,-0.645106)(0.153019,0.987494,-0.0379491)(0.642395,-0.0702156,0.76315)(-0.760387,0.182378,0.287494))

Frame 38
Affine3((0.818553,-0.0307528,-0.573607)(0.0479314,0.99874,0.0148538)(0.572428,-0.0396524,0.818996)(-0.702106,0.132382,0.231643))

Frame 39
Affine3((0.870425,0.0827225,-0.485301)(-0.0593367,0.996223,0.0633873)(0.488712,-0.0263777,0.872046)(-0.622851,0.0959642,0.173873))

Frame 40
Affine3((0.904104,0.187818,-0.383823)(-0.160992,0.981755,0.101188)(0.395825,-0.0296927,0.917846)(-0.525435,0.0754362,0.118273))

Frame 41
Affine3((0.921607,0.272683,-0.276197)(-0.247646,0.961074,0.122507)(0.298852,-0.0445044,0.953261)(-0.414374,0.068706,0.0687403))

Frame 42
Affine3((0.929035,0.327564,-0.172034)(-0.309439,0.94279,0.124071)(0.202833,-0.0620322,0.977246)(-0.295792,0.0690956,0.0282869))

Frame 43
Affine3((0.934511,0.346393,-0.081863)(-0.337339,0.935312,0.106745)(0.113543,-0.0721385,0.990911)(-0.178421,0.0670939,-0.00126314))

Frame 44
Affine3((0.944809,0.327316,-0.0141764)(-0.325386,0.942526,0.0759494)(0.0382211,-0.0671448,0.997011)(-0.074183,0.0544263,-0.0195764))

Frame 45
Affine3((0.961462,0.273578,0.0273046)(-0.274515,0.960743,0.0401833)(-0.0152394,-0.0461302,0.998819)(0.00371474,0.0294022,-0.0277309))

Frame 46
Affine3((0.97955,0.196163,0.0447378)(-0.196708,0.980429,0.0080671)(-0.0422797,-0.0167024,0.998966)(0.0469024,-0.000631783,-0.0278879))

Frame 47
Affine3((0.992345,0.114985,0.045062)(-0.114426,0.993322,-0.0147871)(-0.0464613,0.00951765,0.998875)(0.0584262,-0.0246586,-0.0229107))

Frame 48
Affine3((0.997959,0.0519588,0.0371142)(-0.0509648,0.998329,-0.0272444)(-0.0384678,0.0252972,0.99894)(0.0513934,-0.0374585,-0.0159473))

Frame 49
Affine3((0.999406,0.018783,0.0288991)(-0.017858,0.99933,-0.0319358)(-0.0294795,0.0314008,0.999072)(0.0405291,-0.0420878,-0.0100635))

Frame 50
Affine3((0.999613,0.0110032,0.0255338)(-0.0101638,0.999411,-0.0327727)(-0.0258794,0.0325005,0.999137)(0.0356451,-0.0432597,-0.00770646))

