Frame 1
Affine3((1,1.27214e-008,-1.31673e-008)(5.67695e-009,1,-1.36571e-008)(5.60097e-009,1.87679e-008,1)(0,0,0))

Frame 2
Affine3((0.995717,-0.0921213,0.00778132)(0.0921094,0.995747,0.0018801)(-0.0079214,-0.00115527,0.999968)(0.0153018,-0.0186636,0.00159435))

Frame 3
Affine3((0.954484,-0.297886,0.0150032)(0.297763,0.954588,0.00989755)(-0.0172702,-0.00497964,0.999838)(0.0427943,-0.0656886,0.00440386))

Frame 4
Affine3((0.849761,-0.527121,0.00698523)(0.5269,0.849678,0.0205827)(-0.0167847,-0.0138099,0.999764)(0.061184,-0.127942,0.00517996))

Frame 5
Affine3((0.705278,-0.708897,-0.0069826)(0.708853,0.70502,0.0217779)(-0.0105154,-0.0203091,0.999739)(0.0633353,-0.187848,0.00326923))

Frame 6
Affine3((0.547311,-0.836882,-0.00892711)(0.836919,0.547219,0.0108665)(-0.00420893,-0.0134186,0.999901)(0.0535656,-0.240131,0.000287965))

Frame 7
Affine3((0.377558,-0.925972,-0.00508097)(0.925976,0.377574,-0.00262685)(0.00435084,-0.00371307,0.999984)(0.0348098,-0.286936,-0.0019854))

Frame 8
Affine3((0.219665,-0.975571,-0.00301737)(0.975512,0.219684,-0.0107576)(0.0111577,-0.000580444,0.999938)(0.0118985,-0.323694,-0.00278868))

Frame 9
Affine3((0.0910266,-0.995823,-0.00717259)(0.995801,0.0910901,-0.00908118)(0.00969665,-0.00631586,0.999933)(-0.00976347,-0.349244,-0.00257446))

Frame 10
Affine3((0.00223132,-0.999801,-0.0198073)(0.999995,0.00218354,0.00243745)(-0.00239371,-0.0198127,0.999801)(-0.0258544,-0.364475,-0.00162856))

Frame 11
Affine3((-0.0507144,-0.997898,-0.0403373)(0.998295,-0.0518202,0.0268563)(-0.0288901,-0.0389065,0.998825)(-0.0352963,-0.372407,0.000722975))

Frame 12
Affine3((-0.0818192,-0.994572,-0.0642868)(0.994247,-0.0859258,0.0639447)(-0.0691214,-0.0586851,0.995881)(-0.0402371,-0.376865,0.00543161))

Frame 13
Affine3((-0.0975832,-0.991223,-0.0891842)(0.988211,-0.107128,0.109377)(-0.117971,-0.0774595,0.989991)(-0.0421125,-0.379669,0.0129298))

Frame 14
Affine3((-0.102199,-0.988277,-0.113419)(0.980215,-0.119476,0.157808)(-0.169509,-0.095047,0.980935)(-0.0419998,-0.381876,0.0231885))

Frame 15
Affine3((-0.0986385,-0.985826,-0.135709)(0.970919,-0.125235,0.204041)(-0.218144,-0.111636,0.96951)(-0.0405978,-0.383942,0.0353268))

Frame 16
Affine3((-0.0891057,-0.983915,-0.154825)(0.961987,-0.125303,0.242653)(-0.25815,-0.127318,0.957679)(-0.0382857,-0.385754,0.0475733))

Frame 17
Affine3((-0.0762131,-0.982557,-0.169627)(0.954429,-0.121119,0.272756)(-0.288544,-0.141109,0.947012)(-0.0354791,-0.386894,0.0580012))

Frame 18
Affine3((-0.0621127,-0.981938,-0.178716)(0.949954,-0.113089,0.291201)(-0.306152,-0.151684,0.939821)(-0.0325082,-0.386691,0.0643373))

Frame 19
Affine3((-0.0504523,-0.98223,-0.180773)(0.947294,-0.104401,0.302878)(-0.316368,-0.155965,0.935728)(-0.0299995,-0.384861,0.0653711))

Frame 20
Affine3((-0.0445819,-0.983823,-0.173504)(0.946628,-0.0971004,0.307354)(-0.319229,-0.150542,0.935644)(-0.0289301,-0.381186,0.0592035))

Frame 21
Affine3((-0.0467102,-0.987034,-0.153567)(0.948017,-0.092248,0.304556)(-0.314773,-0.131359,0.940033)(-0.0297706,-0.375747,0.0438765))

Frame 22
Affine3((-0.0530653,-0.991366,-0.119907)(0.953064,-0.0861225,0.290262)(-0.298082,-0.0988758,0.949405)(-0.0315263,-0.369628,0.0203518))

Frame 23
Affine3((-0.0590584,-0.995638,-0.0722335)(0.964915,-0.0754808,0.251479)(-0.255835,-0.0548472,0.965163)(-0.0334002,-0.364959,-0.00919728))

Frame 24
Affine3((-0.0544365,-0.998466,-0.0101003)(0.989049,-0.0553072,0.136829)(-0.137178,-0.00254122,0.990543)(-0.0345041,-0.364288,-0.0409407))

Frame 25
Affine3((-0.0258379,-0.99786,0.0600717)(0.991406,-0.0332873,-0.126519)(0.128248,0.0562864,0.990144)(-0.0400947,-0.371901,-0.0422473))

Frame 26
Affine3((-0.00636993,-0.991314,0.13136)(0.949519,-0.0471982,-0.310139)(0.313646,0.122753,0.941572)(-0.0507405,-0.381114,-0.0145249))

Frame 27
Affine3((0.000924435,-0.978134,0.207973)(0.923365,-0.0790104,-0.375705)(0.383922,0.192382,0.903102)(-0.0567212,-0.387632,-0.000193045))

Frame 28
Affine3((0.0120119,-0.959268,0.282241)(0.90592,-0.109044,-0.409168)(0.423279,0.260602,0.86771)(-0.0592426,-0.39219,0.0125971))

Frame 29
Affine3((0.0319418,-0.937672,0.346052)(0.895143,-0.127186,-0.42725)(0.444633,0.323413,0.835288)(-0.0580349,-0.393881,0.024491))

Frame 30
Affine3((0.0650102,-0.917915,0.391414)(0.890201,-0.123893,-0.438398)(0.450906,0.376938,0.809075)(-0.0525769,-0.391882,0.0330678))

Frame 31
Affine3((0.111939,-0.901141,0.418825)(0.888101,-0.098363,-0.449)(0.445809,0.42222,0.789294)(-0.0433266,-0.386324,0.0376742))

Frame 32
Affine3((0.169005,-0.884798,0.434247)(0.885124,-0.0575691,-0.461781)(0.433582,0.462406,0.773426)(-0.0318826,-0.377989,0.0393731))

Frame 33
Affine3((0.234863,-0.867648,0.438207)(0.879297,-0.00252331,-0.476267)(0.414338,0.497172,0.762328)(-0.0188661,-0.3669,0.0379894))

Frame 34
Affine3((0.308375,-0.847958,0.431129)(0.868107,0.0655381,-0.492031)(0.388966,0.525997,0.756329)(-0.00494226,-0.352806,0.0339344))

Frame 35
Affine3((0.388016,-0.823576,0.413722)(0.849317,0.14519,-0.507524)(0.357916,0.548309,0.755813)(0.00918345,-0.335476,0.0276359))

Frame 36
Affine3((0.471823,-0.792298,0.386841)(0.821046,0.234911,-0.520289)(0.321351,0.563099,0.76135)(0.0227452,-0.314764,0.0194264))

Frame 37
Affine3((0.557241,-0.752115,0.35186)(0.78156,0.331964,-0.52817)(0.28044,0.569317,0.772808)(0.0349347,-0.290592,0.010171))

Frame 38
Affine3((0.641139,-0.701753,0.310618)(0.73016,0.433208,-0.528391)(0.236238,0.565573,0.790139)(0.0449109,-0.263242,0.000532642))

Frame 39
Affine3((0.720162,-0.64101,0.265468)(0.667119,0.534666,-0.518734)(0.190577,0.550671,0.812676)(0.051988,-0.233264,-0.00860505))

Frame 40
Affine3((0.791253,-0.570909,0.219048)(0.593745,0.631637,-0.4985)(0.146239,0.524498,0.838758)(0.0556737,-0.201549,-0.0161185))

Frame 41
Affine3((0.851836,-0.493994,0.174198)(0.513321,0.721054,-0.465383)(0.10429,0.48585,0.867798)(0.0558674,-0.169301,-0.0219579))

Frame 42
Affine3((0.900828,-0.413283,0.133062)(0.428829,0.798974,-0.421599)(0.0679268,0.436849,0.896966)(0.0527896,-0.137675,-0.0251408))

Frame 43
Affine3((0.938127,-0.332349,0.0972724)(0.344151,0.863611,-0.368423)(0.0384393,0.379104,0.924555)(0.0469968,-0.107815,-0.0256906))

Frame 44
Affine3((0.964654,-0.254683,0.067668)(0.263,0.914373,-0.30782)(0.0165227,0.314737,0.949035)(0.0392413,-0.0806455,-0.0239256))

Frame 45
Affine3((0.982084,-0.183158,0.0443143)(0.188425,0.951264,-0.244118)(0.00255752,0.248094,0.968732)(0.030417,-0.0568818,-0.0200034))

Frame 46
Affine3((0.992372,-0.120333,0.0267977)(0.123204,0.975729,-0.181034)(-0.00436289,0.182955,0.983112)(0.0214391,-0.0369917,-0.0146246))

Frame 47
Affine3((0.997536,-0.0686673,0.0143773)(0.069903,0.990238,-0.120596)(-0.00595592,0.121303,0.992598)(0.0131321,-0.0212093,-0.00899428))

Frame 48
Affine3((0.999539,-0.0297309,0.00617049)(0.0300889,0.997115,-0.0696815)(-0.00408096,0.069835,0.99755)(0.00636251,-0.0097359,-0.00369832))

Frame 49
Affine3((0.999984,-0.00543752,0.0014805)(0.00548285,0.999454,-0.0325718)(-0.00130256,0.0325795,0.999468)(0.00183484,-0.0026504,3.15011e-005))

Frame 50
Affine3((0.999998,0.00216846,-0.000105028)(-0.00216961,0.999914,-0.0129117)(7.70384e-005,0.0129119,0.999917)(0.000110358,-0.000127129,0.000885919))

