Frame 1
Affine3((1,4.54931e-009,-1.16147e-009)(-1.57816e-009,1,1.31175e-011)(-1.06883e-009,1.60401e-009,1)(0,0,0))

Frame 2
Affine3((0.995816,-0.0913792,-0.000148256)(0.0913793,0.995816,4.72049e-005)(0.000143306,-6.05698e-005,1)(0.00852934,-0.0211774,0.000108004))

Frame 3
Affine3((0.955412,-0.295276,-0.000472023)(0.295276,0.955412,0.000163814)(0.000402591,-0.000295894,1)(0.0270305,-0.072659,0.000301957))

Frame 4
Affine3((0.852489,-0.522745,-0.000901173)(0.522746,0.852489,0.000302358)(0.000610175,-0.000728844,1)(0.0450219,-0.139775,0.000435352))

Frame 5
Affine3((0.70949,-0.704714,-0.00133578)(0.704715,0.70949,0.000449067)(0.000631286,-0.00125995,0.999999)(0.0530796,-0.202197,0.000342607))

Frame 6
Affine3((0.551558,-0.834135,-0.001744)(0.834136,0.551558,0.000579603)(0.000478446,-0.00177441,0.999998)(0.0484625,-0.248438,-0.000447869))

Frame 7
Affine3((0.380899,-0.924615,-0.00202041)(0.924617,0.380898,0.000659963)(0.000159347,-0.00211948,0.999998)(0.0341722,-0.288181,-0.00163639))

Frame 8
Affine3((0.222118,-0.975018,-0.00205212)(0.97502,0.222117,0.000646091)(-0.000174124,-0.00214437,0.999998)(0.0134403,-0.322574,-0.00245905))

Frame 9
Affine3((0.092947,-0.99567,-0.00159515)(0.995671,0.0929465,0.000439318)(-0.000289165,-0.00162908,0.999999)(-0.00881197,-0.352355,-0.0022037))

Frame 10
Affine3((0.00209123,-0.999998,0.000378338)(0.999998,0.00209109,-0.000388465)(0.000387659,0.000379155,1)(-0.0265541,-0.380714,-0.000130892))

Frame 11
Affine3((-0.145233,-0.985863,0.0835584)(0.98896,-0.147162,-0.01738)(0.0294309,0.0801117,0.996351)(-0.0535413,-0.521776,-0.00987875))

Frame 12
Affine3((-0.323905,-0.91635,0.235346)(0.942952,-0.332926,0.00149016)(0.0769873,0.222403,0.97191)(-0.0910535,-0.761771,-0.00195146))

Frame 13
Affine3((-0.473729,-0.786565,0.396101)(0.872378,-0.480703,0.0887825)(0.120574,0.387609,0.913905)(-0.125013,-1.0419,0.0557598))

Frame 14
Affine3((-0.587568,-0.617508,0.522923)(0.796068,-0.556974,0.236762)(0.145052,0.555396,0.818838)(-0.137479,-1.32661,0.175723))

Frame 15
Affine3((-0.676004,-0.441676,0.589866)(0.723289,-0.550825,0.416467)(0.14097,0.708177,0.691819)(-0.11446,-1.58352,0.353403))

Frame 16
Affine3((-0.75016,-0.29274,0.592927)(0.652718,-0.471432,0.593052)(0.105915,0.831899,0.544726)(-0.0518442,-1.78654,0.569973))

Frame 17
Affine3((-0.814345,-0.194928,0.546667)(0.578706,-0.344228,0.739329)(0.0440624,0.918428,0.393126)(0.0440941,-1.92096,0.798389))

Frame 18
Affine3((-0.86488,-0.15814,0.476419)(0.500625,-0.202078,0.841747)(-0.0368396,0.966518,0.253942)(0.161124,-1.98476,1.00866))

Frame 19
Affine3((-0.895528,-0.177793,0.407945)(0.425978,-0.0772971,0.901426)(-0.128734,0.981027,0.144958)(0.286772,-1.98685,1.17089))

Frame 20
Affine3((-0.899584,-0.24569,0.36109)(0.372083,0.0018025,0.928198)(-0.228699,0.969347,0.0897956)(0.415835,-1.93933,1.24942))

Frame 21
Affine3((-0.868659,-0.352661,0.347938)(0.360371,0.0321215,0.932256)(-0.339947,0.9352,0.0991862)(0.552046,-1.84675,1.22672))

Frame 22
Affine3((-0.799001,-0.478378,0.364352)(0.392917,0.043346,0.918552)(-0.455208,0.877084,0.153329)(0.686806,-1.70954,1.1308))

Frame 23
Affine3((-0.682653,-0.613548,0.396919)(0.461635,0.0589682,0.885108)(-0.566461,0.787453,0.242981)(0.808143,-1.52018,0.978507))

Frame 24
Affine3((-0.512724,-0.743558,0.429226)(0.548806,0.10062,0.829872)(-0.660247,0.661057,0.356479)(0.896155,-1.27556,0.790231))

Frame 25
Affine3((-0.289117,-0.846574,0.446905)(0.629914,0.183294,0.754726)(-0.720847,0.499715,0.480275)(0.928748,-0.984019,0.588582))

Frame 26
Affine3((-0.0245291,-0.897435,0.440464)(0.677467,0.309077,0.667465)(-0.735144,0.314772,0.600401)(0.889756,-0.668366,0.396128))

Frame 27
Affine3((0.253788,-0.877252,0.407457)(0.669464,0.463356,0.58062)(-0.698148,0.125423,0.704882)(0.777465,-0.361855,0.231763))

Frame 28
Affine3((0.512384,-0.782392,0.354014)(0.598184,0.62095,0.506554)(-0.616149,-0.0477843,0.786179)(0.607718,-0.0971309,0.106739))

Frame 29
Affine3((0.721856,-0.627849,0.291083)(0.473092,0.754679,0.454581)(-0.505082,-0.190433,0.8418)(0.409909,0.10517,0.0245399))

Frame 30
Affine3((0.867089,-0.441926,0.229909)(0.31682,0.845371,0.430085)(-0.384424,-0.300082,0.873023)(0.216462,0.243911,-0.0164256))

Frame 31
Affine3((0.955516,-0.239543,0.172072)(0.141795,0.884659,0.444153)(-0.258619,-0.399996,0.879272)(0.0328258,0.353753,-0.0152556))

Frame 32
Affine3((0.992238,-0.0791642,0.0958979)(0.0216603,0.869421,0.493596)(-0.122451,-0.487688,0.864388)(-0.143274,0.448381,0.0249861))

Frame 33
Affine3((0.999995,-0.00322034,-0.000593944)(0.00302795,0.840247,0.542196)(-0.00124699,-0.542195,0.840252)(-0.280223,0.515103,0.0850985))

Frame 34
Affine3((0.996028,0.0488441,-0.0744504)(0.00154005,0.826545,0.562868)(0.0890294,-0.560747,0.823187)(-0.370381,0.540503,0.131023))

Frame 35
Affine3((0.988321,0.114406,-0.100661)(-0.038124,0.825194,0.563562)(0.14754,-0.553142,0.819918)(-0.420802,0.529297,0.148744))

Frame 36
Affine3((0.977154,0.188563,-0.0980511)(-0.10356,0.825307,0.555107)(0.185595,-0.532271,0.82598)(-0.44585,0.498756,0.148959))

Frame 37
Affine3((0.960563,0.265642,-0.0821759)(-0.180308,0.820026,0.543182)(0.211678,-0.506944,0.835584)(-0.45547,0.461237,0.142862))

Frame 38
Affine3((0.938531,0.340865,-0.0545021)(-0.263093,0.808552,0.526333)(0.223476,-0.479641,0.84853)(-0.446873,0.421115,0.130557))

Frame 39
Affine3((0.912489,0.408727,-0.0175187)(-0.345458,0.792765,0.502178)(0.219142,-0.45218,0.864587)(-0.417993,0.382167,0.112337))

Frame 40
Affine3((0.885739,0.463507,0.0250667)(-0.420107,0.777494,0.467988)(0.197427,-0.425046,0.883379)(-0.36776,0.346651,0.0889373))

Frame 41
Affine3((0.863556,0.499624,0.0681645)(-0.478797,0.770028,0.421677)(0.158191,-0.396778,0.90418)(-0.296755,0.314404,0.0619248))

Frame 42
Affine3((0.852391,0.512099,0.105756)(-0.512553,0.778205,0.362887)(0.103534,-0.363527,0.925813)(-0.2085,0.282016,0.0338433))

Frame 43
Affine3((0.858063,0.496309,0.131925)(-0.512033,0.807133,0.293868)(0.0393686,-0.319707,0.946698)(-0.111147,0.243452,0.00798678))

Frame 44
Affine3((0.88247,0.448281,0.142449)(-0.469791,0.855003,0.219697)(-0.0233085,-0.260797,0.965112)(-0.0186124,0.193237,-0.0122676))

Frame 45
Affine3((0.920055,0.367289,0.136374)(-0.385464,0.910888,0.147309)(-0.0701163,-0.1881,0.979644)(0.0518781,0.131879,-0.0245119))

Frame 46
Affine3((0.958035,0.261832,0.116673)(-0.272171,0.958609,0.0836167)(-0.0899501,-0.111863,0.989644)(0.0877304,0.0689874,-0.0282339))

Frame 47
Affine3((0.984167,0.15295,0.0895602)(-0.156456,0.987117,0.0335014)(-0.0832823,-0.0469833,0.995418)(0.0899848,0.017995,-0.0251197))

Frame 48
Affine3((0.995832,0.0662858,0.0626503)(-0.0663441,0.997796,-0.00115154)(-0.0625886,-0.00300974,0.998035)(0.0729737,-0.0143423,-0.0185027))

Frame 49
Affine3((0.998929,0.017095,0.0429863)(-0.0162052,0.999649,-0.0209626)(-0.0433296,0.0202436,0.998856)(0.0542924,-0.0307776,-0.012264))

Frame 50
Affine3((0.999357,0.00354607,0.0356779)(-0.00256949,0.999622,-0.0273813)(-0.0357615,0.027272,0.998988)(0.0464121,-0.0360238,-0.00967932))

