Frame 1
Affine3((1,-6.84074e-009,-1.95496e-009)(8.40926e-009,1,5.99528e-009)(4.56059e-009,-4.0184e-008,1)(0,0,0))

Frame 2
Affine3((0.996909,-0.0783846,0.00527121)(0.0778762,0.994829,0.0651995)(-0.0103546,-0.0645875,0.997858)(0.014527,0.0247158,0.0103061))

Frame 3
Affine3((0.963571,-0.267278,-0.00961531)(0.265797,0.953003,0.145389)(-0.0296957,-0.142648,0.989328)(0.0433794,0.0273516,0.0290418))

Frame 4
Affine3((0.868497,-0.494789,-0.0299555)(0.492619,0.854806,0.163196)(-0.0551417,-0.156492,0.986139)(0.0779817,-0.0289126,0.0361329))

Frame 5
Affine3((0.728642,-0.684349,-0.0273343)(0.680111,0.718267,0.14677)(-0.0808089,-0.125533,0.988793)(0.105901,-0.11201,0.0317261))

Frame 6
Affine3((0.572235,-0.819996,-0.0123896)(0.813212,0.565419,0.137792)(-0.105984,-0.0889249,0.990384)(0.120248,-0.184975,0.0263879))

Frame 7
Affine3((0.403836,-0.914707,-0.0150652)(0.906629,0.39796,0.140186)(-0.122234,-0.0702706,0.990011)(0.120037,-0.236299,0.027205))

Frame 8
Affine3((0.243583,-0.969662,-0.0205434)(0.962687,0.239148,0.126659)(-0.117904,-0.0506289,0.991734)(0.100863,-0.283329,0.025715))

Frame 9
Affine3((0.109179,-0.993784,-0.0217323)(0.989784,0.106671,0.0945945)(-0.0916883,-0.031838,0.995279)(0.0647259,-0.326451,0.0205891))

Frame 10
Affine3((0.0123308,-0.999711,-0.0206248)(0.998814,0.0113429,0.0473512)(-0.0471035,-0.0211842,0.998665)(0.0165918,-0.361598,0.0136269))

Frame 11
Affine3((-0.0426858,-0.998697,-0.0279738)(0.998867,-0.0432488,0.0198379)(-0.0210219,-0.0270953,0.999412)(-0.0200083,-0.382763,0.0130147))

Frame 12
Affine3((-0.0617863,-0.996424,-0.0576341)(0.99668,-0.0646642,0.049481)(-0.0530308,-0.0543855,0.997111)(-0.0136183,-0.384168,0.027379))

Frame 13
Affine3((-0.0647758,-0.994012,-0.0880017)(0.994518,-0.0715588,0.0762446)(-0.0820853,-0.0825805,0.993198)(-0.0120326,-0.383355,0.0417999))

Frame 14
Affine3((-0.056383,-0.991544,-0.116877)(0.992492,-0.0683896,0.101403)(-0.108539,-0.110282,0.987956)(-0.0138202,-0.381129,0.0560996))

Frame 15
Affine3((-0.0401667,-0.988936,-0.1428)(0.990315,-0.0584104,0.125956)(-0.132903,-0.136358,0.981704)(-0.017968,-0.378152,0.0699454))

Frame 16
Affine3((-0.0194642,-0.986173,-0.164575)(0.987817,-0.0443878,0.149153)(-0.154396,-0.159666,0.975022)(-0.023541,-0.374961,0.0826487))

Frame 17
Affine3((0.00254757,-0.983474,-0.181031)(0.985215,-0.0285428,0.168926)(-0.171302,-0.178785,0.968861)(-0.0296783,-0.371915,0.0929494))

Frame 18
Affine3((0.0228676,-0.981385,-0.190683)(0.982843,-0.0128488,0.183996)(-0.183021,-0.191619,0.964254)(-0.0355503,-0.36923,0.0990396))

Frame 19
Affine3((0.0382406,-0.980762,-0.191424)(0.981209,0.00059874,0.192948)(-0.189121,-0.195205,0.962356)(-0.0401582,-0.367114,0.0986325))

Frame 20
Affine3((0.0448598,-0.982623,-0.18011)(0.980918,0.0091855,0.194203)(-0.189174,-0.185385,0.964285)(-0.0425278,-0.366021,0.0889847))

Frame 21
Affine3((0.0397267,-0.987528,-0.152351)(0.982973,0.0112482,0.183408)(-0.179407,-0.157043,0.97116)(-0.041777,-0.366885,0.066991))

Frame 22
Affine3((0.0238016,-0.993851,-0.108135)(0.988616,0.00732482,0.150283)(-0.148566,-0.110481,0.982711)(-0.0383405,-0.370825,0.0344155))

Frame 23
Affine3((-0.00224744,-0.998786,-0.0492)(0.99637,-0.0064231,0.0848791)(-0.0850921,-0.0488307,0.995176)(-0.0329203,-0.378944,-0.00262131))

Frame 24
Affine3((-0.0376077,-0.99903,0.0228985)(0.99909,-0.0380516,-0.0192689)(0.0201216,0.022153,0.999552)(-0.0271133,-0.390334,-0.0342931))

Frame 25
Affine3((-0.0707528,-0.991913,0.105367)(0.989838,-0.0828792,-0.115549)(0.123348,0.0961212,0.987697)(-0.0235015,-0.402044,-0.0552418))

Frame 26
Affine3((-0.0905715,-0.977421,0.190908)(0.979159,-0.122389,-0.162078)(0.181784,0.17225,0.968135)(-0.0218981,-0.413952,-0.0730075))

Frame 27
Affine3((-0.0967646,-0.957377,0.272151)(0.974291,-0.147005,-0.170723)(0.203454,0.248635,0.946988)(-0.0215462,-0.42627,-0.0906323))

Frame 28
Affine3((-0.0916387,-0.934672,0.343496)(0.973961,-0.155962,-0.164545)(0.207368,0.319474,0.924627)(-0.022759,-0.437317,-0.106242))

Frame 29
Affine3((-0.0756325,-0.913274,0.400264)(0.976117,-0.149796,-0.157344)(0.203656,0.378804,0.902791)(-0.0261803,-0.445443,-0.11916))

Frame 30
Affine3((-0.0477265,-0.897562,0.438297)(0.978558,-0.130034,-0.159733)(0.200363,0.421276,0.884523)(-0.0328164,-0.449083,-0.12931))

Frame 31
Affine3((-0.00826067,-0.88798,0.459807)(0.979837,-0.098984,-0.173555)(0.199627,0.449102,0.870894)(-0.0429273,-0.44857,-0.137472))

Frame 32
Affine3((0.0401048,-0.883255,0.467174)(0.978794,-0.0592715,-0.196086)(0.200884,0.465131,0.862148)(-0.0506905,-0.440958,-0.143499))

Frame 33
Affine3((0.0976109,-0.882953,0.459201)(0.973812,-0.0104598,-0.227113)(0.205333,0.469344,0.85881)(-0.053438,-0.423715,-0.147601))

Frame 34
Affine3((0.163895,-0.884008,0.437799)(0.962349,0.0457226,-0.267942)(0.216846,0.46523,0.858218)(-0.053926,-0.398369,-0.149586))

Frame 35
Affine3((0.239198,-0.882842,0.404195)(0.94252,0.111082,-0.315146)(0.233325,0.456344,0.858667)(-0.0540518,-0.366615,-0.149137))

Frame 36
Affine3((0.3227,-0.875506,0.359658)(0.911925,0.185823,-0.365873)(0.253491,0.446048,0.858361)(-0.055075,-0.32996,-0.145328))

Frame 37
Affine3((0.413078,-0.857808,0.305831)(0.869431,0.271516,-0.412758)(0.271029,0.4364,0.857962)(-0.0575257,-0.290654,-0.137941))

Frame 38
Affine3((0.50689,-0.82628,0.245611)(0.814371,0.365616,-0.450693)(0.282599,0.42847,0.858226)(-0.0611685,-0.250803,-0.126748))

Frame 39
Affine3((0.600221,-0.778702,0.182641)(0.747992,0.465614,-0.472982)(0.283271,0.420508,0.861934)(-0.0651681,-0.212652,-0.112656))

Frame 40
Affine3((0.688282,-0.715175,0.121627)(0.672352,0.565921,-0.477154)(0.272418,0.410192,0.870362)(-0.068355,-0.177623,-0.0966301))

Frame 41
Affine3((0.767025,-0.638095,0.0671389)(0.590169,0.660593,-0.464023)(0.251739,0.395541,0.883275)(-0.0697133,-0.14636,-0.0796268))

Frame 42
Affine3((0.834145,-0.551087,0.0224723)(0.504559,0.745995,-0.434639)(0.22276,0.373891,0.900324)(-0.0686103,-0.119097,-0.0629838))

Frame 43
Affine3((0.888735,-0.458298,-0.0105983)(0.418234,0.820075,-0.390585)(0.187696,0.342694,0.920506)(-0.06484,-0.0956786,-0.0479511))

Frame 44
Affine3((0.930651,-0.364545,-0.0315439)(0.333398,0.880333,-0.33743)(0.150778,0.303513,0.940822)(-0.0586637,-0.0756011,-0.0346671))

Frame 45
Affine3((0.960812,-0.274096,-0.0413688)(0.252334,0.926606,-0.278798)(0.11475,0.257434,0.959458)(-0.0505494,-0.0584742,-0.0234527))

Frame 46
Affine3((0.980726,-0.190817,-0.0420065)(0.177435,0.959813,-0.217429)(0.0818075,0.205785,0.975172)(-0.0410674,-0.043898,-0.014512))

Frame 47
Affine3((0.992268,-0.118802,-0.0359177)(0.111714,0.981007,-0.158574)(0.0540745,0.153336,0.986694)(-0.0309492,-0.0314438,-0.0074566))

Frame 48
Affine3((0.997788,-0.0612266,-0.0258993)(0.058244,0.992931,-0.103421)(0.0320484,0.101684,0.9943)(-0.0208496,-0.0207691,-0.00254503))

Frame 49
Affine3((0.999649,-0.0221286,-0.0145569)(0.0212513,0.998097,-0.0578814)(0.01581,0.0575518,0.998217)(-0.0115089,-0.0114762,0.00044401))

Frame 50
Affine3((0.999978,-0.00510157,-0.00433032)(0.00498776,0.999652,-0.0259016)(0.00446096,0.0258794,0.999655)(-0.00355637,-0.00329501,0.00111409))

