Frame 1
Affine3((1,-1.42824e-008,3.84078e-009)(-8.73131e-009,1,9.57571e-009)(9.27569e-009,-9.23319e-011,1)(0,0,0))

Frame 2
Affine3((0.995787,-0.0916955,-1.20525e-006)(0.0916955,0.995787,3.77043e-006)(8.92955e-007,-3.89127e-006,1)(0.00875238,-0.0211845,7.08103e-005))

Frame 3
Affine3((0.955138,-0.296162,9.94925e-008)(0.296162,0.955138,-4.64032e-007)(4.74541e-010,4.6952e-007,1)(0.027701,-0.0728717,0.000180006))

Frame 4
Affine3((0.851548,-0.524277,-4.09512e-007)(0.524277,0.851548,-6.66902e-006)(3.87951e-006,5.46526e-006,1)(0.0461707,-0.140474,0.000203192))

Frame 5
Affine3((0.707604,-0.70661,2.33773e-006)(0.70661,0.707604,3.0087e-006)(-3.76578e-006,-5.23037e-007,1)(0.0545059,-0.203599,4.76837e-007))

Frame 6
Affine3((0.548604,-0.836082,3.426e-006)(0.836082,0.548604,-5.1535e-007)(-1.44233e-006,3.11563e-006,1)(0.0499286,-0.250604,-0.000893414))

Frame 7
Affine3((0.377076,-0.926182,2.78237e-006)(0.926182,0.377076,9.46234e-007)(-1.93564e-006,2.23787e-006,1)(0.0353727,-0.290967,-0.00215137))

Frame 8
Affine3((0.217943,-0.975962,7.49345e-007)(0.975962,0.217943,8.93008e-007)(-1.03801e-006,5.86119e-007,1)(0.0142143,-0.325566,-0.00297892))

Frame 9
Affine3((0.0894521,-0.995991,3.05831e-006)(0.995991,0.0894521,5.74829e-006)(-6.02348e-006,2.49582e-006,1)(-0.00840779,-0.354749,-0.00259805))

Frame 10
Affine3((0.00220949,-0.999998,4.58354e-006)(0.999998,0.00220949,-3.76697e-006)(3.76532e-006,4.63348e-006,1)(-0.02613,-0.380211,-3.57628e-007))

Frame 11
Affine3((-0.0473188,-0.99888,1.91114e-006)(0.99888,-0.0473188,-2.45538e-006)(2.50493e-006,1.83613e-006,1)(-0.0363236,-0.404801,0.00585639))

Frame 12
Affine3((-0.0731088,-0.997324,4.82969e-006)(0.997324,-0.0731088,-2.24438e-006)(2.57474e-006,4.65252e-006,1)(-0.0418935,-0.428709,0.014179))

Frame 13
Affine3((-0.0822757,-0.99661,4.68876e-006)(0.99661,-0.0822757,1.90591e-006)(-1.53109e-006,4.82786e-006,1)(-0.0437943,-0.451395,0.0238625))

Frame 14
Affine3((-0.0796985,-0.996819,4.97376e-006)(0.996819,-0.0796985,-4.81095e-006)(5.17923e-006,4.52022e-006,1)(-0.0429343,-0.472237,0.0339816))

Frame 15
Affine3((-0.0690864,-0.997611,5.42783e-006)(0.997611,-0.0690864,-1.77342e-006)(2.12155e-006,5.28565e-006,1)(-0.0401051,-0.490539,0.043705))

Frame 16
Affine3((-0.053483,-0.998569,4.83104e-007)(0.998569,-0.053483,-7.46609e-006)(7.46944e-006,7.48155e-008,1)(-0.0360522,-0.50551,0.0522179))

Frame 17
Affine3((-0.0356436,-0.999365,5.84699e-006)(0.999365,-0.0356436,4.23553e-006)(-4.02595e-006,5.99984e-006,1)(-0.0314341,-0.516246,0.058674))

Frame 18
Affine3((-0.0183097,-0.999832,3.96049e-006)(0.999832,-0.0183097,-2.38177e-006)(2.47393e-006,3.96894e-006,1)(-0.0269377,-0.521627,0.0621141))

Frame 19
Affine3((-0.00449043,-0.99999,4.45468e-006)(0.99999,-0.00449045,2.88113e-006)(-2.88728e-006,4.46587e-006,1)(-0.0232292,-0.520276,0.0614011))

Frame 20
Affine3((0.00220372,-0.999998,2.85122e-006)(0.999998,0.00220372,-2.2696e-006)(2.26176e-006,2.93847e-006,1)(-0.021123,-0.51037,0.05507))

Frame 21
Affine3((-0.000294724,-1,2.33865e-007)(1,-0.00029474,-1.02236e-005)(1.02194e-005,2.36838e-007,1)(-0.0208225,-0.489413,0.0412196))

Frame 22
Affine3((-0.00884274,-0.999961,4.91722e-006)(0.999961,-0.00884277,2.99565e-006)(-2.96615e-006,4.93993e-006,1)(-0.0215488,-0.457903,0.0207098))

Frame 23
Affine3((-0.0205798,-0.999788,3.70118e-006)(0.999788,-0.0205798,-1.99218e-006)(2.06373e-006,3.68557e-006,1)(-0.02292,-0.418108,-0.00443882))

Frame 24
Affine3((-0.0331607,-0.99945,5.29503e-006)(0.99945,-0.0331608,-3.33676e-006)(3.48406e-006,5.19254e-006,1)(-0.0245691,-0.372379,-0.0324693))

Frame 25
Affine3((-0.0444588,-0.999011,-4.96824e-007)(0.999011,-0.0444588,-1.01649e-005)(1.00992e-005,-9.65344e-007,1)(-0.0261749,-0.323074,-0.0617904))

Frame 26
Affine3((-0.0523824,-0.998627,2.28305e-006)(0.998627,-0.0523825,1.93421e-006)(-1.83275e-006,2.45201e-006,1)(-0.0273878,-0.27258,-0.090879))

Frame 27
Affine3((-0.0546562,-0.998505,1.87529e-006)(0.998505,-0.0546562,-7.15817e-006)(7.25853e-006,1.50987e-006,1)(-0.0278902,-0.223237,-0.118218))

Frame 28
Affine3((-0.0487069,-0.998813,3.64462e-006)(0.998813,-0.0487069,3.08495e-006)(-2.89637e-006,3.83181e-006,1)(-0.0272727,-0.177374,-0.142197))

Frame 29
Affine3((-0.0312262,-0.999512,5.08782e-006)(0.999512,-0.0312262,1.07835e-006)(-9.33419e-007,5.13648e-006,1)(-0.0251561,-0.13722,-0.161049))

Frame 30
Affine3((0.00220455,-0.999997,5.49114e-006)(0.999998,0.00220451,-2.22664e-006)(2.22745e-006,5.58682e-006,1)(-0.0211141,-0.104879,-0.172717))

Frame 31
Affine3((0.0521073,-0.998641,1.92442e-006)(0.998641,0.0521073,-3.32107e-006)(3.22413e-006,2.06772e-006,1)(-0.0153221,-0.0787439,-0.177797))

Frame 32
Affine3((0.113978,-0.993483,5.35017e-006)(0.993483,0.113978,1.57483e-006)(-2.20113e-006,5.12485e-006,1)(-0.0086447,-0.0555956,-0.178902))

Frame 33
Affine3((0.185889,-0.982571,3.59503e-007)(0.982571,0.185889,-8.40304e-006)(8.19918e-006,1.95748e-006,1)(-0.00170094,-0.0350575,-0.176635))

Frame 34
Affine3((0.26565,-0.96407,2.52243e-006)(0.96407,0.26565,-3.89658e-006)(3.04463e-006,3.40872e-006,1)(0.00499684,-0.0169317,-0.171508))

Frame 35
Affine3((0.350836,-0.936437,3.84409e-006)(0.936437,0.350836,-3.22708e-006)(1.64409e-006,4.71239e-006,1)(0.0109795,-0.00112915,-0.163981))

Frame 36
Affine3((0.438815,-0.898578,3.149e-006)(0.898578,0.438815,-5.58606e-007)(-8.71653e-007,2.98477e-006,1)(0.0158986,0.0123453,-0.154463))

Frame 37
Affine3((0.526824,-0.849974,3.76204e-006)(0.849974,0.526824,1.5521e-006)(-3.30079e-006,2.35887e-006,1)(0.0195169,0.0234204,-0.143328))

Frame 38
Affine3((0.612133,-0.790755,2.33066e-006)(0.790755,0.612133,-6.78647e-006)(3.91756e-006,6.00757e-006,1)(0.0217098,0.0320065,-0.130925))

Frame 39
Affine3((0.692147,-0.721756,2.65561e-006)(0.721756,0.692147,8.06205e-007)(-2.4404e-006,1.30772e-006,1)(0.0225024,0.0380339,-0.117577))

Frame 40
Affine3((0.764644,-0.644453,9.53125e-007)(0.644453,0.764644,-7.54761e-006)(4.11343e-006,6.38582e-006,1)(0.0219826,0.0414644,-0.103603))

Frame 41
Affine3((0.827852,-0.560946,3.76217e-006)(0.560947,0.827852,2.59858e-006)(-4.56159e-006,-9.40268e-008,1)(0.0203781,0.0423653,-0.0893039))

Frame 42
Affine3((0.880648,-0.47377,2.4757e-006)(0.47377,0.880648,-1.33001e-006)(-1.57822e-006,2.37684e-006,1)(0.0179291,0.0408798,-0.0749883))

Frame 43
Affine3((0.922576,-0.385816,1.93326e-006)(0.385816,0.922576,-3.10465e-006)(-6.19998e-007,3.57188e-006,1)(0.0149471,0.0372923,-0.0609617))

Frame 44
Affine3((0.95389,-0.300157,2.64677e-006)(0.300157,0.95389,5.89782e-007)(-2.73384e-006,2.30882e-007,1)(0.0117405,0.032008,-0.0475392))

Frame 45
Affine3((0.975531,-0.219862,4.47521e-006)(0.219862,0.975531,2.45591e-006)(-4.91548e-006,-1.43458e-006,1)(0.00858466,0.0255476,-0.0350528))

Frame 46
Affine3((0.988996,-0.147939,5.51678e-006)(0.147939,0.988996,1.84726e-006)(-5.70746e-006,-1.0364e-006,1)(0.00571712,0.0185441,-0.0238552))

Frame 47
Affine3((0.996186,-0.0872505,1.54246e-006)(0.0872505,0.996186,-6.94424e-006)(-9.27826e-007,7.04196e-006,1)(0.00331694,0.0117146,-0.0143294))

Frame 48
Affine3((0.999177,-0.0405622,3.96366e-006)(0.0405622,0.999177,-4.49221e-007)(-3.90608e-006,6.06866e-007,1)(0.00152711,0.00585796,-0.00689363))

Frame 49
Affine3((0.999945,-0.0105154,2.58488e-006)(0.0105154,0.999945,-5.76348e-007)(-2.54628e-006,5.76323e-007,1)(0.000413233,0.00176521,-0.00202543))

Frame 50
Affine3((1,0.000137975,5.046e-006)(-0.000137947,1,-4.3501e-006)(-5.02563e-006,4.3332e-006,1)(3.52282e-005,0.0002307,-0.000268519))

