Frame 1
Affine3((1,-1.08179e-008,-1.65716e-008)(-4.08586e-009,1,-4.65784e-010)(-1.22809e-008,-1.66717e-008,1)(0,0,0))

Frame 2
Affine3((0.995787,-0.0916971,-3.26538e-005)(0.0916971,0.995787,-1.39539e-005)(3.38124e-005,1.09254e-005,1)(0.00872102,-0.0211988,6.24657e-005))

Frame 3
Affine3((0.955136,-0.296166,-2.472e-005)(0.296166,0.955136,-8.58732e-006)(2.61576e-005,8.90809e-007,1)(0.027677,-0.0728726,0.000175297))

Frame 4
Affine3((0.851546,-0.524279,-3.22432e-005)(0.524279,0.851546,-1.6887e-005)(3.63605e-005,-2.52482e-006,1)(0.04614,-0.140468,0.00019908))

Frame 5
Affine3((0.707618,-0.706595,-3.70088e-005)(0.706595,0.707618,-1.3001e-005)(3.53995e-005,-1.69654e-005,1)(0.0544672,-0.203581,-5.06639e-006))

Frame 6
Affine3((0.548639,-0.836059,-4.17623e-005)(0.836059,0.548639,-1.71462e-005)(3.72644e-005,-2.55089e-005,1)(0.0498878,-0.250573,-0.000898063))

Frame 7
Affine3((0.377147,-0.926153,-4.7304e-005)(0.926153,0.377147,-1.95676e-005)(3.59713e-005,-3.64203e-005,1)(0.0353317,-0.29092,-0.00215644))

Frame 8
Affine3((0.218063,-0.975935,-5.23467e-005)(0.975935,0.218063,-2.00078e-005)(3.09794e-005,-4.67685e-005,1)(0.014178,-0.325503,-0.00298411))

Frame 9
Affine3((0.0896282,-0.995975,-5.40733e-005)(0.995975,0.0896282,-1.88457e-005)(2.35841e-005,-5.2205e-005,1)(-0.00844051,-0.354671,-0.00260377))

Frame 10
Affine3((0.00243014,-0.999997,-7.10084e-005)(0.999997,0.00243013,-2.70241e-005)(2.72094e-005,-7.0964e-005,1)(-0.0261572,-0.380106,-8.22544e-006))

Frame 11
Affine3((-0.047055,-0.998892,-6.88595e-005)(0.998892,-0.047055,-3.00577e-005)(2.67934e-005,-7.01926e-005,1)(-0.0363509,-0.404691,0.005849))

Frame 12
Affine3((-0.0728252,-0.997345,-6.19938e-005)(0.997345,-0.0728251,-2.81364e-005)(2.35617e-005,-6.39394e-005,1)(-0.0419163,-0.4286,0.014172))

Frame 13
Affine3((-0.0819786,-0.996634,-4.38971e-005)(0.996634,-0.0819785,-2.07124e-005)(1.70641e-005,-4.54835e-005,1)(-0.043814,-0.451301,0.023859))

Frame 14
Affine3((-0.0794118,-0.996842,-3.26341e-005)(0.996842,-0.0794118,-1.40155e-005)(1.14412e-005,-3.36526e-005,1)(-0.0429428,-0.472156,0.0339805))

Frame 15
Affine3((-0.0688157,-0.997629,-4.41518e-005)(0.997629,-0.0688157,-2.56136e-005)(2.25038e-005,-4.57651e-005,1)(-0.0401265,-0.490449,0.0436995))

Frame 16
Affine3((-0.0532372,-0.998582,-3.34299e-005)(0.998582,-0.0532372,-2.27656e-005)(2.09823e-005,-3.46405e-005,1)(-0.0360689,-0.505438,0.0522147))

Frame 17
Affine3((-0.0354271,-0.999372,-2.60374e-005)(0.999372,-0.0354271,-2.02566e-005)(1.93216e-005,-2.67201e-005,1)(-0.031458,-0.516181,0.0586696))

Frame 18
Affine3((-0.0181373,-0.999835,-6.6096e-005)(0.999835,-0.0181373,-4.66849e-005)(4.54702e-005,-6.69251e-005,1)(-0.026982,-0.521532,0.0620996))

Frame 19
Affine3((-0.00434952,-0.999991,7.19348e-006)(0.999991,-0.00434953,-6.97111e-006)(7.02426e-006,7.09181e-006,1)(-0.0232392,-0.520257,0.0614015))

Frame 20
Affine3((0.00228755,-0.999997,-7.75001e-006)(0.999997,0.00228755,-2.21254e-005)(2.21563e-005,-7.7245e-006,1)(-0.0211432,-0.510347,0.055066))

Frame 21
Affine3((-0.000273305,-1,-7.95451e-006)(1,-0.000273259,-2.36214e-005)(2.36447e-005,-7.98121e-006,1)(-0.0208372,-0.489401,0.0412152))

Frame 22
Affine3((-0.00886574,-0.999961,-1.11803e-005)(0.999961,-0.00886575,-2.46692e-005)(2.45506e-005,-1.13732e-005,1)(-0.0215734,-0.457891,0.0207003))

Frame 23
Affine3((-0.0206568,-0.999787,8.16875e-006)(0.999787,-0.0206569,-2.30423e-005)(2.32134e-005,7.60985e-006,1)(-0.0229379,-0.418124,-0.00444353))

Frame 24
Affine3((-0.0332951,-0.999445,1.05401e-005)(0.999446,-0.033295,-2.20034e-005)(2.23215e-005,9.80767e-006,1)(-0.0245844,-0.372404,-0.0324749))

Frame 25
Affine3((-0.0446471,-0.999003,2.08132e-006)(0.999003,-0.0446472,-2.98132e-005)(2.9867e-005,7.91603e-007,1)(-0.0261921,-0.323104,-0.0617986))

Frame 26
Affine3((-0.0526073,-0.998615,1.80172e-005)(0.998615,-0.0526073,-2.74085e-005)(2.83123e-005,1.65477e-005,1)(-0.0274122,-0.272628,-0.0908867))

Frame 27
Affine3((-0.054935,-0.99849,1.1997e-005)(0.99849,-0.054935,-2.6096e-005)(2.67365e-005,1.05276e-005,1)(-0.0279059,-0.223289,-0.118227))

Frame 28
Affine3((-0.0490084,-0.998798,3.28986e-005)(0.998798,-0.0490084,-2.36603e-005)(2.52307e-005,3.16842e-005,1)(-0.0272936,-0.177447,-0.142203))

Frame 29
Affine3((-0.0315622,-0.999502,2.9515e-005)(0.999502,-0.0315621,-2.13314e-005)(2.22724e-005,2.87756e-005,1)(-0.025172,-0.137295,-0.161057))

Frame 30
Affine3((0.00184889,-0.999998,1.54324e-005)(0.999998,0.00184886,-3.05793e-005)(3.05587e-005,1.54998e-005,1)(-0.0211325,-0.104944,-0.172728))

Frame 31
Affine3((0.051742,-0.998661,3.68003e-005)(0.998661,0.051742,-2.25418e-005)(2.06265e-005,3.79013e-005,1)(-0.0153272,-0.078834,-0.177802))

Frame 32
Affine3((0.113612,-0.993525,2.63159e-005)(0.993525,0.113612,-2.53753e-005)(2.22733e-005,2.90014e-005,1)(-0.00865222,-0.0556743,-0.178911))

Frame 33
Affine3((0.185525,-0.982639,3.85556e-005)(0.98264,0.185525,-2.00513e-005)(1.25616e-005,4.15931e-005,1)(-0.00168677,-0.0351497,-0.176639))

Frame 34
Affine3((0.2653,-0.964166,2.38867e-005)(0.964166,0.2653,-2.11311e-005)(1.40651e-005,2.86225e-005,1)(0.00500868,-0.0170077,-0.171516))

Frame 35
Affine3((0.350512,-0.936558,2.9042e-005)(0.936558,0.350512,-1.66941e-005)(5.44233e-006,3.30687e-005,1)(0.0110021,-0.00120358,-0.163987))

Frame 36
Affine3((0.438517,-0.898723,1.54119e-005)(0.898723,0.438517,-2.74248e-005)(1.78998e-005,2.58145e-005,1)(0.0159101,0.0122808,-0.154472))

Frame 37
Affine3((0.526562,-0.850137,2.44546e-005)(0.850137,0.526562,-1.85567e-005)(2.9312e-006,3.05428e-005,1)(0.0195425,0.0233571,-0.143334))

Frame 38
Affine3((0.611899,-0.790936,1.53186e-005)(0.790936,0.611899,-1.74338e-005)(4.44932e-006,2.27726e-005,1)(0.0217419,0.0319578,-0.130931))

Frame 39
Affine3((0.691954,-0.721941,1.30491e-005)(0.721941,0.691954,-1.70652e-005)(3.27328e-006,2.12106e-005,1)(0.02253,0.0379895,-0.117584))

Frame 40
Affine3((0.76448,-0.644647,-1.23423e-006)(0.644647,0.76448,-2.05633e-005)(1.41834e-005,1.49192e-005,1)(0.0220049,0.0414342,-0.103611))

Frame 41
Affine3((0.827732,-0.561124,1.08752e-005)(0.561124,0.827732,-1.37256e-005)(-1.31325e-006,1.74775e-005,1)(0.020406,0.0423347,-0.0893093))

Frame 42
Affine3((0.880556,-0.473943,-1.6405e-006)(0.473943,0.880556,-2.15644e-005)(1.16731e-005,1.8191e-005,1)(0.0179451,0.040854,-0.0749951))

Frame 43
Affine3((0.922506,-0.385982,-1.70478e-005)(0.385982,0.922506,-2.27846e-005)(2.45853e-005,1.44575e-005,1)(0.0149503,0.0372743,-0.060971))

Frame 44
Affine3((0.953845,-0.300299,5.68367e-006)(0.300299,0.953845,-9.21389e-006)(-2.58792e-006,1.05021e-005,1)(0.0117629,0.0319943,-0.0475425))

Frame 45
Affine3((0.975504,-0.219983,-2.00626e-006)(0.219983,0.975504,-1.3625e-005)(4.9663e-006,1.28336e-005,1)(0.00859499,0.0255328,-0.0350575))

Frame 46
Affine3((0.988981,-0.148043,-7.19971e-006)(0.148043,0.988981,-1.34145e-005)(9.13942e-006,1.22095e-005,1)(0.00572036,0.018532,-0.0238601))

Frame 47
Affine3((0.996177,-0.0873516,-2.02464e-005)(0.0873516,0.996178,-1.4046e-005)(2.14059e-005,1.22315e-005,1)(0.00331153,0.0117094,-0.0143354))

Frame 48
Affine3((0.999174,-0.0406431,-2.7715e-005)(0.0406431,0.999174,-2.05788e-005)(2.85564e-005,1.94476e-005,1)(0.00150912,0.00584108,-0.00690192))

Frame 49
Affine3((0.999944,-0.0105895,-4.01588e-006)(0.0105895,0.999944,-1.09474e-005)(4.16588e-006,1.08824e-005,1)(0.000418425,0.00175702,-0.00202757))

Frame 50
Affine3((1,6.80039e-005,-1.13154e-005)(-6.79715e-005,1,-8.77194e-006)(1.1338e-005,8.79672e-006,1)(3.15011e-005,0.000228114,-0.000272274))

