Frame 1
Affine3((1,-5.50555e-009,2.6747e-009)(-1.89263e-008,1,1.12619e-010)(6.14369e-009,1.95864e-008,1)(0,0,0))

Frame 2
Affine3((0.997661,0.0672289,-0.0123604)(-0.0673071,0.997714,-0.00602812)(0.0119269,0.006846,0.999905)(-0.011336,-0.0168509,0.000634074))

Frame 3
Affine3((0.966816,0.251899,-0.0425869)(-0.252809,0.967359,-0.0174469)(0.0368019,0.0276343,0.99894)(-0.037456,-0.067095,0.00329465))

Frame 4
Affine3((0.863854,0.497855,-0.0767955)(-0.500543,0.865489,-0.0196372)(0.0566892,0.0554031,0.996853)(-0.058882,-0.146138,0.00880277))

Frame 5
Affine3((0.681457,0.725423,-0.0968439)(-0.729365,0.684077,-0.00811607)(0.0603611,0.0761653,0.995266)(-0.0572787,-0.238068,0.0143602))

Frame 6
Affine3((0.462675,0.881733,-0.0920758)(-0.885091,0.465339,0.00863619)(0.0504612,0.0774997,0.995715)(-0.0305483,-0.320857,0.016091))

Frame 7
Affine3((0.261898,0.9628,-0.0665213)(-0.964439,0.263639,0.0187439)(0.0355842,0.0592468,0.997609)(0.0102069,-0.381409,0.0130622))

Frame 8
Affine3((0.113123,0.993035,-0.0329186)(-0.993371,0.113717,0.0167829)(0.0204095,0.0308019,0.999317)(0.0525911,-0.41808,0.00726628))

Frame 9
Affine3((0.0265703,0.999636,-0.00473461)(-0.999603,0.0266133,0.00926417)(0.00938677,0.00448661,0.999946)(0.0845419,-0.435433,0.0021019))

Frame 10
Affine3((-0.000203006,0.999976,0.00699672)(-0.999998,-0.000216055,0.00187124)(0.0018727,-0.00699632,0.999974)(0.0996696,-0.439964,-0.000541568))

Frame 11
Affine3((0.000690515,0.999973,0.00735615)(-0.999997,0.000706951,-0.00222841)(-0.00223357,-0.0073546,0.99997)(0.103122,-0.439823,-0.00123763))

Frame 12
Affine3((0.00126246,0.99997,0.00763564)(-0.999986,0.00130231,-0.00520857)(-0.00521836,-0.00762898,0.999957)(0.105634,-0.439728,-0.00173646))

Frame 13
Affine3((0.00150835,0.999968,0.00783548)(-0.999976,0.001561,-0.00671267)(-0.00672469,-0.00782519,0.999947)(0.106938,-0.439689,-0.00199282))

Frame 14
Affine3((0.00161998,0.999967,0.00797435)(-0.999967,0.00168296,-0.00789841)(-0.00791155,-0.00796131,0.999937)(0.107933,-0.439666,-0.00219095))

Frame 15
Affine3((0.00162127,0.999966,0.00804925)(-0.999963,0.00168944,-0.00846571)(-0.00847901,-0.00803522,0.999932)(0.108392,-0.439668,-0.00228626))

Frame 16
Affine3((0.00157457,0.999966,0.00807847)(-0.999959,0.00164666,-0.00891837)(-0.0089314,-0.00806407,0.999928)(0.108716,-0.439676,-0.00235927))

Frame 17
Affine3((0.00130999,0.999967,0.00806534)(-0.999963,0.0013782,-0.00845636)(-0.00846723,-0.00805399,0.999932)(0.108299,-0.439717,-0.00228685))

Frame 18
Affine3((0.00124501,0.999967,0.00801374)(-0.99996,0.00131606,-0.00886203)(-0.00887227,-0.0080024,0.999929)(0.108513,-0.439732,-0.00234312))

Frame 19
Affine3((0.00121136,0.999968,0.00793498)(-0.999954,0.00128688,-0.00951791)(-0.00952783,-0.00792305,0.999923)(0.108899,-0.439741,-0.00243342))

Frame 20
Affine3((0.00101781,0.999969,0.00783172)(-0.999957,0.00108983,-0.00919215)(-0.00920038,-0.00782206,0.999927)(0.108511,-0.439779,-0.00237232))

Frame 21
Affine3((0.000969638,0.99997,0.00771854)(-0.999952,0.00104456,-0.00970498)(-0.00971278,-0.00770874,0.999923)(0.108764,-0.439787,-0.00243664))

Frame 22
Affine3((0.000931203,0.999971,0.00759263)(-0.999949,0.00100738,-0.0100365)(-0.0100439,-0.00758291,0.999921)(0.108876,-0.439797,-0.00247216))

Frame 23
Affine3((0.000788811,0.999972,0.00746052)(-0.999953,0.000861056,-0.00968116)(-0.0096873,-0.00745256,0.999925)(0.108468,-0.439823,-0.00240278))

Frame 24
Affine3((0.000915035,0.999973,0.00732875)(-0.999946,0.000991025,-0.0103672)(-0.0103741,-0.00731888,0.999919)(0.108874,-0.43981,-0.0024913))

Frame 25
Affine3((0.000954344,0.999973,0.00720574)(-0.999945,0.00102937,-0.0104094)(-0.0104165,-0.00719542,0.99992)(0.108813,-0.439807,-0.00248301))

Frame 26
Affine3((0.00106914,0.999974,0.00709109)(-0.999945,0.00114288,-0.0103967)(-0.0104045,-0.0070796,0.999921)(0.108742,-0.439797,-0.00246823))

Frame 27
Affine3((0.00116658,0.999975,0.00700287)(-0.99995,0.00123627,-0.0099542)(-0.00996262,-0.00699091,0.999926)(0.108386,-0.439785,-0.00239062))

Frame 28
Affine3((0.00119137,0.999975,0.0069526)(-0.999959,0.00125342,-0.00891825)(-0.00892678,-0.00694167,0.999936)(0.107635,-0.439774,-0.00222713))

Frame 29
Affine3((0.00153825,0.999975,0.00692921)(-0.99996,0.00159898,-0.00876142)(-0.00877225,-0.00691547,0.999938)(0.107623,-0.439722,-0.00220066))

Frame 30
Affine3((0.0020744,0.999974,0.00695842)(-0.999957,0.00213739,-0.00904887)(-0.00906352,-0.00693936,0.999935)(0.108037,-0.439635,-0.00224781))

Frame 31
Affine3((0.012217,0.999916,0.00436237)(-0.999902,0.0122467,-0.0068401)(-0.00689293,-0.00427839,0.999967)(0.104489,-0.43804,-0.00160116))

Frame 32
Affine3((0.0408097,0.999163,-0.00294081)(-0.999166,0.0408052,-0.00157536)(-0.00145403,0.0030026,0.999994)(0.0946627,-0.433326,0.000114977))

Frame 33
Affine3((0.0858529,0.99621,-0.0139626)(-0.996271,0.0859625,0.00744562)(0.0086177,0.0132714,0.999875)(0.0782903,-0.425054,0.00300395))

Frame 34
Affine3((0.145836,0.988922,-0.0276674)(-0.989075,0.146353,0.0176716)(0.021525,0.024788,0.999461)(0.0575803,-0.412541,0.006648))

Frame 35
Affine3((0.218584,0.974875,-0.0428887)(-0.975122,0.219877,0.0281407)(0.0368639,0.0356706,0.998683)(0.0336997,-0.395056,0.0108042))

Frame 36
Affine3((0.301657,0.951629,-0.0583538)(-0.951953,0.304019,0.0368442)(0.0528026,0.0444358,0.997616)(0.00889881,-0.372199,0.0149384))

Frame 37
Affine3((0.391935,0.917117,-0.0726877)(-0.917476,0.395481,0.0428025)(0.0680015,0.0499134,0.996436)(-0.0150075,-0.343928,0.0185848))

Frame 38
Affine3((0.486008,0.869853,-0.0845633)(-0.870211,0.490602,0.0451923)(0.0807975,0.0516241,0.995393)(-0.0360708,-0.310791,0.0212509))

Frame 39
Affine3((0.580056,0.809275,-0.0927872)(-0.809631,0.585315,0.0436404)(0.0896268,0.0498096,0.994729)(-0.0525644,-0.273972,0.0225394))

Frame 40
Affine3((0.670049,0.73602,-0.0964771)(-0.736288,0.675501,0.0397304)(0.0944127,0.0444136,0.994542)(-0.0640908,-0.234456,0.0225176))

Frame 41
Affine3((0.752594,0.651563,-0.0952259)(-0.651772,0.757688,0.0332052)(0.0937867,0.0370755,0.994902)(-0.0694498,-0.194453,0.0210389))

Frame 42
Affine3((0.824543,0.558733,-0.0891428)(-0.558804,0.828876,0.026503)(0.0886965,0.0279606,0.995666)(-0.0694181,-0.154989,0.0186177))

Frame 43
Affine3((0.883842,0.461088,-0.078876)(-0.460998,0.887166,0.0204469)(0.0794039,0.0182899,0.996675)(-0.0644093,-0.11775,0.0155925))

Frame 44
Affine3((0.929658,0.362548,-0.0655423)(-0.362401,0.931909,0.0145389)(0.0663506,0.0102363,0.997744)(-0.0550787,-0.0849671,0.0121647))

Frame 45
Affine3((0.962128,0.267873,-0.0505277)(-0.267702,0.963447,0.0102442)(0.0514249,0.00367015,0.99867)(-0.0433087,-0.0569747,0.00890076))

Frame 46
Affine3((0.982733,0.181622,-0.0353528)(-0.181458,0.983368,0.0078229)(0.0361856,-0.00127278,0.999344)(-0.0307337,-0.0341162,0.0061149))

Frame 47
Affine3((0.993921,0.107975,-0.0214866)(-0.107865,0.994146,0.00618927)(0.0220292,-0.00383396,0.99975)(-0.0188001,-0.0170845,0.00382817))

Frame 48
Affine3((0.99865,0.0509282,-0.0102458)(-0.0508743,0.99869,0.00544847)(0.0105098,-0.00491988,0.999933)(-0.00901374,-0.00524253,0.00218284))

Frame 49
Affine3((0.999901,0.0138241,-0.0027692)(-0.0138135,0.999897,0.00380777)(0.00282155,-0.00376913,0.999989)(-0.00244543,0.000725679,0.000956416))

Frame 50
Affine3((1,0.000622194,-5.96149e-005)(-0.000621968,0.999995,0.00297495)(6.14543e-005,-0.00297492,0.999996)(-9.38177e-005,0.00251208,0.000485241))

