Frame 1
Affine3((1,-1.14556e-008,4.30781e-009)(-1.20288e-008,1,-6.4716e-009)(8.53031e-009,-1.57516e-008,1)(0,0,0))

Frame 2
Affine3((0.997983,0.0624755,-0.0113097)(-0.0620033,0.997347,0.0381481)(0.013663,-0.0373699,0.999208)(-0.0117938,0.0142661,0.0046262))

Frame 3
Affine3((0.971252,0.237964,-0.00654624)(-0.23579,0.965434,0.111087)(0.0327546,-0.10635,0.993789)(-0.0297932,0.0293017,0.0187602))

Frame 4
Affine3((0.877694,0.477911,0.0354051)(-0.476701,0.863127,0.166639)(0.0490796,-0.163136,0.985382)(-0.043518,0.0144664,0.0358128))

Frame 5
Affine3((0.70346,0.7054,0.0869198)(-0.707582,0.683575,0.179036)(0.066876,-0.187448,0.979995)(-0.052636,-0.0374877,0.0476774))

Frame 6
Affine3((0.4877,0.865016,0.117878)(-0.869428,0.469029,0.155264)(0.0790173,-0.178209,0.980815)(-0.0483266,-0.120837,0.0489821))

Frame 7
Affine3((0.284848,0.951377,0.117236)(-0.955464,0.27195,0.114595)(0.0771403,-0.144657,0.98647)(-0.0264742,-0.218374,0.0417046))

Frame 8
Affine3((0.129975,0.987248,0.0919162)(-0.989584,0.123377,0.074172)(0.0618858,-0.100599,0.993)(0.00820838,-0.311421,0.0306112))

Frame 9
Affine3((0.0361081,0.997845,0.0547832)(-0.998541,0.0338229,0.0420841)(0.0401405,-0.0562228,0.997611)(0.0465643,-0.385536,0.0188319))

Frame 10
Affine3((0.00263154,0.999855,0.0168011)(-0.999892,0.00238863,0.0144645)(0.0144223,-0.0168374,0.999754)(0.0794515,-0.431296,0.00767183))

Frame 11
Affine3((0.00066885,0.999999,-0.00126243)(-0.999991,0.000674135,0.00414943)(0.00415026,0.00125968,0.999991)(0.0937588,-0.446405,0.00206876))

Frame 12
Affine3((0.00105456,0.999999,-0.000759599)(-0.999977,0.00105967,0.00671263)(0.00671345,0.000752492,0.999977)(0.0940439,-0.446268,0.0018394))

Frame 13
Affine3((0.0013123,0.999999,-0.000430063)(-0.99996,0.00131608,0.00881715)(0.00881772,0.000418445,0.999961)(0.0941999,-0.446203,0.00166138))

Frame 14
Affine3((0.00123761,0.999999,-0.000244674)(-0.999957,0.00123986,0.00914394)(0.00914424,0.000233334,0.999958)(0.0942574,-0.446179,0.00165296))

Frame 15
Affine3((0.00116212,0.999999,-0.000174763)(-0.999954,0.00116376,0.00949709)(0.00949735,0.000163697,0.999955)(0.0942199,-0.446206,0.00164661))

Frame 16
Affine3((0.000957953,1,-0.00018406)(-0.999959,0.000959584,0.00898683)(0.00898699,0.000175416,0.99996)(0.0941234,-0.446257,0.00172219))

Frame 17
Affine3((0.000911303,1,-0.000301237)(-0.999952,0.000914213,0.00976151)(0.00976178,0.000292326,0.999952)(0.0939465,-0.446369,0.0016769))

Frame 18
Affine3((0.000751624,1,-0.000472991)(-0.999952,0.000756258,0.00979666)(0.00979705,0.000465622,0.999952)(0.0937316,-0.446492,0.00170052))

Frame 19
Affine3((0.000685213,1,-0.000695135)(-0.999946,0.000692382,0.0103501)(0.0103505,0.000688008,0.999946)(0.093479,-0.446638,0.00167553))

Frame 20
Affine3((0.000484495,0.999999,-0.000948828)(-0.99995,0.000493957,0.00999058)(0.00999109,0.00094393,0.99995)(0.0932261,-0.446781,0.00172985))

Frame 21
Affine3((0.000524066,0.999999,-0.00124654)(-0.999937,0.000538021,0.0111848)(0.0111854,0.00124057,0.999937)(0.0929465,-0.446951,0.00163598))

Frame 22
Affine3((0.000385569,0.999999,-0.00151592)(-0.999941,0.000402059,0.0108676)(0.0108683,0.00151161,0.99994)(0.0927061,-0.447082,0.00167871))

Frame 23
Affine3((0.000324689,0.999998,-0.00179212)(-0.999941,0.000344226,0.0108835)(0.0108841,0.00178844,0.999939)(0.092486,-0.447206,0.00168312))

Frame 24
Affine3((0.000275508,0.999998,-0.0020583)(-0.999941,0.000297963,0.0108802)(0.0108808,0.00205513,0.999939)(0.092307,-0.447311,0.00167918))

Frame 25
Affine3((0.000448175,0.999997,-0.00226475)(-0.999931,0.000474794,0.0117421)(0.0117431,0.00225933,0.999928)(0.0921788,-0.447385,0.00159246))

Frame 26
Affine3((0.000651208,0.999997,-0.00241527)(-0.999923,0.00068105,0.0123685)(0.0123701,0.00240702,0.999921)(0.092134,-0.447412,0.00151636))

Frame 27
Affine3((0.000827858,0.999997,-0.00249573)(-0.999922,0.000858839,0.0124319)(0.012434,0.00248523,0.99992)(0.092188,-0.44738,0.00147933))

Frame 28
Affine3((0.00111877,0.999996,-0.00247004)(-0.999921,0.0011497,0.0125316)(0.0125344,0.00245582,0.999918)(0.0923593,-0.447279,0.0014282))

Frame 29
Affine3((0.00138837,0.999996,-0.00232925)(-0.999928,0.00141617,0.0119429)(0.0119462,0.0023125,0.999926)(0.092667,-0.447091,0.00142729))

Frame 30
Affine3((0.00167636,0.999997,-0.00204295)(-0.999941,0.00169823,0.01073)(0.0107335,0.00202484,0.99994)(0.0931446,-0.446803,0.00146736))

Frame 31
Affine3((0.0114513,0.999925,-0.00440242)(-0.99992,0.0114746,0.00530258)(0.0053527,0.00434133,0.999976)(0.0959697,-0.445026,0.000195041))

Frame 32
Affine3((0.0395708,0.999195,-0.00660015)(-0.999204,0.0395367,-0.00522458)(-0.00495933,0.00680159,0.999964)(0.0992534,-0.436693,-0.00195375))

Frame 33
Affine3((0.0850536,0.996369,-0.0038437)(-0.996254,0.084982,-0.0160141)(-0.0156293,0.00519131,0.999864)(0.0997145,-0.419161,-0.003602))

Frame 34
Affine3((0.145627,0.989334,0.00324871)(-0.988922,0.14566,-0.0285653)(-0.0287339,0.000947135,0.999587)(0.0983603,-0.394111,-0.00454001))

Frame 35
Affine3((0.219175,0.975587,0.0138491)(-0.974728,0.219567,-0.0411691)(-0.0432048,-0.00447585,0.999056)(0.0960419,-0.363315,-0.00477673))

Frame 36
Affine3((0.302842,0.952661,0.026905)(-0.951203,0.30389,-0.0535046)(-0.0591479,-0.00938871,0.998205)(0.093423,-0.328563,-0.00421312))

Frame 37
Affine3((0.393455,0.918419,0.0412187)(-0.916221,0.395417,-0.064683)(-0.0757047,-0.0123157,0.997054)(0.0909156,-0.291612,-0.00286645))

Frame 38
Affine3((0.487696,0.871252,0.0554375)(-0.868415,0.490657,-0.0714916)(-0.0894879,-0.0132767,0.995899)(0.088641,-0.254156,-0.00112551))

Frame 39
Affine3((0.581401,0.810755,0.0681835)(-0.807302,0.58528,-0.0755631)(-0.10117,-0.0111122,0.994807)(0.0865094,-0.217647,0.000968158))

Frame 40
Affine3((0.670831,0.737471,0.078237)(-0.733543,0.67535,-0.0762751)(-0.109088,-0.00622251,0.994013)(0.084202,-0.183284,0.00305477))

Frame 41
Affine3((0.752463,0.653176,0.0846234)(-0.648934,0.757206,-0.0743254)(-0.112625,0.00101198,0.993637)(0.0812769,-0.151921,0.00485867))

Frame 42
Affine3((0.823406,0.560778,0.0867718)(-0.55627,0.827895,-0.0717853)(-0.112094,0.0108398,0.993639)(0.0772978,-0.124067,0.00627676))

Frame 43
Affine3((0.882045,0.463517,0.0845475)(-0.459155,0.885867,-0.0664637)(-0.105705,0.0198037,0.9942)(0.0718338,-0.0998782,0.00681199))

Frame 44
Affine3((0.927449,0.365658,0.0783064)(-0.361658,0.930326,-0.0608049)(-0.0950842,0.0280734,0.995073)(0.0646949,-0.0792068,0.00662912))

Frame 45
Affine3((0.959962,0.271574,0.0686984)(-0.268151,0.9618,-0.055097)(-0.0810371,0.0344696,0.996115)(0.0558788,-0.0616927,0.00578551))

Frame 46
Affine3((0.980996,0.185581,0.0566362)(-0.182942,0.981916,-0.0487225)(-0.0646539,0.0374354,0.997205)(0.0456415,-0.0468163,0.00439477))

Frame 47
Affine3((0.99278,0.111908,0.043182)(-0.110111,0.993033,-0.0419757)(-0.0475785,0.0369179,0.998185)(0.0345362,-0.0340452,0.00279732))

Frame 48
Affine3((0.998085,0.0544154,0.029431)(-0.0533913,0.997976,-0.0345297)(-0.0312504,0.0328921,0.99897)(0.0233364,-0.0229031,0.00135076))

Frame 49
Affine3((0.999727,0.0165938,0.0164239)(-0.0161821,0.999559,-0.0248862)(-0.0168296,0.0246136,0.999555)(0.0129125,-0.0130561,0.000328943))

Frame 50
Affine3((0.999985,0.0018687,0.00524239)(-0.00180393,0.999922,-0.0123262)(-0.00526504,0.0123165,0.99991)(0.00415498,-0.00442296,0.000118166))

