Frame 1
Affine3((1,-9.1117e-009,1.10977e-008)(4.45912e-009,1,7.16054e-009)(3.52962e-011,-7.87396e-009,1)(0,0,0))

Frame 2
Affine3((0.999999,-0.000719763,0.001003)(0.000721538,0.999998,-0.00174869)(-0.0010017,0.00174941,0.999998)(-4.09186e-005,0.000293247,0.000259925))

Frame 3
Affine3((0.99705,0.0721145,0.0262664)(-0.0720102,0.997392,-0.00489499)(-0.0265509,0.00298909,0.999643)(0.00596283,-0.00342395,0.00530742))

Frame 4
Affine3((0.959749,0.269073,0.0805155)(-0.269749,0.962927,-0.00256633)(-0.0782211,-0.0192559,0.99675)(0.0139561,-0.0168949,0.0155051))

Frame 5
Affine3((0.842074,0.522138,0.135213)(-0.526751,0.850018,-0.00194653)(-0.115949,-0.0695842,0.990815)(0.0142516,-0.0512016,0.0260266))

Frame 6
Affine3((0.648527,0.744162,0.160113)(-0.753897,0.656992,8.67969e-005)(-0.105128,-0.120765,0.987099)(0.0119457,-0.115639,0.0307222))

Frame 7
Affine3((0.429978,0.89039,0.149414)(-0.900556,0.434738,0.000887537)(-0.0641659,-0.134938,0.988774)(0.0183708,-0.203303,0.0286761))

Frame 8
Affine3((0.237375,0.964695,0.114092)(-0.970993,0.239105,-0.00152833)(-0.0287544,-0.11042,0.993469)(0.0370011,-0.295779,0.0221374))

Frame 9
Affine3((0.0986628,0.992821,0.0676125)(-0.995057,0.0991965,-0.00457234)(-0.0112464,-0.0668272,0.997701)(0.06202,-0.374926,0.0134508))

Frame 10
Affine3((0.021523,0.99955,0.0209167)(-0.999735,0.0216891,-0.00775055)(-0.00820072,-0.0207443,0.999751)(0.0842953,-0.427893,0.0047139))

Frame 11
Affine3((-0.000907549,0.999999,-0.00129511)(-0.99998,-0.000915707,-0.0062975)(-0.00629866,0.00128936,0.999979)(0.0939285,-0.446676,0.000285417))

Frame 12
Affine3((-0.000476997,1,-0.000842664)(-0.999994,-0.00047982,-0.00335579)(-0.00335617,0.000841058,0.999994)(0.0942008,-0.446533,0.000108033))

Frame 13
Affine3((-4.72505e-006,1,-0.000446204)(-0.999999,-5.19788e-006,-0.001081)(-0.00108101,0.000446211,0.999999)(0.0943874,-0.446428,-2.79956e-005))

Frame 14
Affine3((0.000133059,1,-0.000190666)(-1,0.000132956,-0.000705174)(-0.000705122,0.000190718,1)(0.0944842,-0.446364,-1.3873e-005))

Frame 15
Affine3((0.000266487,1,-0.000108422)(-1,0.000266468,-0.000394087)(-0.000394056,0.000108502,1)(0.0944903,-0.446355,-2.58684e-005))

Frame 16
Affine3((0.000218965,1,-7.11286e-005)(-0.999999,0.000218929,-0.00102903)(-0.001029,7.13546e-005,0.999999)(0.0944316,-0.446378,3.89479e-005))

Frame 17
Affine3((0.000367236,1,-0.000172038)(-1,0.000367164,-0.000435722)(-0.000435675,0.00017222,1)(0.094301,-0.446455,-3.49879e-005))

Frame 18
Affine3((0.000372906,1,-0.000288703)(-1,0.00037271,-0.000638293)(-0.000638214,0.00028893,1)(0.0941301,-0.446549,-4.03039e-005))

Frame 19
Affine3((0.000449317,1,-0.000478753)(-1,0.000449161,-0.000357504)(-0.000357284,0.000478902,1)(0.0939174,-0.446671,-0.000105169))

Frame 20
Affine3((0.000365989,1,-0.000739821)(-0.999999,0.000365258,-0.00097609)(-0.000975816,0.000740205,0.999999)(0.0937008,-0.446793,-9.70848e-005))

Frame 21
Affine3((0.000853758,0.999999,-0.00091793)(-1,0.000853641,-0.000128392)(-0.000127627,0.000918023,1)(0.0935245,-0.446881,-0.000226308))

Frame 22
Affine3((0.000436745,0.999999,-0.00124041)(-1,0.00043597,-0.000649628)(-0.000649109,0.00124068,0.999999)(0.0932387,-0.447065,-0.000228401))

Frame 23
Affine3((0.000718033,0.999999,-0.00144313)(-0.999999,0.000716693,-0.000914814)(-0.000913768,0.00144381,0.999999)(0.0930996,-0.447127,-0.000257336))

Frame 24
Affine3((0.000669755,0.999998,-0.00170785)(-0.999999,0.000667897,-0.00109459)(-0.00109344,0.00170858,0.999998)(0.092929,-0.44723,-0.000291713))

Frame 25
Affine3((0.000760891,0.999998,-0.00190763)(-1,0.000760186,-0.00037169)(-0.000370221,0.0019079,0.999998)(0.0927889,-0.44732,-0.000400394))

Frame 26
Affine3((0.000494933,0.999998,-0.00215669)(-1,0.000495528,0.000266453)(0.000267491,0.00215657,0.999998)(0.092649,-0.447432,-0.000494629))

Frame 27
Affine3((0.000458228,0.999997,-0.00229836)(-1,0.000459168,0.000399044)(0.00040011,0.00229817,0.999997)(0.0926571,-0.447439,-0.000532787))

Frame 28
Affine3((0.000433641,0.999997,-0.00231559)(-1,0.000435211,0.000674672)(0.000675698,0.00231526,0.999997)(0.0927568,-0.447393,-0.000562087))

Frame 29
Affine3((0.000315936,0.999997,-0.00224103)(-1,0.000316823,0.000401247)(0.000401963,0.0022409,0.999997)(0.0929741,-0.447275,-0.000521947))

Frame 30
Affine3((0.00012055,0.999998,-0.00202792)(-1,0.000119881,-0.000329698)(-0.000329486,0.00202796,0.999998)(0.0933352,-0.447072,-0.000413071))

Frame 31
Affine3((0.00110239,0.99998,-0.00616379)(-0.999999,0.00109826,-0.000672259)(-0.000665517,0.00616452,0.999981)(0.0941682,-0.446864,-0.00117339))

Frame 32
Affine3((0.012695,0.999851,-0.0116984)(-0.999919,0.0126866,-0.000793273)(-0.00064477,0.0117075,0.999931)(0.0935666,-0.441356,-0.0022167))

Frame 33
Affine3((0.0419681,0.999044,-0.0122113)(-0.999118,0.0419809,0.000802903)(0.00131474,0.0121668,0.999925)(0.0898424,-0.426265,-0.00241432))

Frame 34
Affine3((0.0876936,0.996113,-0.00823728)(-0.996144,0.0877111,0.00178579)(0.00250135,0.00804894,0.999964)(0.0841225,-0.402945,-0.00168687))

Frame 35
Affine3((0.148119,0.988969,-0.00049079)(-0.988966,0.14812,0.00265934)(0.00270268,9.14706e-005,0.999996)(0.0773125,-0.37301,-0.00022601))

Frame 36
Affine3((0.220022,0.975446,0.00977677)(-0.975495,0.220007,0.00261797)(0.00040276,-0.0101132,0.999949)(0.0700039,-0.338251,0.00183555))

Frame 37
Affine3((0.301755,0.953144,0.021467)(-0.953371,0.301799,0.00124429)(-0.00529272,-0.0208415,0.999769)(0.0630342,-0.300214,0.00428169))

Frame 38
Affine3((0.390793,0.919865,0.0336004)(-0.920398,0.390982,0.00102111)(-0.0121979,-0.0313247,0.999435)(0.0568791,-0.260575,0.0066889))

Frame 39
Affine3((0.483523,0.874192,0.0446394)(-0.875066,0.484004,3.53892e-005)(-0.0215747,-0.0390795,0.999003)(0.051762,-0.220921,0.00893618))

Frame 40
Affine3((0.575793,0.815852,0.0533598)(-0.816992,0.576649,-0.000781991)(-0.0314079,-0.0431443,0.998575)(0.0474411,-0.182722,0.0107213))

Frame 41
Affine3((0.664846,0.744643,0.0590384)(-0.745878,0.666081,-0.00167495)(-0.0405716,-0.0429218,0.998254)(0.0439618,-0.147134,0.0118982))

Frame 42
Affine3((0.746896,0.662148,0.0608796)(-0.663194,0.748438,-0.00393063)(-0.0481672,-0.0374392,0.998137)(0.0408776,-0.115117,0.012444))

Frame 43
Affine3((0.8192,0.570434,0.0592971)(-0.571221,0.820785,-0.00436382)(-0.0511594,-0.0302969,0.998231)(0.0377009,-0.0872897,0.01215))

Frame 44
Affine3((0.879546,0.472696,0.0543877)(-0.473156,0.880965,-0.00489836)(-0.0502291,-0.0214255,0.998508)(0.0340887,-0.0639481,0.011207))

Frame 45
Affine3((0.926413,0.373599,0.0467231)(-0.37377,0.927506,-0.00536096)(-0.0453388,-0.0124972,0.998893)(0.0295616,-0.0449888,0.00973122))

Frame 46
Affine3((0.96002,0.277417,0.0374326)(-0.277423,0.960734,-0.00515935)(-0.037394,-0.00543159,0.999286)(0.0241196,-0.0301048,0.00787693))

Frame 47
Affine3((0.981594,0.189009,0.0273502)(-0.188945,0.981975,-0.00493385)(-0.0277898,-0.000324666,0.999614)(0.0179764,-0.0188124,0.0058731))

Frame 48
Affine3((0.993447,0.112951,0.0174808)(-0.112879,0.993596,-0.0050342)(-0.0179374,0.00302802,0.999835)(0.0116743,-0.0105824,0.00394283))

Frame 49
Affine3((0.998524,0.0535673,0.00895725)(-0.0535259,0.998555,-0.00479479)(-0.00920111,0.00430825,0.999948)(0.00596626,-0.00490706,0.00223891))

Frame 50
Affine3((0.999887,0.0148285,0.00265057)(-0.0148168,0.999881,-0.00438408)(-0.0027152,0.00434432,0.999987)(0.0018045,-0.00147423,0.000948537))

