Frame 1
Affine3((1,1.73116e-009,9.97689e-009)(-2.01522e-009,1,-2.97979e-008)(1.05436e-008,8.38027e-009,1)(0,0,0))

Frame 2
Affine3((0.99775,0.0659003,-0.0123618)(-0.0660542,0.997738,-0.0124864)(0.011511,0.0132748,0.999846)(-0.0111418,-0.019126,0.000409141))

Frame 3
Affine3((0.968127,0.246824,-0.0425301)(-0.248593,0.967652,-0.0430208)(0.0305358,0.0522223,0.998169)(-0.035079,-0.0757882,0.00260442))

Frame 4
Affine3((0.868978,0.488898,-0.0765268)(-0.49382,0.866714,-0.0703478)(0.031934,0.098921,0.994583)(-0.049862,-0.161503,0.00769491))

Frame 5
Affine3((0.691863,0.715551,-0.0965)(-0.72196,0.68743,-0.0788239)(0.00993452,0.124205,0.992207)(-0.0391404,-0.254955,0.0127797))

Frame 6
Affine3((0.477102,0.874033,-0.0918648)(-0.878633,0.472061,-0.0718517)(-0.0194349,0.114996,0.993176)(-0.00555475,-0.333882,0.0139546))

Frame 7
Affine3((0.276935,0.958584,-0.0665093)(-0.960163,0.273372,-0.0579295)(-0.0373485,0.0799024,0.996103)(0.0361951,-0.388357,0.0107042))

Frame 8
Affine3((0.124639,0.991653,-0.0330083)(-0.991574,0.123308,-0.0396934)(-0.0352919,0.0376775,0.998667)(0.0723753,-0.420153,0.00536819))

Frame 9
Affine3((0.032842,0.999449,-0.00481099)(-0.999233,0.0327316,-0.0214747)(-0.0213054,0.00551256,0.999758)(0.0954363,-0.435566,0.00100811))

Frame 10
Affine3((0.00181561,0.999974,0.0069642)(-0.999967,0.00187077,-0.00791898)(-0.00793175,-0.0069496,0.999944)(0.103143,-0.439902,-0.000900283))

Frame 11
Affine3((0.000708797,0.999973,0.0073654)(-0.999997,0.000726791,-0.0024386)(-0.00244379,-0.00736367,0.99997)(0.103203,-0.439819,-0.00124764))

Frame 12
Affine3((-0.000126379,0.999971,0.00767021)(-0.999999,-0.000137767,0.00148834)(0.00148935,-0.00767004,0.99997)(0.10326,-0.439768,-0.00149089))

Frame 13
Affine3((-0.000629402,0.999969,0.0078795)(-0.999994,-0.000657083,0.00351508)(0.00352017,-0.00787724,0.999963)(0.103315,-0.439754,-0.0016147))

Frame 14
Affine3((-0.00104592,0.999967,0.00802104)(-0.999987,-0.00108589,0.00497921)(0.0049878,-0.00801575,0.999955)(0.103367,-0.439751,-0.00171168))

Frame 15
Affine3((-0.00128007,0.999966,0.00811093)(-0.999984,-0.00132538,0.00558027)(0.00559089,-0.00810367,0.999952)(0.10341,-0.439757,-0.00176607))

Frame 16
Affine3((-0.00150428,0.999966,0.00813931)(-0.999981,-0.0015525,0.00592327)(0.00593581,-0.00813026,0.999949)(0.103455,-0.439773,-0.0018094))

Frame 17
Affine3((-0.00150323,0.999966,0.00811802)(-0.999986,-0.00154461,0.00509624)(0.00510866,-0.00811024,0.999954)(0.103494,-0.439807,-0.00178508))

Frame 18
Affine3((-0.00167733,0.999966,0.00807147)(-0.999985,-0.00171903,0.00516587)(0.00517954,-0.00806271,0.999954)(0.103543,-0.439825,-0.00182518))

Frame 19
Affine3((-0.00189653,0.999966,0.00799072)(-0.999983,-0.00193999,0.0054322)(0.00544751,-0.00798027,0.999953)(0.103599,-0.439842,-0.00188126))

Frame 20
Affine3((-0.00185374,0.999967,0.00789568)(-0.999988,-0.00189005,0.00460169)(0.00461654,-0.00788708,0.999958)(0.103624,-0.439868,-0.00186686))

Frame 21
Affine3((-0.00199206,0.999968,0.00777905)(-0.999987,-0.00202828,0.00465335)(0.00466899,-0.00776969,0.999959)(0.103671,-0.439881,-0.00191042))

Frame 22
Affine3((-0.00208197,0.999969,0.00764318)(-0.999988,-0.00211665,0.00453172)(0.00454783,-0.00763365,0.999961)(0.103709,-0.439897,-0.00193746))

Frame 23
Affine3((-0.00198062,0.99997,0.00750647)(-0.999991,-0.00200842,0.00370184)(0.00371686,-0.00749908,0.999965)(0.103722,-0.439915,-0.00191256))

Frame 24
Affine3((-0.00207618,0.999971,0.0073816)(-0.999989,-0.00210668,0.00412824)(0.0041437,-0.00737296,0.999964)(0.103732,-0.439908,-0.00196183))

Frame 25
Affine3((-0.00199303,0.999972,0.00726595)(-0.99999,-0.00202179,0.00395286)(0.00396748,-0.00725801,0.999966)(0.103714,-0.439901,-0.00196084))

Frame 26
Affine3((-0.00187921,0.999973,0.00714446)(-0.999991,-0.00190661,0.00382933)(0.00384292,-0.00713721,0.999967)(0.103699,-0.439891,-0.00194991))

Frame 27
Affine3((-0.00162896,0.999974,0.00705422)(-0.999993,-0.00165331,0.00344917)(0.00346081,-0.00704854,0.999969)(0.103638,-0.439873,-0.00190249))

Frame 28
Affine3((-0.00118716,0.999975,0.00699468)(-0.999996,-0.00120541,0.00260385)(0.00261227,-0.00699158,0.999972)(0.103549,-0.439849,-0.00180659))

Frame 29
Affine3((-0.00092126,0.999975,0.00696977)(-0.999995,-0.000942267,0.00301492)(0.00302149,-0.00696698,0.999971)(0.103453,-0.439799,-0.00176886))

Frame 30
Affine3((-0.000692722,0.999975,0.00700914)(-0.999991,-0.00072234,0.00422582)(0.00423079,-0.00700616,0.999967)(0.103334,-0.439719,-0.00175986))

Frame 31
Affine3((0.00986145,0.999942,0.00440585)(-0.999941,0.00984115,0.00460684)(0.00456326,-0.00445104,0.99998)(0.10043,-0.438069,-0.00117412))

Frame 32
Affine3((0.0394753,0.999216,-0.00292093)(-0.999209,0.0394889,0.00473317)(0.0048448,0.00273177,0.999985)(0.0924381,-0.433279,0.000358))

Frame 33
Affine3((0.0868402,0.996124,-0.0139786)(-0.996215,0.086884,0.00255497)(0.00375956,0.0137038,0.999899)(0.0800162,-0.425173,0.00280917))

Frame 34
Affine3((0.149616,0.988354,-0.0277663)(-0.988739,0.149645,-0.00101955)(0.00314746,0.0276061,0.999614)(0.0641027,-0.413415,0.00588779))

Frame 35
Affine3((0.225547,0.973278,-0.0431074)(-0.974228,0.225461,-0.00690592)(0.0029976,0.043554,0.999047)(0.0457294,-0.397638,0.00935529))

Frame 36
Affine3((0.311634,0.94839,-0.058667)(-0.950192,0.311323,-0.0145896)(0.0044278,0.0602915,0.998171)(0.0260943,-0.377539,0.0128018))

Frame 37
Affine3((0.404416,0.911651,-0.0730798)(-0.914543,0.403773,-0.0240407)(0.00759084,0.0765571,0.997036)(0.00648886,-0.353048,0.0158538))

Frame 38
Affine3((0.500053,0.861817,-0.0849605)(-0.865902,0.499025,-0.0344587)(0.0127004,0.0907986,0.995788)(-0.0117947,-0.324346,0.0181088))

Frame 39
Affine3((0.594502,0.798685,-0.0931115)(-0.803855,0.59315,-0.0446092)(0.0196003,0.101368,0.994656)(-0.0275494,-0.291935,0.0192366))

Frame 40
Affine3((0.684049,0.722998,-0.0966969)(-0.728953,0.682387,-0.0545552)(0.0265414,0.107806,0.993818)(-0.0397783,-0.256647,0.0192189))

Frame 41
Affine3((0.765049,0.636876,-0.095335)(-0.643103,0.763287,-0.061742)(0.0334459,0.108546,0.993529)(-0.0477537,-0.219553,0.0179495))

Frame 42
Affine3((0.834999,0.542985,-0.0891262)(-0.548926,0.833224,-0.0664674)(0.0381714,0.104424,0.9938)(-0.051157,-0.181899,0.0157743))

Frame 43
Affine3((0.892002,0.445112,-0.0787961)(-0.450252,0.890341,-0.0675756)(0.0400767,0.0957556,0.994598)(-0.0500822,-0.145055,0.0130101))

Frame 44
Affine3((0.935305,0.347734,-0.0654617)(-0.351669,0.933988,-0.0632165)(0.0391579,0.0821475,0.995851)(-0.045046,-0.110351,0.00990447))

Frame 45
Affine3((0.965611,0.255042,-0.050488)(-0.257663,0.964677,-0.054855)(0.0347142,0.0659775,0.997217)(-0.0370131,-0.0789915,0.0069619))

Frame 46
Affine3((0.984593,0.171248,-0.0353618)(-0.172716,0.984001,-0.0437235)(0.0273085,0.0491574,0.998418)(-0.0272609,-0.0519534,0.00449896))

Frame 47
Affine3((0.99471,0.100443,-0.0215351)(-0.101076,0.994406,-0.0306527)(0.0183358,0.0326671,0.999298)(-0.0172369,-0.029997,0.00259849))

Frame 48
Affine3((0.998888,0.0460076,-0.0103056)(-0.0461925,0.998762,-0.0184852)(0.00944232,0.0189407,0.999776)(-0.00845949,-0.013688,0.00133571))

Frame 49
Affine3((0.999932,0.0113723,-0.00279988)(-0.0113947,0.999902,-0.00812742)(0.00270715,0.00815877,0.999963)(-0.00231457,-0.00349972,0.000513151))

Frame 50
Affine3((1,-0.000808943,-8.22225e-005)(0.000808627,0.999992,-0.00398323)(8.54468e-005,0.00398319,0.999992)(-4.8399e-005,4.71547e-005,0.000223398))

