Frame 1
Affine3((1,-3.04578e-009,3.42118e-009)(-1.88946e-009,1,1.55014e-008)(-1.59968e-009,-2.99962e-009,1)(0,0,0))

Frame 2
Affine3((0.997905,0.0637068,-0.0112373)(-0.0633415,0.997531,0.0303215)(0.0131412,-0.0295462,0.999477)(-0.0116361,0.0113538,0.00431556))

Frame 3
Affine3((0.970542,0.240852,-0.00619131)(-0.239283,0.966584,0.091974)(0.0281365,-0.0877832,0.995742)(-0.0281648,0.0224071,0.0175143))

Frame 4
Affine3((0.875672,0.481552,0.0361447)(-0.481564,0.865209,0.139678)(0.0359897,-0.139718,0.989537)(-0.0387666,0.00578658,0.0335356))

Frame 5
Affine3((0.70132,0.707456,0.0875035)(-0.71087,0.684953,0.159697)(0.0530429,-0.174202,0.98328)(-0.0475645,-0.0423925,0.0459316))

Frame 6
Affine3((0.487219,0.865274,0.117975)(-0.869982,0.4692,0.151604)(0.0758254,-0.176501,0.981376)(-0.047149,-0.121471,0.0486745))

Frame 7
Affine3((0.287341,0.950671,0.116873)(-0.953307,0.272007,0.131213)(0.0929507,-0.149119,0.984441)(-0.0323083,-0.21671,0.0429114))

Frame 8
Affine3((0.135123,0.986609,0.0913538)(-0.986295,0.125121,0.107552)(0.0946809,-0.104634,0.989994)(-0.00392835,-0.309869,0.032636))

Frame 9
Affine3((0.0417845,0.997648,0.0543308)(-0.996213,0.0374515,0.078462)(0.0762427,-0.0574035,0.995436)(0.0331687,-0.384998,0.0206265))

Frame 10
Affine3((0.00678025,0.999839,0.0166097)(-0.999148,0.00609747,0.0408194)(0.0407116,-0.0168723,0.999029)(0.069673,-0.431183,0.00865543))

Frame 11
Affine3((0.00242281,0.999996,-0.00130537)(-0.999881,0.00244237,0.0152086)(0.0152117,0.00126837,0.999883)(0.0896404,-0.446361,0.00240886))

Frame 12
Affine3((0.00198519,0.999998,-0.000779566)(-0.999917,0.00199494,0.0126972)(0.0126988,0.000754284,0.999919)(0.0918131,-0.446244,0.00202388))

Frame 13
Affine3((0.00163356,0.999999,-0.000436274)(-0.999941,0.00163819,0.0107362)(0.0107369,0.000418725,0.999942)(0.0934872,-0.446194,0.00172126))

Frame 14
Affine3((0.00148732,0.999999,-0.000240893)(-0.999944,0.00148975,0.0104904)(0.0104907,0.000225278,0.999945)(0.0937615,-0.446169,0.00169617))

Frame 15
Affine3((0.00134238,0.999999,-0.000167119)(-0.999946,0.00134406,0.010322)(0.0103223,0.000153262,0.999947)(0.0939199,-0.446197,0.00167418))

Frame 16
Affine3((0.00126321,0.999999,-0.000188921)(-0.999939,0.00126522,0.0109878)(0.0109881,0.000175028,0.99994)(0.0933778,-0.446249,0.00178432))

Frame 17
Affine3((0.00102735,0.999999,-0.000294532)(-0.999944,0.00103038,0.0105545)(0.0105548,0.000283672,0.999944)(0.0936506,-0.446363,0.00170267))

Frame 18
Affine3((0.000941098,1,-0.000480156)(-0.999941,0.000946225,0.01082)(0.0108205,0.000469944,0.999941)(0.0933545,-0.446488,0.00173169))

Frame 19
Affine3((0.000748747,0.999999,-0.000704263)(-0.999943,0.000756185,0.0106451)(0.0106457,0.000696249,0.999943)(0.093371,-0.446639,0.00168389))

Frame 20
Affine3((0.0007205,0.999999,-0.000973774)(-0.999936,0.000731435,0.0112736)(0.0112744,0.000965591,0.999936)(0.092752,-0.446782,0.00176716))

Frame 21
Affine3((0.000443096,0.999999,-0.0012436)(-0.999945,0.000456129,0.0104994)(0.0105,0.00123889,0.999944)(0.0932056,-0.446953,0.00161499))

Frame 22
Affine3((0.000410632,0.999999,-0.00152554)(-0.999939,0.000427469,0.0110391)(0.0110398,0.00152091,0.999938)(0.0926421,-0.447085,0.0016827))

Frame 23
Affine3((0.0004064,0.999998,-0.00180893)(-0.999937,0.000426681,0.0112349)(0.0112357,0.00180426,0.999935)(0.0923579,-0.44721,0.00169218))

Frame 24
Affine3((0.000371045,0.999998,-0.00204889)(-0.999935,0.000394336,0.0113761)(0.0113769,0.00204454,0.999933)(0.0921247,-0.447305,0.00169677))

Frame 25
Affine3((0.000321152,0.999997,-0.00226141)(-0.999943,0.000345251,0.0106616)(0.0106624,0.00225786,0.999941)(0.0925869,-0.447388,0.00155896))

Frame 26
Affine3((0.000325176,0.999997,-0.00241048)(-0.999949,0.000349409,0.0100427)(0.0100436,0.0024071,0.999947)(0.0930056,-0.447421,0.00144315))

Frame 27
Affine3((0.000435894,0.999997,-0.00247688)(-0.999952,0.000460188,0.009805)(0.00980613,0.0024725,0.999949)(0.0931705,-0.447387,0.00139838))

Frame 28
Affine3((0.000646862,0.999997,-0.00245767)(-0.999956,0.000669902,0.00938957)(0.00939116,0.0024515,0.999953)(0.0935335,-0.44729,0.00133049))

Frame 29
Affine3((0.00100562,0.999997,-0.00231464)(-0.999955,0.00102741,0.00943552)(0.00943786,0.00230505,0.999953)(0.0936034,-0.447099,0.00134981))

Frame 30
Affine3((0.00156023,0.999997,-0.00203732)(-0.99995,0.00158025,0.00984361)(0.00984677,0.00202187,0.99995)(0.0934784,-0.446805,0.00144023))

Frame 31
Affine3((0.011119,0.999929,-0.00438655)(-0.999933,0.0111324,0.00303987)(0.00308849,0.00435245,0.999986)(0.0968167,-0.445039,0.000131607))

Frame 32
Affine3((0.0388398,0.999224,-0.00658676)(-0.999199,0.0387738,-0.00987152)(-0.00960846,0.00696489,0.99993)(0.100988,-0.436774,-0.00206542))

Frame 33
Affine3((0.0840435,0.996455,-0.00384957)(-0.996212,0.0839352,-0.022737)(-0.0223333,0.00574587,0.999734)(0.102221,-0.419397,-0.0037356))

Frame 34
Affine3((0.144894,0.989442,0.00323718)(-0.988879,0.14492,-0.0334175)(-0.0335338,0.00164081,0.999436)(0.100154,-0.394389,-0.00461531))

Frame 35
Affine3((0.219055,0.975614,0.0138335)(-0.974715,0.21945,-0.0420932)(-0.0441025,-0.00426305,0.999018)(0.0963792,-0.363398,-0.00478905))

Frame 36
Affine3((0.303737,0.952375,0.0269393)(-0.951254,0.304724,-0.0475234)(-0.0534691,-0.0111915,0.998507)(0.0913052,-0.327869,-0.00416315))

Frame 37
Affine3((0.395697,0.917451,0.0413105)(-0.916321,0.397421,-0.0491142)(-0.0614776,-0.0184193,0.997939)(0.0856095,-0.289283,-0.00277495))

Frame 38
Affine3((0.490781,0.869508,0.0555821)(-0.868469,0.493323,-0.0489288)(-0.0699639,-0.024258,0.997255)(0.0813629,-0.24999,-0.00102055))

Frame 39
Affine3((0.585227,0.80798,0.0683848)(-0.807215,0.588512,-0.0453564)(-0.0768924,-0.0286575,0.996628)(0.0774621,-0.21102,0.00110728))

Frame 40
Affine3((0.675048,0.73359,0.0784629)(-0.733169,0.678894,-0.0395733)(-0.0822985,-0.0308127,0.996131)(0.0742254,-0.174021,0.00325781))

Frame 41
Affine3((0.75674,0.648186,0.0848516)(-0.648107,0.760867,-0.0322281)(-0.0854506,-0.0306046,0.995872)(0.0711691,-0.140036,0.00516427))

Frame 42
Affine3((0.827629,0.554494,0.0869828)(-0.554773,0.831679,-0.0231663)(-0.0851874,-0.0290826,0.995941)(0.0673068,-0.10908,0.00673229))

Frame 43
Affine3((0.885659,0.456539,0.0847371)(-0.456906,0.889368,-0.016152)(-0.0827365,-0.0244118,0.996272)(0.0633319,-0.0833024,0.0074023))

Frame 44
Affine3((0.930294,0.35833,0.0784406)(-0.358651,0.933413,-0.0104367)(-0.0769573,-0.0184236,0.996864)(0.0580184,-0.0617895,0.00732386))

Frame 45
Affine3((0.961983,0.264307,0.0687778)(-0.264486,0.964366,-0.00665258)(-0.0680853,-0.0117911,0.99761)(0.0511486,-0.0443743,0.00653625))

Frame 46
Affine3((0.982227,0.178933,0.0566879)(-0.178918,0.983849,-0.00538188)(-0.0567353,-0.00485624,0.998377)(0.0427976,-0.0309958,0.00512916))

Frame 47
Affine3((0.993403,0.10622,0.0432148)(-0.106082,0.994342,-0.00548731)(-0.0435531,0.00086681,0.999051)(0.0331444,-0.0205718,0.00346214))

Frame 48
Affine3((0.998322,0.0498622,0.0294361)(-0.0497209,0.998748,-0.00551243)(-0.0296741,0.00403957,0.999551)(0.0228478,-0.0121273,0.00191879))

Frame 49
Affine3((0.999776,0.0133678,0.0164151)(-0.0132968,0.999902,-0.00442567)(-0.0164726,0.00420643,0.999856)(0.0128575,-0.00544125,0.000771105))

Frame 50
Affine3((0.999986,-6.56181e-005,0.00523091)(6.63981e-005,1,-0.000150046)(-0.00523089,0.000150429,0.999986)(0.00419246,0.000111565,0.000421226))

