Frame 1
Affine3((1,-2.97694e-010,-4.26929e-010)(4.89489e-009,1,4.40327e-009)(4.8175e-009,7.41192e-009,1)(0,0,0))

Frame 2
Affine3((0.977181,0.211751,0.0167032)(-0.211482,0.977242,-0.0165335)(-0.0198241,0.0126238,0.999724)(0.00412074,-0.0476188,-0.00608027))

Frame 3
Affine3((0.74386,0.664462,0.0718472)(-0.66148,0.747322,-0.0628797)(-0.0954741,-0.000751823,0.995432)(0.0900043,-0.136939,-0.0204805))

Frame 4
Affine3((0.0683091,0.980605,0.183708)(-0.986692,0.0936369,-0.132932)(-0.147556,-0.172183,0.973951)(0.247563,-0.0613515,-0.0293998))

Frame 5
Affine3((-0.694697,0.616872,0.369953)(-0.707952,-0.677377,-0.19991)(0.127278,-0.400786,0.907288)(0.0750595,0.201756,0.00355244))

Frame 6
Affine3((-0.781068,-0.108602,0.61493)(-0.0297246,-0.977178,-0.210333)(0.623738,-0.182563,0.760014)(-0.483985,0.00804185,0.136309))

Frame 7
Affine3((-0.391537,-0.382431,0.836926)(0.54821,-0.827449,-0.121632)(0.739029,0.411188,0.533629)(-0.662416,-0.731145,0.3925))

Frame 8
Affine3((-0.171472,-0.250742,0.952747)(0.871514,-0.489571,0.0280076)(0.459414,0.835134,0.302472)(-0.312788,-1.31832,0.689004))

Frame 9
Affine3((-0.174177,-0.118168,0.977598)(0.970055,-0.191254,0.149715)(0.169278,0.974401,0.147942)(0.0773824,-1.52861,0.902789))

Frame 10
Affine3((-0.198644,-0.0830957,0.976543)(0.978242,-0.0776752,0.19238)(0.0598672,0.99351,0.0967174)(0.22672,-1.56205,0.976184))

Frame 11
Affine3((-0.208816,-0.0656011,0.975752)(0.955919,-0.224305,0.189491)(0.206435,0.972309,0.109548)(0.0396088,-1.55722,0.959248))

Frame 12
Affine3((-0.23688,-0.0440364,0.97054)(0.863446,-0.467481,0.18953)(0.445363,0.882905,0.14876)(-0.269246,-1.47515,0.909509))

Frame 13
Affine3((-0.285785,-0.0141821,0.958189)(0.682444,-0.704967,0.193109)(0.672753,0.709098,0.211148)(-0.568802,-1.28286,0.831853))

Frame 14
Affine3((-0.351438,0.043278,0.93521)(0.423156,-0.883727,0.199911)(0.835123,0.465997,0.292262)(-0.789617,-0.997707,0.732837))

Frame 15
Affine3((-0.414722,0.142872,0.898662)(0.11662,-0.971107,0.208208)(0.902444,0.19115,0.386078)(-0.892796,-0.667676,0.620697))

Frame 16
Affine3((-0.448612,0.283838,0.847457)(-0.195864,-0.956401,0.216643)(0.872,-0.0687972,0.484647)(-0.875159,-0.352152,0.505817))

Frame 17
Affine3((-0.431713,0.445579,0.784273)(-0.473253,-0.852078,0.223594)(0.767891,-0.274631,0.578724)(-0.767165,-0.0996269,0.399332))

Frame 18
Affine3((-0.361652,0.595766,0.717127)(-0.68571,-0.691126,0.228357)(0.631672,-0.409156,0.65847)(-0.619444,0.0697194,0.312064))

Frame 19
Affine3((-0.262974,0.70315,0.660625)(-0.820368,-0.523338,0.230463)(0.50778,-0.481349,0.714466)(-0.483222,0.167065,0.252768))

Frame 20
Affine3((-0.195447,0.746549,0.635976)(-0.875555,-0.424972,0.229785)(0.441818,-0.511921,0.736704)(-0.408284,0.212722,0.229505))

Frame 21
Affine3((-0.201416,0.751339,0.628428)(-0.885089,-0.414432,0.21181)(0.419582,-0.513553,0.748475)(-0.378207,0.215471,0.213193))

Frame 22
Affine3((-0.209633,0.760992,0.613959)(-0.899258,-0.396593,0.184523)(0.383912,-0.513426,0.767467)(-0.331732,0.215914,0.187676))

Frame 23
Affine3((-0.218069,0.773175,0.595522)(-0.91301,-0.377188,0.155381)(0.34476,-0.509834,0.788169)(-0.2813,0.211499,0.160573))

Frame 24
Affine3((-0.224852,0.787365,0.574018)(-0.925654,-0.356588,0.126529)(0.304312,-0.502892,0.809008)(-0.229657,0.202441,0.134051))

Frame 25
Affine3((-0.229293,0.803101,0.549957)(-0.93696,-0.335176,0.0988118)(0.263688,-0.492631,0.829327)(-0.178097,0.188828,0.108975))

Frame 26
Affine3((-0.230749,0.819991,0.523804)(-0.946936,-0.313044,0.0729053)(0.223755,-0.479186,0.848714)(-0.127813,0.17091,0.0858765))

Frame 27
Affine3((-0.229413,0.837525,0.495905)(-0.955526,-0.290794,0.0490758)(0.185309,-0.462592,0.866989)(-0.0797414,0.148753,0.0649488))

Frame 28
Affine3((-0.225369,0.855258,0.466628)(-0.962817,-0.268745,0.0275533)(0.148969,-0.443068,0.884024)(-0.0346706,0.122692,0.0463089))

Frame 29
Affine3((-0.218717,0.872799,0.436332)(-0.96896,-0.24707,0.0085124)(0.115234,-0.420927,0.899745)(0.00675982,0.0931909,0.0299995))

Frame 30
Affine3((-0.209607,0.889791,0.405385)(-0.974131,-0.225846,-0.00796563)(0.0844668,-0.396568,0.914111)(0.044091,0.0608298,0.0159936))

Frame 31
Affine3((-0.189452,0.907846,0.374064)(-0.980443,-0.195582,-0.0218896)(0.0532879,-0.370895,0.927145)(0.079529,0.0300527,0.00420392))

Frame 32
Affine3((-0.14976,0.927421,0.342729)(-0.988527,-0.147332,-0.033271)(0.0196388,-0.34378,0.938845)(0.11392,0.00358503,-0.00546086))

Frame 33
Affine3((-0.0916747,0.945774,0.311619)(-0.995688,-0.0826127,-0.0421876)(-0.0141563,-0.314143,0.94927)(0.145071,-0.0204886,-0.0131379))

Frame 34
Affine3((-0.0166021,0.959552,0.281042)(-0.998807,-0.00300681,-0.0487369)(-0.0459205,-0.281516,0.958457)(0.171004,-0.0432322,-0.0189691))

Frame 35
Affine3((0.0732946,0.965147,0.251235)(-0.994587,0.0893412,-0.0530561)(-0.0736526,-0.245987,0.966471)(0.190067,-0.0650197,-0.0231074))

Frame 36
Affine3((0.175095,0.959095,0.222438)(-0.97989,0.191718,-0.0553049)(-0.095688,-0.208281,0.973377)(0.201072,-0.0854785,-0.0257255))

Frame 37
Affine3((0.28505,0.938503,0.194832)(-0.952081,0.300733,-0.0556803)(-0.110849,-0.169625,0.979255)(0.203454,-0.103716,-0.0269952))

Frame 38
Affine3((0.398827,0.901392,0.168612)(-0.909329,0.41251,-0.0543736)(-0.118566,-0.131638,0.984182)(0.197346,-0.118458,-0.0270908))

Frame 39
Affine3((0.51167,0.847044,0.143911)(-0.850907,0.522774,-0.0516217)(-0.118959,-0.0960419,0.988243)(0.183635,-0.128449,-0.0261948))

Frame 40
Affine3((0.618874,0.776136,0.120865)(-0.77735,0.627262,-0.0476492)(-0.112796,-0.0644656,0.991525)(0.163838,-0.132639,-0.0244818))

Frame 41
Affine3((0.716156,0.690801,0.0995694)(-0.690533,0.722037,-0.0427273)(-0.101409,-0.0381565,0.994113)(0.139959,-0.130517,-0.0221283))

Frame 42
Affine3((0.800179,0.594384,0.0801346)(-0.593495,0.803982,-0.0370922)(-0.0864738,-0.0178791,0.996094)(0.114187,-0.122134,-0.0193098))

Frame 43
Affine3((0.86872,0.491331,0.0626136)(-0.490364,0.870965,-0.0310274)(-0.069779,-0.00374941,0.997555)(0.0886217,-0.1083,-0.0161957))

Frame 44
Affine3((0.921016,0.386671,0.0470647)(-0.385904,0.922206,-0.0247957)(-0.0529912,0.00467478,0.998584)(0.0650154,-0.0903552,-0.0129532))

Frame 45
Affine3((0.957765,0.285583,0.0335783)(-0.285093,0.958318,-0.0186872)(-0.0375154,0.008325,0.999261)(0.0446641,-0.070039,-0.0097506))

Frame 46
Affine3((0.9809,0.193244,0.0221963)(-0.192992,0.981114,-0.0129938)(-0.0242881,0.00846185,0.999669)(0.0282113,-0.0493498,-0.00675511))

Frame 47
Affine3((0.993346,0.114435,0.0129934)(-0.114338,0.99341,-0.00800945)(-0.0138243,0.00647051,0.999883)(0.0157817,-0.0302708,-0.00412309))

Frame 48
Affine3((0.998558,0.0533245,0.00613339)(-0.0533003,0.99857,-0.00404439)(-0.00634028,0.00371165,0.999973)(0.00722036,-0.0146242,-0.00203204))

Frame 49
Affine3((0.999902,0.0138828,0.00179651)(-0.0138802,0.999903,-0.00142078)(-0.00181605,0.00139572,0.999997)(0.00216445,-0.00411884,-0.000649929))

Frame 50
Affine3((1,-0.000117685,0.000259858)(0.000117822,1,-0.000472952)(-0.000259794,0.00047298,1)(0.000434846,-0.000296891,-0.000149488))

