Frame 1
Affine3((1,1.50813e-008,-5.69784e-009)(-9.85921e-009,1,4.36777e-009)(-8.34659e-009,9.70477e-009,1)(0,0,0))

Frame 2
Affine3((0.98888,0.148715,-4.3978e-006)(-0.148715,0.98888,-2.3002e-006)(3.9768e-006,2.92681e-006,1)(-0.0147047,-0.014742,5.96046e-007))

Frame 3
Affine3((0.901977,0.431785,-1.98351e-005)(-0.431785,0.901977,1.00292e-005)(2.22272e-005,-4.78174e-007,1)(-0.0355377,-0.0599306,4.76837e-007))

Frame 4
Affine3((0.678622,0.734487,-3.33666e-005)(-0.734487,0.678622,4.51169e-006)(2.59386e-005,2.14476e-005,1)(-0.0474887,-0.137753,0))

Frame 5
Affine3((0.33927,0.940689,-4.99638e-005)(-0.940689,0.33927,3.93454e-006)(2.06242e-005,4.56757e-005,1)(-0.0361379,-0.23798,-1.19209e-006))

Frame 6
Affine3((-0.0251382,0.999684,-6.40412e-005)(-0.999684,-0.0251382,4.29534e-006)(2.68022e-006,6.41214e-005,1)(0.00123744,-0.340708,-1.19209e-006))

Frame 7
Affine3((-0.330626,0.943762,-8.55943e-005)(-0.943762,-0.330626,1.2667e-005)(-1.6353e-005,8.49549e-005,1)(0.0540934,-0.429114,-2.74181e-006))

Frame 8
Affine3((-0.542931,0.839778,-9.97436e-005)(-0.839778,-0.542931,9.54186e-006)(-4.61481e-005,8.89518e-005,1)(0.107249,-0.495192,-3.93391e-006))

Frame 9
Affine3((-0.665109,0.746746,-0.000117121)(-0.746746,-0.665109,9.85911e-006)(-7.05338e-005,9.40156e-005,1)(0.147352,-0.536733,-6.31809e-006))

Frame 10
Affine3((-0.707208,0.707006,-0.00013572)(-0.707006,-0.707208,4.69507e-006)(-9.26666e-005,9.92534e-005,1)(0.163474,-0.551909,-8.58307e-006))

Frame 11
Affine3((-0.687139,0.726526,-0.000149002)(-0.726526,-0.687139,-5.62599e-006)(-0.000106477,0.000104381,1)(0.160255,-0.549434,-1.16825e-005))

Frame 12
Affine3((-0.642725,0.766097,-0.000161613)(-0.766097,-0.642725,-6.89124e-006)(-0.000109154,0.000119372,1)(0.153211,-0.543457,-1.4782e-005))

Frame 13
Affine3((-0.583135,0.812376,-0.000175033)(-0.812376,-0.583135,-1.74213e-005)(-0.000116228,0.000132016,1)(0.144683,-0.535147,-2.01464e-005))

Frame 14
Affine3((-0.511861,0.859068,-0.00018898)(-0.859068,-0.511861,-2.67468e-005)(-0.00011972,0.000148634,1)(0.135765,-0.524936,-2.37226e-005))

Frame 15
Affine3((-0.431208,0.902252,-0.000204937)(-0.902252,-0.431208,-3.16855e-005)(-0.000116982,0.000171248,1)(0.127135,-0.513117,-2.83718e-005))

Frame 16
Affine3((-0.343305,0.939224,-0.000220493)(-0.939224,-0.343305,-4.3451e-005)(-0.000116507,0.000192193,1)(0.119282,-0.499966,-3.31402e-005))

Frame 17
Affine3((-0.250487,0.96812,-0.000236233)(-0.96812,-0.250487,-4.96389e-005)(-0.000107238,0.000216271,1)(0.112563,-0.485826,-3.71933e-005))

Frame 18
Affine3((-0.155999,0.987757,-0.000251859)(-0.987757,-0.155999,-5.81871e-005)(-9.67861e-005,0.000239691,1)(0.107244,-0.471189,-4.08888e-005))

Frame 19
Affine3((-0.065372,0.997861,-0.00027136)(-0.997861,-0.065372,-6.36392e-005)(-8.12367e-005,0.000266612,1)(0.10351,-0.456943,-4.52995e-005))

Frame 20
Affine3((-0.000974845,1,-0.000292821)(-1,-0.000974849,-6.95289e-005)(-6.98308e-005,0.000292744,1)(0.101601,-0.446682,-4.98295e-005))

Frame 21
Affine3((0.00567712,0.999984,-0.00032296)(-0.999984,0.00567708,-7.87798e-005)(-7.6954e-005,0.000323386,1)(0.101322,-0.445572,-5.45979e-005))

Frame 22
Affine3((0.00818055,0.999967,-0.000354278)(-0.999967,0.00818053,-9.31692e-005)(-9.02727e-005,0.000355031,1)(0.101133,-0.445112,-5.85318e-005))

Frame 23
Affine3((0.00746305,0.999972,-0.000389984)(-0.999972,0.00746298,-8.48519e-005)(-8.19362e-005,0.00039061,1)(0.101016,-0.445176,-6.12736e-005))

Frame 24
Affine3((0.00538264,0.999985,-0.000423438)(-0.999986,0.0053826,-9.64436e-005)(-9.41595e-005,0.000423945,1)(0.10095,-0.445446,-6.56843e-005))

Frame 25
Affine3((0.00326549,0.999995,-0.000458382)(-0.999995,0.00326543,-0.000108121)(-0.000106627,0.000458717,1)(0.100911,-0.445729,-7.03335e-005))

Frame 26
Affine3((0.00164334,0.999999,-0.000494863)(-0.999999,0.00164326,-0.000100685)(-9.98812e-005,0.000495022,1)(0.100895,-0.445954,-7.31945e-005))

Frame 27
Affine3((0.000467559,1,-0.0005252)(-1,0.000467484,-0.00011018)(-0.000109944,0.000525255,1)(0.100922,-0.44611,-7.78437e-005))

Frame 28
Affine3((-0.000223277,1,-0.000559965)(-1,-0.000223347,-0.000126191)(-0.000126325,0.000559915,1)(0.100997,-0.446214,-8.18968e-005))

Frame 29
Affine3((-0.000412031,1,-0.000587843)(-1,-0.000412118,-0.000133367)(-0.000133619,0.000587779,1)(0.101122,-0.446258,-8.63075e-005))

Frame 30
Affine3((-5.20099e-005,1,-0.000618929)(-1,-5.20898e-005,-0.000128752)(-0.00012879,0.000618905,1)(0.101321,-0.446263,-9.0003e-005))

Frame 31
Affine3((0.0106508,0.999943,-0.000642879)(-0.999943,0.0106507,-0.000131524)(-0.00012469,0.000644245,1)(0.0994228,-0.442508,-9.39369e-005))

Frame 32
Affine3((0.0404623,0.999181,-0.000663349)(-0.999181,0.0404621,-0.000143221)(-0.000116262,0.000668585,1)(0.0937374,-0.431874,-9.7394e-005))

Frame 33
Affine3((0.0875673,0.996158,-0.00068813)(-0.996159,0.0875672,-0.000149598)(-8.8775e-005,0.00069858,1)(0.0850511,-0.415209,-0.00010252))

Frame 34
Affine3((0.149919,0.988698,-0.00070995)(-0.988698,0.149919,-0.000159432)(-5.11961e-005,0.00072583,1)(0.0742367,-0.3933,-0.000106454))

Frame 35
Affine3((0.22512,0.974331,-0.000735797)(-0.974331,0.22512,-0.000170229)(-2.27993e-007,0.000755242,1)(0.0621693,-0.366946,-0.000110626))

Frame 36
Affine3((0.310347,0.950623,-0.000757056)(-0.950623,0.310347,-0.000175335)(6.82228e-005,0.000774076,1)(0.0496983,-0.336965,-0.000114202))

Frame 37
Affine3((0.402253,0.915528,-0.00077703)(-0.915529,0.402253,-0.000181442)(0.000146465,0.000784388,1)(0.0375986,-0.304243,-0.00011754))

Frame 38
Affine3((0.497172,0.867652,-0.000800957)(-0.867652,0.497172,-0.000178833)(0.000243036,0.000783857,1)(0.0265175,-0.269717,-0.000120521))

Frame 39
Affine3((0.591189,0.806532,-0.000818061)(-0.806533,0.591189,-0.000183046)(0.000335989,0.000768013,1)(0.0169669,-0.234359,-0.000123858))

Frame 40
Affine3((0.680499,0.732748,-0.000837145)(-0.732748,0.6805,-0.000188571)(0.000431496,0.000741731,1)(0.00925121,-0.199153,-0.000128031))

Frame 41
Affine3((0.761633,0.648008,-0.00085528)(-0.648009,0.761633,-0.000192612)(0.000526602,0.000700922,1)(0.00348122,-0.165035,-0.000131011))

Frame 42
Affine3((0.831813,0.555055,-0.000867341)(-0.555056,0.831813,-0.000199597)(0.000610655,0.000647444,1)(-0.000407062,-0.132851,-0.000133038))

Frame 43
Affine3((0.889235,0.457449,-0.000881623)(-0.45745,0.889235,-0.000201185)(0.00069192,0.000582205,1)(-0.00264992,-0.10332,-0.000136137))

Frame 44
Affine3((0.933184,0.359398,-0.000896113)(-0.359398,0.933184,-0.000205529)(0.00076238,0.000513853,1)(-0.00358544,-0.0769926,-0.00013876))

Frame 45
Affine3((0.964176,0.265263,-0.000905335)(-0.265263,0.964176,-0.000206352)(0.000818153,0.000439108,1)(-0.00359246,-0.0542523,-0.000140071))

Frame 46
Affine3((0.983753,0.179523,-0.000915038)(-0.179524,0.983754,-0.000213978)(0.000861755,0.000374759,1)(-0.00307116,-0.0353296,-0.000142097))

Frame 47
Affine3((0.99433,0.106339,-0.000921129)(-0.106339,0.99433,-0.00021384)(0.000893177,0.000310591,1)(-0.00235739,-0.0203317,-0.000143051))

Frame 48
Affine3((0.998768,0.0496223,-0.000926656)(-0.0496225,0.998768,-0.000215381)(0.00091481,0.000261119,1)(-0.00171201,-0.00934409,-0.000144005))

Frame 49
Affine3((0.999915,0.0130009,-0.000930783)(-0.0130011,0.999915,-0.000213388)(0.000927924,0.000225487,1)(-0.00129429,-0.00249355,-0.000144362))

Frame 50
Affine3((1,3.85908e-005,-0.000931955)(-3.88199e-005,1,-0.000218366)(0.000931921,0.000218397,1)(-0.00116195,-9.31993e-005,-0.000144958))

