Frame 1
Affine3((1,9.6097e-009,1.14041e-008)(7.56754e-009,1,-1.11901e-008)(2.71748e-009,1.19061e-008,1)(0,0,0))

Frame 2
Affine3((0.98888,0.148715,-1.24732e-005)(-0.148715,0.98888,-5.91286e-006)(1.14338e-005,7.68374e-006,1)(-0.0147131,-0.0147498,-9.53674e-007))

Frame 3
Affine3((0.901962,0.431815,-1.6345e-005)(-0.431815,0.901962,-5.45038e-007)(1.44491e-005,7.54822e-006,1)(-0.0355327,-0.0599359,-2.38419e-007))

Frame 4
Affine3((0.678595,0.734513,-2.95641e-005)(-0.734513,0.678595,-9.30486e-007)(1.93908e-005,2.23391e-005,1)(-0.0474855,-0.137752,5.96046e-007))

Frame 5
Affine3((0.339251,0.940696,-3.80418e-005)(-0.940696,0.339251,5.417e-006)(1.7991e-005,3.39109e-005,1)(-0.0361368,-0.237965,2.98023e-006))

Frame 6
Affine3((-0.0251591,0.999683,-4.61226e-005)(-0.999684,-0.025159,9.88581e-006)(8.66735e-006,4.62552e-005,1)(0.00122742,-0.340685,3.8147e-006))

Frame 7
Affine3((-0.330665,0.943748,-5.18393e-005)(-0.943748,-0.330665,1.42313e-005)(-3.68884e-006,5.35966e-005,1)(0.0540712,-0.429077,3.8147e-006))

Frame 8
Affine3((-0.542958,0.83976,-5.81428e-005)(-0.83976,-0.542958,1.5997e-005)(-1.81188e-005,5.7516e-005,1)(0.107209,-0.495155,4.41074e-006))

Frame 9
Affine3((-0.665149,0.74671,-6.20101e-005)(-0.746711,-0.665149,1.61315e-005)(-2.91935e-005,5.70085e-005,1)(0.147295,-0.536692,4.52995e-006))

Frame 10
Affine3((-0.707219,0.706994,-6.14757e-005)(-0.706994,-0.707219,2.06944e-005)(-2.88436e-005,5.8123e-005,1)(0.16339,-0.551856,4.88758e-006))

Frame 11
Affine3((-0.687148,0.726518,-5.74384e-005)(-0.726518,-0.687148,1.92739e-005)(-2.54633e-005,5.49609e-005,1)(0.160149,-0.54937,4.76837e-006))

Frame 12
Affine3((-0.642765,0.766063,-5.15567e-005)(-0.766063,-0.642765,1.60553e-005)(-2.08182e-005,4.97673e-005,1)(0.153092,-0.543373,4.17233e-006))

Frame 13
Affine3((-0.583177,0.812345,-4.88289e-005)(-0.812345,-0.583177,8.76448e-006)(-2.13431e-005,4.47981e-005,1)(0.144555,-0.535039,3.69549e-006))

Frame 14
Affine3((-0.511919,0.859034,-4.23334e-005)(-0.859034,-0.511919,7.70775e-006)(-1.50486e-005,4.02693e-005,1)(0.135621,-0.524803,3.33786e-006))

Frame 15
Affine3((-0.431276,0.90222,-2.86055e-005)(-0.90222,-0.431276,8.88162e-006)(-4.31434e-006,2.96909e-005,1)(0.126977,-0.512942,2.5034e-006))

Frame 16
Affine3((-0.343379,0.939197,-2.54166e-005)(-0.939197,-0.343379,-6.59623e-007)(-9.3619e-006,2.36225e-005,1)(0.119133,-0.499755,5.96046e-007))

Frame 17
Affine3((-0.250575,0.968097,-1.82581e-005)(-0.968097,-0.250575,-3.10604e-006)(-7.60679e-006,1.68196e-005,1)(0.11242,-0.485576,-5.96046e-007))

Frame 18
Affine3((-0.156082,0.987744,-1.4077e-005)(-0.987744,-0.156082,-7.24892e-006)(-9.35973e-006,1.27731e-005,1)(0.107118,-0.4709,-1.19209e-006))

Frame 19
Affine3((-0.0654887,0.997853,-2.15222e-006)(-0.997853,-0.0654887,-2.1691e-006)(-2.31812e-006,1.95042e-006,1)(0.103388,-0.456607,-9.53674e-007))

Frame 20
Affine3((-0.00108602,0.999999,-4.71245e-006)(-0.999999,-0.001086,-4.8464e-006)(-4.86002e-006,4.65088e-006,1)(0.101498,-0.446313,-7.15256e-007))

Frame 21
Affine3((0.00555723,0.999985,-8.86751e-006)(-0.999985,0.00555721,-4.15305e-006)(-4.12127e-006,8.84444e-006,1)(0.101208,-0.44517,-9.53674e-007))

Frame 22
Affine3((0.00809545,0.999967,-1.7007e-005)(-0.999967,0.00809541,-3.65987e-006)(-3.52848e-006,1.70229e-005,1)(0.10101,-0.444677,-5.96046e-007))

Frame 23
Affine3((0.00732265,0.999973,-2.31298e-005)(-0.999973,0.00732264,2.60319e-006)(2.74198e-006,2.30904e-005,1)(0.100882,-0.444706,1.07288e-006))

Frame 24
Affine3((0.00527247,0.999986,-3.19994e-005)(-0.999986,0.00527248,5.95862e-006)(6.08801e-006,3.19251e-005,1)(0.100801,-0.444942,2.98023e-006))

Frame 25
Affine3((0.003174,0.999995,-4.5189e-005)(-0.999995,0.00317393,3.87324e-006)(4.02439e-006,4.5105e-005,1)(0.100755,-0.445195,2.98023e-006))

Frame 26
Affine3((0.00148589,0.999999,-5.58359e-005)(-0.999999,0.00148588,2.59736e-006)(2.67026e-006,5.57968e-005,1)(0.100735,-0.445391,2.5034e-006))

Frame 27
Affine3((0.000308909,1,-6.2573e-005)(-1,0.000308919,6.43684e-006)(6.44308e-006,6.25652e-005,1)(0.100745,-0.445517,3.69549e-006))

Frame 28
Affine3((-0.000352784,1,-6.77671e-005)(-1,-0.000352755,1.14571e-005)(1.14082e-005,6.7705e-005,1)(0.1008,-0.44558,4.52995e-006))

Frame 29
Affine3((-0.000535641,1,-7.95922e-005)(-1,-0.000535658,2.36572e-006)(2.30012e-006,7.95773e-005,1)(0.10093,-0.445603,3.09944e-006))

Frame 30
Affine3((-0.000223876,1,-7.93466e-005)(-1,-0.00022383,4.25401e-006)(4.17891e-006,7.93078e-005,1)(0.101122,-0.445571,3.33786e-006))

Frame 31
Affine3((0.010459,0.999945,-7.56798e-005)(-0.999945,0.010459,6.35036e-006)(7.07211e-006,7.55361e-005,1)(0.0992206,-0.441779,3.69549e-006))

Frame 32
Affine3((0.0402658,0.999189,-7.6386e-005)(-0.999189,0.0402658,7.00409e-006)(1.00627e-005,7.59593e-005,1)(0.093542,-0.431112,3.69549e-006))

Frame 33
Affine3((0.08738,0.996175,-7.76458e-005)(-0.996175,0.0873799,7.73707e-006)(1.44833e-005,7.66165e-005,1)(0.0848868,-0.414407,3.8147e-006))

Frame 34
Affine3((0.149751,0.988724,-7.447e-005)(-0.988724,0.149751,8.64558e-006)(1.967e-005,7.2292e-005,1)(0.0741172,-0.392454,3.93391e-006))

Frame 35
Affine3((0.224958,0.974369,-7.64622e-005)(-0.974369,0.224958,6.06707e-006)(2.31371e-005,7.31354e-005,1)(0.0621138,-0.366062,3.57628e-006))

Frame 36
Affine3((0.310178,0.950679,-7.50938e-005)(-0.950679,0.310178,8.55808e-006)(3.14075e-005,6.87102e-005,1)(0.049718,-0.336048,3.8147e-006))

Frame 37
Affine3((0.402074,0.915607,-7.82195e-005)(-0.915607,0.402074,4.65127e-006)(3.57258e-005,6.97496e-005,1)(0.0377129,-0.303312,3.57628e-006))

Frame 38
Affine3((0.496983,0.86776,-7.95298e-005)(-0.86776,0.496983,3.41631e-006)(4.25012e-005,6.729e-005,1)(0.0267438,-0.268779,3.33786e-006))

Frame 39
Affine3((0.591023,0.806655,-7.38038e-005)(-0.806655,0.591023,8.99613e-006)(5.07925e-005,5.41741e-005,1)(0.0173053,-0.23342,3.8147e-006))

Frame 40
Affine3((0.680333,0.732903,-7.85306e-005)(-0.732903,0.680333,5.08043e-006)(5.71295e-005,5.40906e-005,1)(0.00970435,-0.198244,3.57628e-006))

Frame 41
Affine3((0.761483,0.648185,-7.72954e-005)(-0.648185,0.761483,6.03258e-006)(6.26813e-005,4.54905e-005,1)(0.00405163,-0.164163,3.57628e-006))

Frame 42
Affine3((0.831685,0.555248,-7.82982e-005)(-0.555248,0.831685,4.94591e-006)(6.77901e-005,3.93556e-005,1)(0.00026954,-0.132037,3.57628e-006))

Frame 43
Affine3((0.889124,0.457666,-7.47473e-005)(-0.457666,0.889124,7.16935e-006)(6.97459e-005,2.78313e-005,1)(-0.00186983,-0.102571,3.69549e-006))

Frame 44
Affine3((0.933102,0.359611,-7.58503e-005)(-0.359611,0.933103,7.22332e-006)(7.33524e-005,2.05402e-005,1)(-0.00271311,-0.0763229,3.8147e-006))

Frame 45
Affine3((0.964113,0.265492,-7.30467e-005)(-0.265492,0.964113,1.06225e-005)(7.32414e-005,9.14103e-006,1)(-0.00264543,-0.0536596,4.05312e-006))

Frame 46
Affine3((0.983712,0.179754,-7.67842e-005)(-0.179754,0.983712,8.06779e-006)(7.69945e-005,5.85819e-006,1)(-0.00206864,-0.0348166,3.93391e-006))

Frame 47
Affine3((0.994304,0.106577,-7.62319e-005)(-0.106577,0.994304,7.27449e-006)(7.65243e-005,9.15354e-007,1)(-0.00131075,-0.0198926,3.69549e-006))

Frame 48
Affine3((0.998756,0.0498707,-7.46105e-005)(-0.0498707,0.998756,8.08031e-006)(7.48855e-005,-4.35527e-006,1)(-0.000633985,-0.00895986,3.8147e-006))

Frame 49
Affine3((0.999912,0.0132703,-7.85285e-005)(-0.0132703,0.999912,6.16645e-006)(7.85271e-005,-5.12061e-006,1)(-0.000203812,-0.00215119,3.57628e-006))

Frame 50
Affine3((1,0.000276913,-7.57709e-005)(-0.00027693,1,7.42214e-006)(7.57574e-005,-7.41427e-006,1)(-6.03814e-005,0.000237137,3.69549e-006))

