Frame 1
Affine3((1,1.09379e-010,2.61438e-010)(-1.09379e-010,1,1.12061e-009)(-2.61438e-010,-1.12061e-009,1)(0,0,0))

Frame 2
Affine3((0.999304,0.037306,-1.71504e-006)(-0.037306,0.999304,1.28439e-007)(1.71864e-006,-6.43685e-008,1)(-0.0147065,-0.0147416,4.76837e-007))

Frame 3
Affine3((0.993777,0.111392,-3.93453e-006)(-0.111392,0.993777,5.97554e-008)(3.9167e-006,3.7889e-007,1)(-0.0355301,-0.0599368,5.96046e-007))

Frame 4
Affine3((0.978809,0.204775,-5.97094e-006)(-0.204775,0.978809,1.92683e-006)(6.23897e-006,-6.633e-007,1)(-0.0474838,-0.137744,1.3113e-006))

Frame 5
Affine3((0.953496,0.301407,-7.30132e-006)(-0.301407,0.953496,4.10217e-006)(8.1982e-006,-1.71074e-006,1)(-0.0361362,-0.237958,1.66893e-006))

Frame 6
Affine3((0.921455,0.388486,-7.61506e-006)(-0.388486,0.921455,6.29466e-006)(9.46232e-006,-2.8419e-006,1)(0.00122518,-0.340674,2.38419e-006))

Frame 7
Affine3((0.888398,0.459075,-6.74477e-006)(-0.459075,0.888398,9.57728e-006)(1.03887e-005,-5.41208e-006,1)(0.0540571,-0.429068,3.33786e-006))

Frame 8
Affine3((0.859662,0.510862,-7.08365e-006)(-0.510862,0.859662,1.12076e-005)(1.18151e-005,-6.01595e-006,1)(0.107193,-0.495148,4.41074e-006))

Frame 9
Affine3((0.839399,0.543516,-7.70852e-006)(-0.543516,0.839399,1.16932e-005)(1.2826e-005,-5.62557e-006,1)(0.14728,-0.536685,4.64916e-006))

Frame 10
Affine3((0.831451,0.555597,-7.94902e-006)(-0.555597,0.831451,1.03614e-005)(1.2366e-005,-4.19852e-006,1)(0.163382,-0.551839,4.76837e-006))

Frame 11
Affine3((0.835317,0.549768,-6.85138e-006)(-0.549768,0.835317,1.18646e-005)(1.22458e-005,-6.14403e-006,1)(0.160136,-0.549366,4.76837e-006))

Frame 12
Affine3((0.843396,0.537292,-6.06736e-006)(-0.537292,0.843396,1.01181e-005)(1.05536e-005,-5.2736e-006,1)(0.153078,-0.543367,3.93391e-006))

Frame 13
Affine3((0.853382,0.521285,-6.19216e-006)(-0.521285,0.853382,9.0879e-006)(1.00217e-005,-4.52758e-006,1)(0.144539,-0.535037,3.21865e-006))

Frame 14
Affine3((0.864294,0.502987,-5.64581e-006)(-0.502987,0.864294,6.61664e-006)(8.20772e-006,-2.87895e-006,1)(0.135611,-0.524795,2.26498e-006))

Frame 15
Affine3((0.875575,0.483083,-5.41468e-006)(-0.483083,0.875575,3.33467e-006)(6.35188e-006,-3.04015e-007,1)(0.126984,-0.512933,1.43051e-006))

Frame 16
Affine3((0.886845,0.462068,-3.59883e-006)(-0.462068,0.886845,2.7636e-006)(4.46857e-006,-7.87985e-007,1)(0.119125,-0.499746,1.19209e-006))

Frame 17
Affine3((0.897814,0.440375,-2.48293e-006)(-0.440375,0.897814,2.55741e-006)(3.35542e-006,-1.20266e-006,1)(0.112409,-0.485572,9.53674e-007))

Frame 18
Affine3((0.908182,0.418576,-1.50248e-006)(-0.418576,0.908182,5.79794e-007)(1.60721e-006,1.02342e-007,1)(0.107109,-0.47089,2.38419e-007))

Frame 19
Affine3((0.917487,0.397766,-1.12416e-006)(-0.397766,0.917487,-2.66166e-007)(9.25533e-007,6.91358e-007,1)(0.10339,-0.456609,0))

Frame 20
Affine3((0.923777,0.38293,4.59153e-007)(-0.38293,0.923777,-1.17228e-007)(-4.69045e-007,-6.75313e-008,1)(0.101492,-0.446304,1.19209e-007))

Frame 21
Affine3((0.92441,0.381399,-4.24776e-007)(-0.381399,0.92441,1.54151e-006)(9.80598e-007,-1.26298e-006,1)(0.101197,-0.445163,3.57628e-007))

Frame 22
Affine3((0.924653,0.38081,-2.41131e-006)(-0.38081,0.924653,2.36036e-006)(3.12848e-006,-1.26427e-006,1)(0.100999,-0.44467,1.07288e-006))

Frame 23
Affine3((0.924578,0.380993,-3.66432e-006)(-0.380993,0.924578,3.61942e-006)(4.76693e-006,-1.95035e-006,1)(0.100875,-0.444701,1.66893e-006))

Frame 24
Affine3((0.924382,0.381467,-6.04772e-006)(-0.381467,0.924382,4.31713e-006)(7.23725e-006,-1.68367e-006,1)(0.1008,-0.444939,1.43051e-006))

Frame 25
Affine3((0.924184,0.381947,-8.04685e-006)(-0.381947,0.924184,4.37993e-006)(9.10968e-006,-9.7439e-007,1)(0.100756,-0.445183,1.54972e-006))

Frame 26
Affine3((0.924022,0.382339,-1.02108e-005)(-0.382339,0.924022,6.53532e-006)(1.19337e-005,-2.13478e-006,1)(0.100728,-0.445381,2.38419e-006))

Frame 27
Affine3((0.92391,0.38261,-1.11587e-005)(-0.38261,0.92391,6.74812e-006)(1.28915e-005,-1.96524e-006,1)(0.100744,-0.445501,2.5034e-006))

Frame 28
Affine3((0.923846,0.382765,-1.33324e-005)(-0.382765,0.923846,7.82049e-006)(1.53105e-005,-2.12175e-006,1)(0.100804,-0.445571,2.74181e-006))

Frame 29
Affine3((0.923831,0.382802,-1.3993e-005)(-0.382802,0.923831,8.034e-006)(1.60026e-005,-2.06553e-006,1)(0.100924,-0.445581,2.86102e-006))

Frame 30
Affine3((0.923861,0.382729,-1.46589e-005)(-0.382729,0.923861,7.63426e-006)(1.64646e-005,-1.44263e-006,1)(0.101121,-0.445551,2.74181e-006))

Frame 31
Affine3((0.924878,0.380263,-1.4446e-005)(-0.380263,0.924878,8.94208e-006)(1.67612e-005,-2.77705e-006,1)(0.0992148,-0.441766,3.21865e-006))

Frame 32
Affine3((0.927687,0.373358,-1.52532e-005)(-0.373358,0.927687,8.39825e-006)(1.72858e-005,-2.09603e-006,1)(0.0935414,-0.431102,3.21865e-006))

Frame 33
Affine3((0.932029,0.362382,-1.47588e-005)(-0.362382,0.932029,7.69167e-006)(1.65429e-005,-1.82055e-006,1)(0.0848898,-0.414392,2.98023e-006))

Frame 34
Affine3((0.937605,0.347701,-1.43446e-005)(-0.347701,0.937605,7.64717e-006)(1.61085e-005,-2.18239e-006,1)(0.07412,-0.39244,2.98023e-006))

Frame 35
Affine3((0.94409,0.329687,-1.39774e-005)(-0.329687,0.94409,8.52538e-006)(1.60067e-005,-3.44055e-006,1)(0.0621083,-0.366043,3.33786e-006))

Frame 36
Affine3((0.951151,0.308727,-1.53277e-005)(-0.308727,0.951151,8.08834e-006)(1.7076e-005,-2.96115e-006,1)(0.0497171,-0.336039,3.33786e-006))

Frame 37
Affine3((0.958458,0.285234,-1.51805e-005)(-0.285234,0.958458,7.61551e-006)(1.67221e-005,-2.96915e-006,1)(0.0377113,-0.303294,3.33786e-006))

Frame 38
Affine3((0.965701,0.259656,-1.52192e-005)(-0.259656,0.965701,7.26687e-006)(1.65841e-005,-3.06588e-006,1)(0.0267437,-0.268758,3.21865e-006))

Frame 39
Affine3((0.972604,0.23247,-1.5986e-005)(-0.23247,0.972604,6.63033e-006)(1.70894e-005,-2.73242e-006,1)(0.0173078,-0.233413,3.57628e-006))

Frame 40
Affine3((0.97893,0.204194,-1.60857e-005)(-0.204194,0.97893,5.91294e-006)(1.69541e-005,-2.50375e-006,1)(0.00971054,-0.19823,3.21865e-006))

Frame 41
Affine3((0.9845,0.175386,-1.5879e-005)(-0.175386,0.9845,6.00211e-006)(1.66855e-005,-3.12412e-006,1)(0.00405765,-0.164147,3.33786e-006))

Frame 42
Affine3((0.989191,0.146634,-1.56125e-005)(-0.146634,0.989191,6.41284e-006)(1.63841e-005,-4.0542e-006,1)(0.000275701,-0.132016,3.57628e-006))

Frame 43
Affine3((0.992947,0.118563,-1.58101e-005)(-0.118563,0.992947,5.9499e-006)(1.6404e-005,-4.03345e-006,1)(-0.00186402,-0.102554,3.57628e-006))

Frame 44
Affine3((0.995775,0.0918313,-1.61465e-005)(-0.0918313,0.995775,4.88781e-006)(1.65272e-005,-3.3844e-006,1)(-0.00270329,-0.0763103,3.33786e-006))

Frame 45
Affine3((0.997744,0.0671295,-1.65262e-005)(-0.0671295,0.997744,4.12245e-006)(1.67657e-005,-3.00375e-006,1)(-0.00263828,-0.053656,3.21865e-006))

Frame 46
Affine3((0.998979,0.0451697,-1.6464e-005)(-0.0451697,0.998979,4.31175e-006)(1.6642e-005,-3.56367e-006,1)(-0.00205687,-0.0348067,3.45707e-006))

Frame 47
Affine3((0.999644,0.026691,-1.6624e-005)(-0.026691,0.999644,3.4837e-006)(1.67111e-005,-3.03875e-006,1)(-0.00129914,-0.0198854,3.21865e-006))

Frame 48
Affine3((0.999922,0.0124719,-1.66889e-005)(-0.0124719,0.999922,3.3135e-006)(1.6729e-005,-3.1051e-006,1)(-0.000623908,-0.00895414,3.21865e-006))

Frame 49
Affine3((0.999995,0.00331552,-1.66587e-005)(-0.00331552,0.999995,3.00455e-006)(1.66686e-005,-2.9493e-006,1)(-0.000188008,-0.00214422,3.33786e-006))

Frame 50
Affine3((1,6.7776e-005,-1.6783e-005)(-6.7776e-005,1,2.81824e-006)(1.67832e-005,-2.8171e-006,1)(-4.85964e-005,0.000241697,3.21865e-006))

