Frame 1
Affine3((1,-2.10611e-009,3.76849e-009)(-6.19887e-010,1,2.14012e-008)(-1.02984e-009,-6.97955e-009,1)(0,0,0))

Frame 2
Affine3((0.977551,0.210037,0.0166973)(-0.20977,0.977613,-0.0163851)(-0.019765,0.0125147,0.999726)(0.00439605,-0.0469551,-0.00603735))

Frame 3
Affine3((0.746606,0.661373,0.0718729)(-0.65843,0.750057,-0.0623285)(-0.0951312,-0.000788395,0.995464)(0.0896923,-0.13538,-0.0203855))

Frame 4
Affine3((0.0753619,0.980034,0.183994)(-0.986237,0.100489,-0.131297)(-0.147165,-0.171567,0.974119)(0.245388,-0.0600749,-0.0292093))

Frame 5
Affine3((-0.687575,0.624222,0.370928)(-0.714947,-0.671244,-0.195657)(0.12685,-0.399723,0.907816)(0.0717911,0.200267,0.00384521))

Frame 6
Affine3((-0.781628,-0.0956305,0.616371)(-0.0394752,-0.978612,-0.201892)(0.622495,-0.182135,0.761135)(-0.485068,0.00374728,0.136942))

Frame 7
Affine3((-0.401096,-0.370798,0.837634)(0.542736,-0.832828,-0.108784)(0.737942,0.410982,0.53529)(-0.660139,-0.735445,0.393933))

Frame 8
Affine3((-0.186663,-0.244081,0.95162)(0.868832,-0.493153,0.0439352)(0.458571,0.834999,0.304119)(-0.308522,-1.32088,0.691703))

Frame 9
Affine3((-0.191231,-0.116332,0.974627)(0.967,-0.192634,0.166741)(0.168349,0.974351,0.149331)(0.0821368,-1.5294,0.906522))

Frame 10
Affine3((-0.215992,-0.0828903,0.97287)(0.974622,-0.0783292,0.209708)(0.0588214,0.993476,0.0977052)(0.231531,-1.56223,0.980571))

Frame 11
Affine3((-0.226001,-0.0621293,0.972144)(0.952228,-0.224506,0.207023)(0.20539,0.97249,0.1099)(0.0443616,-1.55839,0.964284))

Frame 12
Affine3((-0.25218,-0.0357456,0.96702)(0.859638,-0.46713,0.206909)(0.444328,0.883466,0.148529)(-0.265044,-1.47785,0.915056))

Frame 13
Affine3((-0.297281,-0.00111564,0.954789)(0.678209,-0.704123,0.210343)(0.672054,0.710077,0.210079)(-0.566077,-1.28713,0.838157))

Frame 14
Affine3((-0.320975,0.164233,0.932739)(0.128369,-0.968217,0.214654)(0.938348,0.188634,0.289691)(-0.972416,-0.781571,0.739729))

Frame 15
Affine3((-0.0689958,0.182209,0.980836)(-0.736893,-0.672055,0.0730108)(0.672479,-0.717734,0.180637)(-0.976836,0.281888,0.764543))

Frame 16
Affine3((-0.248992,0.132836,0.959353)(-0.966919,0.0225829,-0.254083)(-0.0554162,-0.990881,0.122818)(-0.219666,0.832566,0.70968))

Frame 17
Affine3((-0.13056,0.592464,0.794947)(-0.691788,0.519923,-0.501109)(-0.7102,-0.615359,0.341978)(0.535827,0.536879,0.445051))

Frame 18
Affine3((0.0516617,0.801319,0.596003)(-0.353,0.572926,-0.739694)(-0.934196,-0.172175,0.312463)(0.877045,0.100605,0.438798))

Frame 19
Affine3((0.195549,0.854303,0.481587)(-0.157956,0.512093,-0.844281)(-0.96789,0.0890283,0.235082)(0.995955,-0.169397,0.498303))

Frame 20
Affine3((0.279411,0.851427,0.443848)(-0.0776652,0.480785,-0.873392)(-0.957025,0.209564,0.200463)(1.02566,-0.290917,0.52682))

Frame 21
Affine3((0.292535,0.833529,0.468672)(-0.0435321,0.501212,-0.864229)(-0.955264,0.232414,0.182907)(1.03816,-0.303378,0.53711))

Frame 22
Affine3((0.300541,0.804898,0.511678)(0.000257597,0.536412,-0.843956)(-0.953769,0.253776,0.161007)(1.05859,-0.308883,0.54778))

Frame 23
Affine3((0.297784,0.773325,0.559726)(0.0391513,0.575939,-0.816555)(-0.95383,0.265071,0.141229)(1.08264,-0.303889,0.556279))

Frame 24
Affine3((0.286468,0.741382,0.606868)(0.0683577,0.615984,-0.784787)(-0.955648,0.2663,0.12578)(1.10839,-0.29,0.561713))

Frame 25
Affine3((0.269503,0.710931,0.649573)(0.085392,0.654231,-0.751458)(-0.959206,0.257989,0.11561)(1.13437,-0.268778,0.563568))

Frame 26
Affine3((0.249536,0.683699,0.685775)(0.0889883,0.688991,-0.719286)(-0.964268,0.240514,0.111087)(1.15911,-0.241458,0.561436))

Frame 27
Affine3((0.229034,0.661253,0.714345)(0.0788273,0.718842,-0.69069)(-0.970221,0.214502,0.112515)(1.18106,-0.209379,0.554775))

Frame 28
Affine3((0.210068,0.644924,0.734809)(0.0554588,0.742509,-0.667537)(-0.976113,0.18098,0.12021)(1.19868,-0.174143,0.542967))

Frame 29
Affine3((0.194257,0.635748,0.747053)(0.0200866,0.758823,-0.650988)(-0.980745,0.141465,0.134636)(1.21052,-0.137703,0.525327))

Frame 30
Affine3((0.182564,0.634407,0.751131)(-0.025582,0.766777,-0.641404)(-0.982861,0.0978816,0.156215)(1.21542,-0.102261,0.50135))

Frame 31
Affine3((0.181699,0.639414,0.747084)(-0.0719869,0.766341,-0.638388)(-0.980716,0.0622141,0.185273)(1.21403,-0.0774726,0.470815))

Frame 32
Affine3((0.197581,0.6488,0.73486)(-0.110639,0.759607,-0.640902)(-0.974023,0.045326,0.221867)(1.20791,-0.0721327,0.433953))

Frame 33
Affine3((0.22955,0.661082,0.714337)(-0.141825,0.748821,-0.64742)(-0.962909,0.0473043,0.265649)(1.19637,-0.0865819,0.391525))

Frame 34
Affine3((0.276773,0.67349,0.685425)(-0.166333,0.7361,-0.656118)(-0.94643,0.0675864,0.315756)(1.1775,-0.120114,0.344853))

Frame 35
Affine3((0.337976,0.68245,0.648101)(-0.185213,0.723386,-0.665138)(-0.92275,0.104764,0.370886)(1.14847,-0.170796,0.295686))

Frame 36
Affine3((0.411077,0.684023,0.602602)(-0.199411,0.712501,-0.672739)(-0.889523,0.156382,0.429295)(1.10618,-0.235309,0.246094))

Frame 37
Affine3((0.492995,0.674558,0.549479)(-0.209598,0.705044,-0.677482)(-0.844408,0.218825,0.488969)(1.04792,-0.308971,0.198253))

Frame 38
Affine3((0.579747,0.651249,0.489661)(-0.216003,0.702301,-0.678318)(-0.785644,0.287484,0.547829)(0.972046,-0.38608,0.154199))

Frame 39
Affine3((0.666717,0.612662,0.424421)(-0.218423,0.705067,-0.674664)(-0.712587,0.357107,0.6039)(0.878539,-0.460469,0.115659))

Frame 40
Affine3((0.74913,0.559025,0.355381)(-0.216333,0.713534,-0.666386)(-0.626103,0.422328,0.655465)(0.769296,-0.526215,0.0838954))

Frame 41
Affine3((0.822671,0.492273,0.284393)(-0.209139,0.727206,-0.653783)(-0.528652,0.47837,0.701205)(0.648044,-0.57845,0.0596188))

Frame 42
Affine3((0.884061,0.415797,0.213421)(-0.196481,0.744973,-0.637503)(-0.424065,0.521658,0.740298)(0.519908,-0.613995,0.0429327))

Frame 43
Affine3((0.931448,0.333979,0.14444)(-0.178483,0.765261,-0.618481)(-0.317094,0.550303,0.77241)(0.390785,-0.631774,0.033397))

Frame 44
Affine3((0.964575,0.251587,0.0793684)(-0.1559,0.786314,-0.597834)(-0.212816,0.564282,0.797681)(0.266611,-0.632854,0.0300723))

Frame 45
Affine3((0.984672,0.173269,0.0199498)(-0.130219,0.806438,-0.576802)(-0.11603,0.565364,0.81664)(0.152726,-0.620221,0.0316659))

Frame 46
Affine3((0.994151,0.10311,-0.0321275)(-0.103479,0.824254,-0.556684)(-0.0309185,0.556752,0.830103)(0.0535519,-0.598273,0.036598))

Frame 47
Affine3((0.996159,0.044451,-0.0754405)(-0.0782316,0.838813,-0.53877)(0.0393316,0.542602,0.839069)(-0.0276809,-0.572248,0.0431951))

Frame 48
Affine3((0.9941,-7.13061e-005,-0.108471)(-0.0571585,0.849553,-0.524397)(0.0921892,0.527503,0.844536)(-0.088492,-0.547676,0.0497584))

Frame 49
Affine3((0.991153,-0.0283195,-0.129672)(-0.0428899,0.856222,-0.514824)(0.125607,0.515831,0.847432)(-0.126842,-0.529752,0.0546573))

Frame 50
Affine3((0.9898,-0.0382341,-0.137239)(-0.0377351,0.858548,-0.511342)(0.137377,0.511305,0.848348)(-0.140343,-0.522969,0.056537))

