Frame 1
Affine3((1,-8.92857e-009,-1.38667e-008)(-8.70526e-010,1,-4.16746e-010)(9.20173e-009,-9.04238e-009,1)(0,0,0))

Frame 2
Affine3((0.988882,0.148701,-7.03824e-006)(-0.148701,0.988882,1.46754e-006)(7.16918e-006,-4.19511e-007,1)(-0.0147072,-0.0147408,-1.19209e-007))

Frame 3
Affine3((0.901965,0.431809,-1.79502e-005)(-0.431809,0.901965,-3.10438e-007)(1.60313e-005,8.04049e-006,1)(-0.035535,-0.0599367,-1.78814e-007))

Frame 4
Affine3((0.678605,0.734503,-2.44054e-005)(-0.734503,0.678606,5.78555e-006)(2.07876e-005,1.39296e-005,1)(-0.0474877,-0.137745,8.9407e-007))

Frame 5
Affine3((0.339264,0.940691,-3.70135e-005)(-0.940691,0.339264,3.02616e-006)(1.53965e-005,3.37761e-005,1)(-0.0361341,-0.237969,1.43051e-006))

Frame 6
Affine3((-0.0251451,0.999684,-6.56705e-005)(-0.999684,-0.0251451,6.45876e-006)(4.83824e-006,6.57923e-005,1)(0.00123435,-0.340711,-2.14577e-006))

Frame 7
Affine3((-0.330648,0.943754,-7.26233e-005)(-0.943754,-0.330648,6.5641e-006)(-1.78557e-005,7.07155e-005,1)(0.0540925,-0.429102,-7.7486e-007))

Frame 8
Affine3((-0.542939,0.839772,-9.68567e-005)(-0.839772,-0.542939,8.62038e-006)(-4.53438e-005,8.60025e-005,1)(0.107248,-0.495191,-3.99351e-006))

Frame 9
Affine3((-0.665123,0.746734,-0.000102221)(-0.746734,-0.665123,1.09545e-005)(-5.9791e-005,8.3635e-005,1)(0.147342,-0.536727,-3.8147e-006))

Frame 10
Affine3((-0.707195,0.707018,-0.000142052)(-0.707018,-0.707195,4.80567e-006)(-9.70542e-005,0.000103819,1)(0.163479,-0.55191,-1.07288e-005))

Frame 11
Affine3((-0.687123,0.726541,-0.000151604)(-0.726541,-0.687123,-3.15653e-006)(-0.000106474,0.000107953,1)(0.160257,-0.549434,-1.29938e-005))

Frame 12
Affine3((-0.642733,0.76609,-0.00015936)(-0.76609,-0.642733,-6.68449e-006)(-0.000107517,0.000117815,1)(0.15321,-0.543457,-1.61529e-005))

Frame 13
Affine3((-0.583137,0.812373,-0.000174863)(-0.812374,-0.583137,-1.68188e-005)(-0.000115623,0.000132216,1)(0.144683,-0.535148,-2.04444e-005))

Frame 14
Affine3((-0.511877,0.859059,-0.000190885)(-0.859059,-0.511877,-3.03678e-005)(-0.000123804,0.000148448,1)(0.135767,-0.524939,-2.49147e-005))

Frame 15
Affine3((-0.431236,0.902239,-0.000191755)(-0.902239,-0.431236,-3.6169e-005)(-0.000115305,0.000157354,1)(0.12713,-0.513107,-2.67625e-005))

Frame 16
Affine3((-0.343321,0.939218,-0.000224637)(-0.939218,-0.343321,-4.90108e-005)(-0.000123147,0.000194195,1)(0.119287,-0.499969,-3.45111e-005))

Frame 17
Affine3((-0.250513,0.968113,-0.000226974)(-0.968113,-0.250513,-5.56186e-005)(-0.00011067,0.000205777,1)(0.112564,-0.485819,-3.64184e-005))

Frame 18
Affine3((-0.156004,0.987756,-0.000229627)(-0.987756,-0.156004,-6.00341e-005)(-9.51206e-005,0.000217417,1)(0.107243,-0.471168,-3.80278e-005))

Frame 19
Affine3((-0.0654157,0.997858,-0.000255013)(-0.997858,-0.0654157,-6.98749e-005)(-8.63882e-005,0.000249885,1)(0.103509,-0.45693,-4.37498e-005))

Frame 20
Affine3((-0.00100126,0.999999,-0.000281007)(-1,-0.0010013,-7.39388e-005)(-7.42239e-005,0.000280921,1)(0.101602,-0.446672,-4.88162e-005))

Frame 21
Affine3((0.00565062,0.999984,-0.000323316)(-0.999984,0.00565059,-8.31664e-005)(-8.13417e-005,0.000323729,1)(0.101322,-0.445574,-5.45979e-005))

Frame 22
Affine3((0.00819883,0.999966,-0.00034212)(-0.999966,0.00819881,-8.49074e-005)(-8.21052e-005,0.000342793,1)(0.101128,-0.445099,-5.68032e-005))

Frame 23
Affine3((0.00742212,0.999972,-0.000379035)(-0.999972,0.00742208,-9.21847e-005)(-8.93499e-005,0.000379654,1)(0.101018,-0.445168,-6.07371e-005))

Frame 24
Affine3((0.00537472,0.999985,-0.000427584)(-0.999986,0.0053747,-9.96122e-005)(-9.72983e-005,0.000428059,1)(0.100952,-0.445451,-6.72936e-005))

Frame 25
Affine3((0.00328944,0.999994,-0.000449821)(-0.999995,0.00328938,-0.000100719)(-9.92556e-005,0.000450197,1)(0.100908,-0.445719,-6.93798e-005))

Frame 26
Affine3((0.00161126,0.999999,-0.000482629)(-0.999999,0.00161125,-0.000111371)(-0.000110587,0.000482744,1)(0.100901,-0.445944,-7.17044e-005))

Frame 27
Affine3((0.0004394,1,-0.000525656)(-1,0.00043935,-0.000112017)(-0.000111777,0.000525688,1)(0.10092,-0.446113,-7.85589e-005))

Frame 28
Affine3((-0.000219415,1,-0.000547311)(-1,-0.000219494,-0.000116777)(-0.000116892,0.000547268,1)(0.100989,-0.446201,-8.04663e-005))

Frame 29
Affine3((-0.000380137,1,-0.000568925)(-1,-0.000380184,-0.000126157)(-0.000126376,0.000568881,1)(0.101121,-0.446239,-8.24928e-005))

Frame 30
Affine3((-6.49587e-005,1,-0.000612149)(-1,-6.505e-005,-0.000132697)(-0.000132742,0.000612156,1)(0.101324,-0.446257,-9.00626e-005))

Frame 31
Affine3((0.0106171,0.999943,-0.000624316)(-0.999944,0.010617,-0.000136944)(-0.000130307,0.000625736,1)(0.099424,-0.442492,-9.197e-005))

Frame 32
Affine3((0.0404322,0.999182,-0.000668264)(-0.999182,0.0404321,-0.00015021)(-0.000123055,0.000673724,1)(0.0937392,-0.431881,-9.90629e-005))

Frame 33
Affine3((0.0875471,0.99616,-0.000673594)(-0.99616,0.0875471,-0.000150717)(-9.11857e-005,0.000684206,1)(0.0850508,-0.415197,-0.000100255))

Frame 34
Affine3((0.149919,0.988698,-0.000711551)(-0.988698,0.149919,-0.000159061)(-5.05793e-005,0.000727357,1)(0.0742362,-0.393301,-0.000107229))

Frame 35
Affine3((0.225137,0.974327,-0.000733175)(-0.974327,0.225137,-0.000164287)(5.00919e-006,0.000751305,1)(0.062167,-0.366942,-0.000111103))

Frame 36
Affine3((0.310349,0.950622,-0.00075064)(-0.950623,0.310349,-0.000170246)(7.11126e-005,0.000766369,1)(0.0496956,-0.336957,-0.000113785))

Frame 37
Affine3((0.402256,0.915527,-0.000783016)(-0.915527,0.402256,-0.000180642)(0.000149549,0.000789556,1)(0.0375958,-0.304248,-0.000118971))

Frame 38
Affine3((0.497161,0.867658,-0.00078702)(-0.867658,0.497161,-0.000184363)(0.000231271,0.000774472,1)(0.0265274,-0.269708,-0.000118971))

Frame 39
Affine3((0.591185,0.806536,-0.000818815)(-0.806536,0.591185,-0.000193066)(0.000328334,0.000774488,1)(0.0169741,-0.234365,-0.000124395))

Frame 40
Affine3((0.680491,0.732756,-0.000822843)(-0.732756,0.680491,-0.000192862)(0.000418648,0.000734174,1)(0.00926213,-0.199146,-0.000125408))

Frame 41
Affine3((0.761621,0.648022,-0.000851017)(-0.648022,0.761621,-0.000198767)(0.000519325,0.00070288,1)(0.00348654,-0.165035,-0.000130594))

Frame 42
Affine3((0.831807,0.555065,-0.000881995)(-0.555065,0.831807,-0.000206513)(0.000618991,0.000661311,1)(-0.000416368,-0.132863,-0.000135958))

Frame 43
Affine3((0.889223,0.457472,-0.000876684)(-0.457473,0.889224,-0.000204858)(0.000685873,0.00058321,1)(-0.0026475,-0.103319,-0.000135183))

Frame 44
Affine3((0.933182,0.359402,-0.000885171)(-0.359402,0.933183,-0.000210762)(0.000750282,0.00051481,1)(-0.00357383,-0.0769937,-0.000135839))

Frame 45
Affine3((0.964171,0.26528,-0.000901764)(-0.26528,0.964171,-0.000214487)(0.000812535,0.000446009,1)(-0.0035889,-0.0542573,-0.000138879))

Frame 46
Affine3((0.983752,0.179531,-0.000932223)(-0.179531,0.983752,-0.000221258)(0.000877341,0.000385022,1)(-0.00308645,-0.0353384,-0.000144422))

Frame 47
Affine3((0.994328,0.106352,-0.000931363)(-0.106352,0.994328,-0.000221628)(0.000902452,0.000319411,1)(-0.00236736,-0.0203387,-0.000144124))

Frame 48
Affine3((0.998767,0.0496437,-0.000924839)(-0.0496439,0.998767,-0.000219033)(0.000912759,0.000264681,1)(-0.00171191,-0.00934433,-0.00014323))

Frame 49
Affine3((0.999915,0.0130343,-0.000933881)(-0.0130346,0.999915,-0.000221658)(0.000930859,0.000233841,1)(-0.00129983,-0.0024968,-0.00014472))

Frame 50
Affine3((1,4.41676e-005,-0.000921097)(-4.43658e-005,1,-0.000218717)(0.000921036,0.000218762,1)(-0.00115246,-9.3095e-005,-0.000142395))

