Frame 1
Affine3((1,-1.42824e-008,3.84078e-009)(-8.73131e-009,1,9.57571e-009)(9.27569e-009,-9.23319e-011,1)(0,0,0))

Frame 2
Affine3((0.997669,0.0682432,2.1621e-006)(-0.0682432,0.997669,1.12453e-006)(-2.11759e-006,-1.29007e-006,1)(-0.00206099,-0.0115727,5.96046e-008))

Frame 3
Affine3((0.967003,0.254766,-1.91626e-009)(-0.254766,0.967003,1.02805e-006)(3.04301e-007,-1.00128e-006,1)(-0.00871532,-0.0456709,1.78814e-007))

Frame 4
Affine3((0.865157,0.501501,8.33483e-007)(-0.501501,0.865157,2.45635e-006)(5.65793e-007,-2.52449e-006,1)(-0.0144069,-0.102865,3.57628e-007))

Frame 5
Affine3((0.684848,0.728686,2.20234e-006)(-0.728686,0.684848,4.39638e-006)(1.68636e-006,-4.65191e-006,1)(-0.00989933,-0.178167,6.55651e-007))

Frame 6
Affine3((0.467794,0.883837,2.15798e-006)(-0.883837,0.467795,2.26779e-006)(1.0762e-006,-2.95471e-006,1)(0.00888839,-0.259491,2.98023e-007))

Frame 7
Affine3((0.267417,0.963581,1.87565e-006)(-0.963581,0.267417,6.73128e-006)(6.01524e-006,-3.56958e-006,1)(0.0377744,-0.33409,1.13249e-006))

Frame 8
Affine3((0.117262,0.993101,7.59577e-007)(-0.993101,0.117262,-8.58753e-007)(-9.40985e-007,-6.71984e-007,1)(0.0682512,-0.393188,-1.19209e-007))

Frame 9
Affine3((0.0285184,0.999593,-6.00205e-008)(-0.999593,0.0285185,-4.07195e-006)(-4.0128e-006,1.52353e-007,1)(0.0917215,-0.431578,-7.15256e-007))

Frame 10
Affine3((4.56282e-005,1,6.59451e-007)(-1,4.5633e-005,3.48139e-007)(3.76245e-007,-6.37322e-007,1)(0.101117,-0.445453,5.96046e-008))

Frame 11
Affine3((5.95151e-005,1,1.15927e-006)(-1,5.95264e-005,3.54609e-006)(3.54466e-006,-1.16991e-006,1)(0.101431,-0.445738,5.96046e-007))

Frame 12
Affine3((1.16232e-005,1,1.00251e-006)(-1,1.16339e-005,-1.61755e-006)(-1.56981e-006,-9.84507e-007,1)(0.101663,-0.445964,-2.98023e-007))

Frame 13
Affine3((-5.87105e-005,1,2.32339e-007)(-1,-5.8711e-005,1.44814e-006)(1.49506e-006,-2.02609e-007,1)(0.101811,-0.446133,2.38419e-007))

Frame 14
Affine3((-0.000164181,1,1.20325e-006)(-1,-0.000164148,2.53524e-006)(2.54402e-006,-1.17893e-006,1)(0.101895,-0.446254,4.17233e-007))

Frame 15
Affine3((-0.000299134,1,9.35243e-008)(-1,-0.000299129,-1.18969e-006)(-1.16124e-006,-1.80073e-007,1)(0.101924,-0.446337,-2.38419e-007))

Frame 16
Affine3((-0.0004489,1,-2.12889e-007)(-1,-0.000448912,-1.37298e-006)(-1.37034e-006,2.0231e-007,1)(0.101902,-0.446384,-1.78814e-007))

Frame 17
Affine3((-0.000602531,1,1.81957e-006)(-1,-0.000602539,4.8955e-006)(4.91038e-006,-1.76322e-006,1)(0.101835,-0.446398,8.34465e-007))

Frame 18
Affine3((-0.000769171,1,2.11245e-006)(-1,-0.000769162,3.85151e-006)(3.87575e-006,-2.11938e-006,1)(0.101742,-0.446389,5.96046e-007))

Frame 19
Affine3((-0.000932067,1,1.90118e-006)(-1,-0.000932077,-9.91304e-007)(-9.60201e-007,-1.90971e-006,1)(0.101627,-0.446357,-2.38419e-007))

Frame 20
Affine3((-0.00106953,0.999999,2.4482e-006)(-0.999999,-0.00106951,3.47717e-006)(3.4801e-006,-2.39811e-006,1)(0.101489,-0.446304,4.76837e-007))

Frame 21
Affine3((-0.00120245,0.999999,3.46984e-007)(-0.999999,-0.00120244,-1.25846e-006)(-1.22006e-006,-3.40321e-007,1)(0.10135,-0.446239,-1.78814e-007))

Frame 22
Affine3((-0.00129831,0.999999,2.06504e-006)(-0.999999,-0.00129833,8.36849e-007)(8.89074e-007,-2.0537e-006,1)(0.101205,-0.446157,1.19209e-007))

Frame 23
Affine3((-0.0013569,0.999999,1.64217e-006)(-0.999999,-0.00135687,1.84008e-006)(1.84412e-006,-1.7015e-006,1)(0.101069,-0.446067,2.98023e-007))

Frame 24
Affine3((-0.00137087,0.999999,1.38781e-006)(-0.999999,-0.00137085,5.33348e-006)(5.33967e-006,-1.40107e-006,1)(0.100947,-0.445971,8.34465e-007))

Frame 25
Affine3((-0.00133326,0.999999,2.18791e-006)(-0.999999,-0.00133328,6.59375e-006)(6.65292e-006,-2.11486e-006,1)(0.100851,-0.44587,1.07288e-006))

Frame 26
Affine3((-0.00123617,0.999999,1.96208e-006)(-0.999999,-0.00123618,2.90181e-006)(2.95406e-006,-1.95694e-006,1)(0.100794,-0.445771,4.76837e-007))

Frame 27
Affine3((-0.00105776,0.999999,1.07663e-006)(-0.999999,-0.00105775,3.44169e-006)(3.47347e-006,-1.04648e-006,1)(0.100778,-0.445675,4.76837e-007))

Frame 28
Affine3((-0.000794838,1,1.98536e-006)(-1,-0.000794828,9.20867e-007)(9.63678e-007,-1.9593e-006,1)(0.10082,-0.445586,1.19209e-007))

Frame 29
Affine3((-0.000431365,1,1.24303e-006)(-1,-0.000431358,1.96999e-006)(2.00291e-006,-1.24412e-006,1)(0.100926,-0.445511,2.98023e-007))

Frame 30
Affine3((4.53192e-005,1,6.19631e-007)(-1,4.53542e-005,5.64562e-007)(5.69787e-007,-6.50994e-007,1)(0.101117,-0.445453,1.19209e-007))

Frame 31
Affine3((0.0107252,0.999942,1.16524e-006)(-0.999943,0.0107252,4.27175e-006)(4.28585e-006,-1.14298e-006,1)(0.0992169,-0.441665,7.15256e-007))

Frame 32
Affine3((0.0405336,0.999178,1.86321e-006)(-0.999178,0.0405336,1.09403e-006)(1.03319e-006,-1.9688e-006,1)(0.0935453,-0.430997,1.78814e-007))

Frame 33
Affine3((0.0876395,0.996152,6.88405e-007)(-0.996152,0.0876395,-3.34893e-006)(-3.38424e-006,-4.42815e-007,1)(0.0848997,-0.414294,-5.36442e-007))

Frame 34
Affine3((0.150006,0.988685,1.07518e-006)(-0.988685,0.150006,2.33157e-006)(2.13515e-006,-1.38999e-006,1)(0.0741334,-0.392344,3.57628e-007))

Frame 35
Affine3((0.22522,0.974308,2.72811e-006)(-0.974308,0.22522,3.36002e-006)(2.65751e-006,-3.45956e-006,1)(0.0621358,-0.365948,4.76837e-007))

Frame 36
Affine3((0.310423,0.950598,1.75153e-006)(-0.950598,0.310423,3.98905e-006)(3.24066e-006,-2.8892e-006,1)(0.0497511,-0.335941,6.55651e-007))

Frame 37
Affine3((0.402324,0.915497,2.43346e-006)(-0.915497,0.402324,3.23275e-006)(1.94638e-006,-3.50341e-006,1)(0.0377549,-0.303201,4.76837e-007))

Frame 38
Affine3((0.497219,0.867625,1.80603e-006)(-0.867625,0.497219,3.66823e-006)(2.26198e-006,-3.47346e-006,1)(0.0267964,-0.268672,5.96046e-007))

Frame 39
Affine3((0.59123,0.806503,1.80273e-006)(-0.806503,0.59123,6.89195e-007)(-5.00824e-007,-1.90182e-006,1)(0.0173714,-0.233332,1.19209e-007))

Frame 40
Affine3((0.68053,0.73272,1.27545e-006)(-0.73272,0.68053,2.64726e-006)(1.05146e-006,-2.75698e-006,1)(0.00978036,-0.198155,4.17233e-007))

Frame 41
Affine3((0.761659,0.647978,3.10998e-006)(-0.647978,0.761659,6.28553e-006)(1.69072e-006,-6.79379e-006,1)(0.00413679,-0.164081,9.53674e-007))

Frame 42
Affine3((0.831833,0.555025,1.11611e-006)(-0.555025,0.831833,4.3465e-007)(-6.8642e-007,-1.01747e-006,1)(0.000364512,-0.13197,0))

Frame 43
Affine3((0.889244,0.457433,1.4744e-006)(-0.457433,0.889244,2.89931e-006)(1.59062e-008,-3.26354e-006,1)(-0.00177141,-0.102517,4.17233e-007))

Frame 44
Affine3((0.933197,0.359365,4.16839e-008)(-0.359365,0.933197,-3.12224e-006)(-1.09284e-006,2.90165e-006,1)(-0.00260774,-0.0762847,-5.96046e-007))

Frame 45
Affine3((0.96418,0.265248,1.33843e-006)(-0.265248,0.96418,-5.96583e-007)(-1.45884e-006,2.06183e-007,1)(-0.00253941,-0.0536348,-1.19209e-007))

Frame 46
Affine3((0.983759,0.179493,6.80192e-007)(-0.179493,0.983759,1.66706e-006)(-3.06665e-007,-1.7956e-006,1)(-0.00195643,-0.0347957,2.38419e-007))

Frame 47
Affine3((0.994333,0.106313,3.02757e-006)(-0.106313,0.994333,5.54462e-006)(-2.41139e-006,-5.83631e-006,1)(-0.00119631,-0.0198755,8.34465e-007))

Frame 48
Affine3((0.998769,0.0496104,2.07542e-006)(-0.0496104,0.998769,2.86104e-006)(-1.90445e-006,-2.96998e-006,1)(-0.000521902,-0.00895309,4.17233e-007))

Frame 49
Affine3((0.999915,0.0130042,1.48304e-006)(-0.0130042,0.999915,1.3716e-006)(-1.44746e-006,-1.42128e-006,1)(-8.70414e-005,-0.00214711,1.78814e-007))

Frame 50
Affine3((1,1.10489e-005,1.74699e-007)(-1.104e-005,1,1.85236e-007)(-1.77852e-007,-2.01767e-007,1)(5.22416e-005,0.000237361,0))

