Frame 1
Affine3((1,9.96091e-009,1.54513e-008)(2.49305e-008,1,-6.32444e-010)(1.78617e-009,5.92061e-009,1)(0,0,0))

Frame 2
Affine3((0.977551,0.210038,0.0166566)(-0.209773,0.977613,-0.0163721)(-0.0197224,0.0125105,0.999727)(0.00435057,-0.0469509,-0.00602698))

Frame 3
Affine3((0.746606,0.661368,0.0719071)(-0.658421,0.750061,-0.0623702)(-0.0951844,-0.000779199,0.995459)(0.0897471,-0.135388,-0.0203899))

Frame 4
Affine3((0.0753746,0.980022,0.184053)(-0.986237,0.100508,-0.131281)(-0.147157,-0.171624,0.97411)(0.245376,-0.0600125,-0.0292296))

Frame 5
Affine3((-0.687556,0.62421,0.370983)(-0.714961,-0.671227,-0.195665)(0.126878,-0.399769,0.907792)(0.0717549,0.200319,0.00384951))

Frame 6
Affine3((-0.78159,-0.0956314,0.616419)(-0.0394878,-0.978612,-0.201891)(0.622542,-0.182137,0.761097)(-0.485129,0.00374918,0.136969))

Frame 7
Affine3((-0.400972,-0.370663,0.837753)(0.542653,-0.832883,-0.108779)(0.738071,0.410993,0.535104)(-0.660315,-0.735507,0.394071))

Frame 8
Affine3((-0.186657,-0.244029,0.951635)(0.868825,-0.493165,0.0439515)(0.458587,0.835008,0.304071)(-0.308542,-1.32091,0.691751))

Frame 9
Affine3((-0.191271,-0.116291,0.974624)(0.96699,-0.192649,0.166786)(0.168365,0.974352,0.149301)(0.0821355,-1.52942,0.906553))

Frame 10
Affine3((-0.216027,-0.0827817,0.972872)(0.97461,-0.0783714,0.209745)(0.0588823,0.993481,0.0976102)(0.231483,-1.56228,0.980668))

Frame 11
Affine3((-0.225989,-0.0620039,0.972155)(0.952206,-0.224595,0.207027)(0.205504,0.972478,0.109796)(0.0442402,-1.55842,0.964384))

Frame 12
Affine3((-0.252142,-0.0355739,0.967036)(0.859593,-0.467198,0.206941)(0.444436,0.883437,0.148379)(-0.265168,-1.47788,0.915203))

Frame 13
Affine3((-0.297276,-0.00102836,0.954791)(0.678179,-0.704136,0.210394)(0.672086,0.710064,0.21002)(-0.56611,-1.28715,0.83821))

Frame 14
Affine3((-0.3209,0.164294,0.932754)(0.128334,-0.968214,0.214692)(0.938378,0.188599,0.289615)(-0.972474,-0.781561,0.739794))

Frame 15
Affine3((-0.0690835,0.182236,0.980825)(-0.736863,-0.672092,0.0729735)(0.672503,-0.717693,0.180713)(-0.976828,0.281839,0.764477))

Frame 16
Affine3((-0.248971,0.132613,0.959389)(-0.966922,0.0226867,-0.254062)(-0.0554572,-0.990908,0.122578)(-0.219632,0.832676,0.70991))

Frame 17
Affine3((-0.130583,0.592394,0.794995)(-0.691778,0.519963,-0.501081)(-0.710205,-0.615392,0.341907)(0.535844,0.536939,0.445102))

Frame 18
Affine3((0.0516128,0.8013,0.596033)(-0.352973,0.572943,-0.739693)(-0.934209,-0.172206,0.312408)(0.877078,0.100644,0.438842))

Frame 19
Affine3((0.195512,0.854298,0.481613)(-0.15794,0.512108,-0.844275)(-0.9679,0.0889999,0.235051)(0.99598,-0.169366,0.498324))

Frame 20
Affine3((0.279376,0.85143,0.443865)(-0.0776512,0.480792,-0.873389)(-0.957037,0.209537,0.200436)(1.02569,-0.29089,0.52684))

Frame 21
Affine3((0.292485,0.83353,0.4687)(-0.0435038,0.501224,-0.864223)(-0.95528,0.232382,0.182862)(1.0382,-0.303347,0.537144))

Frame 22
Affine3((0.300473,0.804908,0.511702)(0.000292233,0.536415,-0.843954)(-0.95379,0.253735,0.160943)(1.05864,-0.308846,0.547835))

Frame 23
Affine3((0.297731,0.773335,0.559741)(0.0391723,0.575941,-0.816552)(-0.953846,0.26504,0.141182)(1.08267,-0.303861,0.556321))

Frame 24
Affine3((0.286408,0.74139,0.606886)(0.0683845,0.615988,-0.784782)(-0.955664,0.266269,0.125724)(1.10843,-0.289971,0.561764))

Frame 25
Affine3((0.269444,0.710936,0.649592)(0.0854199,0.654236,-0.751451)(-0.95922,0.257962,0.115552)(1.13441,-0.268753,0.563619))

Frame 26
Affine3((0.249496,0.683702,0.685787)(0.0890046,0.688995,-0.71928)(-0.964277,0.240495,0.111049)(1.15914,-0.241441,0.56147))

Frame 27
Affine3((0.228981,0.661257,0.714357)(0.0788475,0.718845,-0.690685)(-0.970232,0.214479,0.112463)(1.1811,-0.209357,0.554822))

Frame 28
Affine3((0.210041,0.644923,0.734818)(0.0554679,0.742513,-0.667531)(-0.976118,0.180968,0.120186)(1.1987,-0.174131,0.542989))

Frame 29
Affine3((0.194202,0.635748,0.747068)(0.0201175,0.758826,-0.650983)(-0.980755,0.141451,0.134576)(1.21056,-0.13769,0.525383))

Frame 30
Affine3((0.1825,0.634398,0.751154)(-0.0255524,0.766787,-0.641393)(-0.982874,0.0978605,0.156149)(1.21545,-0.102237,0.501408))

Frame 31
Affine3((0.181652,0.639408,0.747101)(-0.0719617,0.766347,-0.638383)(-0.980726,0.0622007,0.185221)(1.21406,-0.0774567,0.470861))

Frame 32
Affine3((0.197539,0.648799,0.734872)(-0.110621,0.759609,-0.640903)(-0.974033,0.0453111,0.221824)(1.20794,-0.0721164,0.433992))

Frame 33
Affine3((0.229488,0.661071,0.714367)(-0.141799,0.748832,-0.647413)(-0.962927,0.0472774,0.265587)(1.19642,-0.0865503,0.391577))

Frame 34
Affine3((0.276705,0.673486,0.685456)(-0.166303,0.736106,-0.656118)(-0.946455,0.0675583,0.315687)(1.17755,-0.120084,0.344912))

Frame 35
Affine3((0.337936,0.682446,0.648126)(-0.185187,0.723391,-0.66514)(-0.922771,0.10475,0.37084)(1.14851,-0.170781,0.295723))

Frame 36
Affine3((0.411008,0.684023,0.602648)(-0.199372,0.712507,-0.672744)(-0.889564,0.156352,0.429221)(1.10625,-0.235278,0.246151))

Frame 37
Affine3((0.492949,0.674561,0.549517)(-0.209572,0.705049,-0.677485)(-0.844441,0.218802,0.488922)(1.04797,-0.308949,0.198286))

Frame 38
Affine3((0.579702,0.651259,0.489701)(-0.215979,0.702301,-0.678326)(-0.785684,0.287462,0.547783)(0.972106,-0.38606,0.154229))

Frame 39
Affine3((0.666672,0.612677,0.42447)(-0.218397,0.705066,-0.674674)(-0.712637,0.357083,0.603855)(0.878609,-0.460451,0.115685))

Frame 40
Affine3((0.749099,0.559038,0.355425)(-0.21631,0.713532,-0.666395)(-0.626147,0.422314,0.655432)(0.769354,-0.526206,0.0839118))

Frame 41
Affine3((0.822632,0.4923,0.284461)(-0.209109,0.727199,-0.6538)(-0.528725,0.478354,0.701162)(0.648134,-0.578443,0.059637))

Frame 42
Affine3((0.884045,0.415813,0.213456)(-0.196467,0.744967,-0.637514)(-0.424104,0.521654,0.740278)(0.519956,-0.613997,0.0429386))

Frame 43
Affine3((0.931427,0.334008,0.144509)(-0.178457,0.765248,-0.618505)(-0.31717,0.550304,0.772379)(0.390871,-0.631786,0.0334023))

Frame 44
Affine3((0.964563,0.251612,0.0794277)(-0.15588,0.7863,-0.597858)(-0.212882,0.564291,0.797657)(0.266683,-0.632874,0.0300735))

Frame 45
Affine3((0.984668,0.173286,0.0200144)(-0.130195,0.80643,-0.576819)(-0.116095,0.565369,0.816627)(0.152793,-0.620234,0.0316535))

Frame 46
Affine3((0.99415,0.10313,-0.0320772)(-0.103467,0.824245,-0.556699)(-0.030973,0.556762,0.830095)(0.0536084,-0.598291,0.0365855))

Frame 47
Affine3((0.996163,0.0444763,-0.0753773)(-0.0782201,0.838792,-0.538804)(0.0392619,0.542632,0.839052)(-0.0276115,-0.572288,0.0431876))

Frame 48
Affine3((0.994106,-5.50551e-005,-0.10841)(-0.0571421,0.849543,-0.524416)(0.0921281,0.52752,0.844533)(-0.088433,-0.5477,0.0497377))

Frame 49
Affine3((0.991159,-0.0283048,-0.129628)(-0.0428813,0.856215,-0.514838)(0.125561,0.515845,0.847431)(-0.126798,-0.529772,0.0546408))

Frame 50
Affine3((0.989811,-0.0382141,-0.137166)(-0.0377193,0.858531,-0.511373)(0.137303,0.511336,0.848341)(-0.140272,-0.523009,0.0565157))

