Frame 1
Affine3((1,4.37517e-010,1.04575e-009)(-1.06215e-008,1,4.48243e-009)(4.4298e-009,-3.92702e-009,1)(0,0,0))

Frame 2
Affine3((0.988881,0.148705,-6.87455e-006)(-0.148705,0.988882,2.57474e-007)(6.85807e-006,7.70655e-007,1)(-0.0147065,-0.0147416,4.76837e-007))

Frame 3
Affine3((0.901967,0.431805,-1.56668e-005)(-0.431805,0.901967,-1.51556e-006)(1.34645e-005,8.11778e-006,1)(-0.0355301,-0.0599368,5.96046e-007))

Frame 4
Affine3((0.678604,0.734505,-2.49559e-005)(-0.734505,0.678604,2.6532e-006)(1.88829e-005,1.65557e-005,1)(-0.0474838,-0.137744,1.3113e-006))

Frame 5
Affine3((0.339256,0.940694,-3.27928e-005)(-0.940694,0.339256,6.84295e-006)(1.75613e-005,2.85358e-005,1)(-0.0361362,-0.237958,1.66893e-006))

Frame 6
Affine3((-0.0251537,0.999683,-3.78493e-005)(-0.999683,-0.0251538,1.13676e-005)(1.04069e-005,3.81395e-005,1)(0.00122518,-0.340674,2.38419e-006))

Frame 7
Affine3((-0.330675,0.943745,-4.15549e-005)(-0.943745,-0.330675,2.16483e-005)(6.68361e-006,4.63714e-005,1)(0.0540571,-0.429068,3.33786e-006))

Frame 8
Affine3((-0.542957,0.83976,-4.72603e-005)(-0.83976,-0.542957,2.40638e-005)(-5.47643e-006,5.27564e-005,1)(0.107193,-0.495148,4.41074e-006))

Frame 9
Affine3((-0.665141,0.746718,-5.13039e-005)(-0.746718,-0.665141,2.25023e-005)(-1.73341e-005,5.32767e-005,1)(0.14728,-0.536685,4.64916e-006))

Frame 10
Affine3((-0.707199,0.707014,-4.94639e-005)(-0.707015,-0.707199,1.67941e-005)(-2.31141e-005,4.68383e-005,1)(0.163382,-0.551839,4.76837e-006))

Frame 11
Affine3((-0.687143,0.726522,-4.89834e-005)(-0.726522,-0.687143,2.45761e-005)(-1.58422e-005,5.24895e-005,1)(0.160136,-0.549366,4.76837e-006))

Frame 12
Affine3((-0.642761,0.766067,-4.22142e-005)(-0.766067,-0.642761,2.10944e-005)(-1.09739e-005,4.58949e-005,1)(0.153078,-0.543367,3.93391e-006))

Frame 13
Affine3((-0.583173,0.812348,-4.00867e-005)(-0.812348,-0.583173,1.81103e-005)(-8.69543e-006,4.31421e-005,1)(0.144539,-0.535037,3.21865e-006))

Frame 14
Affine3((-0.511913,0.859037,-3.28309e-005)(-0.859037,-0.511913,1.15158e-005)(-6.92418e-006,3.41189e-005,1)(0.135611,-0.524795,2.26498e-006))

Frame 15
Affine3((-0.431264,0.902226,-2.54075e-005)(-0.902226,-0.431264,1.21606e-006)(-9.87455e-006,2.34376e-005,1)(0.126984,-0.512933,1.43051e-006))

Frame 16
Affine3((-0.343372,0.9392,-1.78743e-005)(-0.9392,-0.343372,3.15194e-006)(-3.17883e-006,1.78962e-005,1)(0.119125,-0.499746,1.19209e-006))

Frame 17
Affine3((-0.250572,0.968098,-1.34217e-005)(-0.968098,-0.250572,4.81063e-006)(1.28299e-006,1.42125e-005,1)(0.112409,-0.485572,9.53674e-007))

Frame 18
Affine3((-0.156071,0.987746,-6.42884e-006)(-0.987746,-0.156071,-4.0937e-007)(-1.41281e-006,6.29439e-006,1)(0.107109,-0.47089,2.38419e-007))

Frame 19
Affine3((-0.0654797,0.997854,-3.70213e-006)(-0.997854,-0.0654797,-2.76543e-006)(-3.00851e-006,3.53325e-006,1)(0.10339,-0.456609,0))

Frame 20
Affine3((-0.00106934,0.999999,1.87618e-006)(-0.999999,-0.00106935,2.70125e-007)(2.65519e-007,-1.86352e-006,1)(0.101492,-0.446304,1.19209e-007))

Frame 21
Affine3((0.00555912,0.999985,-3.92239e-006)(-0.999985,0.00555909,5.05191e-006)(5.06548e-006,3.91665e-006,1)(0.101197,-0.445163,3.57628e-007))

Frame 22
Affine3((0.00810858,0.999967,-1.25139e-005)(-0.999967,0.00810858,5.05706e-006)(5.15476e-006,1.24515e-005,1)(0.100999,-0.44467,1.07288e-006))

Frame 23
Affine3((0.00731575,0.999973,-1.90677e-005)(-0.999973,0.00731572,7.80141e-006)(7.92996e-006,1.90286e-005,1)(0.100875,-0.444701,1.66893e-006))

Frame 24
Affine3((0.00526484,0.999986,-2.8949e-005)(-0.999986,0.00526479,6.73469e-006)(6.87438e-006,2.89485e-005,1)(0.1008,-0.444939,1.43051e-006))

Frame 25
Affine3((0.00318637,0.999995,-3.64387e-005)(-0.999995,0.00318636,3.89756e-006)(4.01639e-006,3.64458e-005,1)(0.100756,-0.445183,1.54972e-006))

Frame 26
Affine3((0.00148952,0.999999,-4.77349e-005)(-0.999999,0.00148951,8.53913e-006)(8.6028e-006,4.7738e-005,1)(0.100728,-0.445381,2.38419e-006))

Frame 27
Affine3((0.000319238,1,-5.15661e-005)(-1,0.000319231,7.86094e-006)(7.86731e-006,5.15991e-005,1)(0.100744,-0.445501,2.5034e-006))

Frame 28
Affine3((-0.000353611,1,-6.1242e-005)(-1,-0.000353654,8.48699e-006)(8.45341e-006,6.12582e-005,1)(0.100804,-0.445571,2.74181e-006))

Frame 29
Affine3((-0.000512212,1,-6.40102e-005)(-1,-0.000512223,8.26211e-006)(8.2163e-006,6.40024e-005,1)(0.100924,-0.445581,2.86102e-006))

Frame 30
Affine3((-0.000195818,1,-6.58584e-005)(-1,-0.000195849,5.77051e-006)(5.75533e-006,6.58789e-005,1)(0.101121,-0.445551,2.74181e-006))

Frame 31
Affine3((0.0104746,0.999945,-6.70446e-005)(-0.999945,0.0104746,1.11082e-005)(1.18115e-005,6.69442e-005,1)(0.0992148,-0.441766,3.21865e-006))

Frame 32
Affine3((0.0402819,0.999188,-6.91432e-005)(-0.999188,0.0402819,8.38414e-006)(1.11565e-005,6.8778e-005,1)(0.0935414,-0.431102,3.21865e-006))

Frame 33
Affine3((0.0873934,0.996174,-6.61717e-005)(-0.996174,0.0873934,7.28219e-006)(1.30302e-005,6.52818e-005,1)(0.0848898,-0.414392,2.98023e-006))

Frame 34
Affine3((0.149757,0.988723,-6.4434e-005)(-0.988723,0.149757,8.72956e-006)(1.82747e-005,6.24071e-005,1)(0.07412,-0.39244,2.98023e-006))

Frame 35
Affine3((0.224965,0.974367,-6.40266e-005)(-0.974367,0.224965,1.37622e-005)(2.78203e-005,5.93268e-005,1)(0.0621083,-0.366043,3.33786e-006))

Frame 36
Affine3((0.310175,0.95068,-6.83041e-005)(-0.95068,0.310175,1.18446e-005)(3.24434e-005,6.12901e-005,1)(0.0497171,-0.336039,3.33786e-006))

Frame 37
Affine3((0.402086,0.915602,-6.68883e-005)(-0.915602,0.402086,1.18766e-005)(3.77554e-005,5.65072e-005,1)(0.0377113,-0.303294,3.33786e-006))

Frame 38
Affine3((0.496996,0.867753,-6.63363e-005)(-0.867753,0.496996,1.22635e-005)(4.36221e-005,5.14942e-005,1)(0.0267437,-0.268758,3.21865e-006))

Frame 39
Affine3((0.591026,0.806653,-6.83574e-005)(-0.806653,0.591026,1.09297e-005)(4.92159e-005,4.871e-005,1)(0.0173078,-0.233413,3.57628e-006))

Frame 40
Affine3((0.680345,0.732892,-6.78165e-005)(-0.732892,0.680345,1.0015e-005)(5.34964e-005,4.29018e-005,1)(0.00971054,-0.19823,3.21865e-006))

Frame 41
Affine3((0.761488,0.648179,-6.67422e-005)(-0.648179,0.761488,1.24965e-005)(5.89273e-005,3.37613e-005,1)(0.00405765,-0.164147,3.33786e-006))

Frame 42
Affine3((0.831685,0.555247,-6.55362e-005)(-0.555247,0.831685,1.62168e-005)(6.35215e-005,2.29085e-005,1)(0.000275701,-0.132016,3.57628e-006))

Frame 43
Affine3((0.889124,0.457666,-6.5616e-005)(-0.457666,0.889124,1.61338e-005)(6.57343e-005,1.56999e-005,1)(-0.00186402,-0.102554,3.57628e-006))

Frame 44
Affine3((0.933105,0.359604,-6.61087e-005)(-0.359604,0.933105,1.35376e-005)(6.65944e-005,1.11635e-005,1)(-0.00270329,-0.0763103,3.33786e-006))

Frame 45
Affine3((0.964112,0.265498,-6.70628e-005)(-0.265497,0.964112,1.2015e-005)(6.78542e-005,6.22807e-006,1)(-0.00263828,-0.053656,3.21865e-006))

Frame 46
Affine3((0.983711,0.179758,-6.65679e-005)(-0.179758,0.983711,1.42547e-005)(6.80683e-005,-2.04173e-006,1)(-0.00205687,-0.0348067,3.45707e-006))

Frame 47
Affine3((0.994305,0.106574,-6.68444e-005)(-0.106574,0.994305,1.2155e-005)(6.77766e-005,-4.9513e-006,1)(-0.00129914,-0.0198854,3.21865e-006))

Frame 48
Affine3((0.998756,0.0498682,-6.69159e-005)(-0.0498682,0.998756,1.24204e-005)(6.74594e-005,-9.05626e-006,1)(-0.000623908,-0.00895414,3.21865e-006))

Frame 49
Affine3((0.999912,0.0132617,-6.66744e-005)(-0.0132618,0.999912,1.17972e-005)(6.68483e-005,-1.09029e-005,1)(-0.000188008,-0.00214422,3.33786e-006))

Frame 50
Affine3((1,0.000271104,-6.71329e-005)(-0.000271143,1,1.12684e-005)(6.71953e-005,-1.12358e-005,1)(-4.85964e-005,0.000241697,3.21865e-006))

