Frame 1
Affine3((1,4.5547e-009,-1.71279e-008)(3.81554e-009,1,4.43091e-009)(-2.1982e-008,4.11762e-009,1)(0,0,0))

Frame 2
Affine3((1,-0.000146051,-8.60535e-005)(0.000146304,0.999994,0.00335643)(8.55738e-005,-0.00335645,0.999994)(-7.01249e-005,0.000267871,-0.000317117))

Frame 3
Affine3((0.999973,-0.000586925,0.00729927)(0.000532759,0.999972,0.00741513)(-0.00730339,-0.00741106,0.999946)(-0.000111461,0.000770975,-0.0027386))

Frame 4
Affine3((0.999212,0.00232108,0.0396218)(-0.00260296,0.999972,0.00706288)(-0.0396043,-0.00716048,0.99919)(0.000298679,0.000326991,-0.0115582))

Frame 5
Affine3((0.991988,0.0152038,0.125414)(-0.0157682,0.99987,0.0035082)(-0.125344,-0.00545765,0.992098)(0.00322106,-0.00269762,-0.0346743))

Frame 6
Affine3((0.950375,0.0471225,0.307516)(-0.0474968,0.998852,-0.00627164)(-0.307459,-0.00864564,0.951522)(0.0169214,-0.0107084,-0.0835219))

Frame 7
Affine3((0.797247,0.101768,0.595013)(-0.100892,0.994286,-0.0348746)(-0.595162,-0.0322283,0.802959)(0.062596,-0.0246569,-0.159597))

Frame 8
Affine3((0.521345,0.150387,0.83999)(-0.149107,0.985259,-0.0838507)(-0.840218,-0.0815334,0.536084)(0.141273,-0.0366184,-0.222592))

Frame 9
Affine3((0.303632,0.170417,0.937425)(-0.169537,0.977837,-0.122851)(-0.937585,-0.121627,0.325794)(0.202021,-0.0410154,-0.246214))

Frame 10
Affine3((0.42406,0.894555,0.141224)(-0.895998,0.437103,-0.0782878)(-0.131762,-0.0933372,0.986877)(0.00953656,-0.333364,-0.0493156))

Frame 11
Affine3((0.00321086,0.999966,0.00754551)(-0.999965,0.00326904,-0.00771617)(-0.00774058,-0.00752043,0.999942)(0.102756,-0.439381,-0.00218746))

Frame 12
Affine3((0.00241967,0.999967,0.00779155)(-0.999987,0.00245535,-0.00457354)(-0.00459249,-0.00778033,0.999959)(0.102833,-0.439324,-0.00254825))

Frame 13
Affine3((0.00258587,0.999964,0.00811163)(-0.999992,0.00260951,-0.00290449)(-0.00292554,-0.00810406,0.999963)(0.102717,-0.439191,-0.00276322))

Frame 14
Affine3((0.00258307,0.999962,0.00833462)(-0.999995,0.00259724,-0.00169429)(-0.00171587,-0.00833027,0.999964)(0.102665,-0.439114,-0.00292513))

Frame 15
Affine3((0.00277801,0.99996,0.00845436)(-0.999995,0.00278765,-0.00113089)(-0.00115443,-0.00845112,0.999964)(0.10259,-0.439045,-0.00299521))

Frame 16
Affine3((0.00271968,0.99996,0.00851078)(-0.999996,0.00272647,-0.00078784)(-0.000811,-0.00850856,0.999963)(0.102589,-0.439031,-0.00304657))

Frame 17
Affine3((0.00323234,0.999958,0.00862223)(-0.999994,0.00324404,-0.00134594)(-0.00137385,-0.0086178,0.999962)(0.102475,-0.438974,-0.00301258))

Frame 18
Affine3((0.00356331,0.999956,0.00867149)(-0.999993,0.00357233,-0.00103215)(-0.00106309,-0.00866777,0.999962)(0.102375,-0.438902,-0.0030379))

Frame 19
Affine3((0.00418061,0.999953,0.00876483)(-0.999991,0.00418443,-0.000422257)(-0.000458894,-0.00876293,0.999961)(0.102184,-0.438769,-0.00308362))

Frame 20
Affine3((0.00432222,0.999953,0.00868261)(-0.99999,0.00433039,-0.00092481)(-0.000962338,-0.00867851,0.999962)(0.102168,-0.438778,-0.00301783))

Frame 21
Affine3((0.00490803,0.99995,0.00870711)(-0.999988,0.00491226,-0.000467536)(-0.000510292,-0.00870469,0.999962)(0.101997,-0.438663,-0.00303177))

Frame 22
Affine3((0.00514894,0.99995,0.00863252)(-0.999987,0.00515117,-0.000243426)(-0.000287884,-0.00863114,0.999963)(0.101928,-0.438619,-0.00301792))

Frame 23
Affine3((0.00545822,0.999949,0.00855446)(-0.999985,0.00546431,-0.000696792)(-0.000743521,-0.00855051,0.999963)(0.101867,-0.4386,-0.00294561))

Frame 24
Affine3((0.00510937,0.999952,0.00838086)(-0.999987,0.00511074,-0.000146541)(-0.000189343,-0.00837999,0.999965)(0.101942,-0.438638,-0.00296033))

Frame 25
Affine3((0.00544386,0.999951,0.00831247)(-0.999985,0.00544456,-6.76573e-005)(-0.000112878,-0.00831185,0.999965)(0.101843,-0.438587,-0.00292988))

Frame 26
Affine3((0.00499695,0.999955,0.00811107)(-0.999988,0.00499824,-0.000142501)(-0.000183047,-0.00811023,0.999967)(0.10198,-0.438675,-0.00288834))

Frame 27
Affine3((0.00512377,0.999955,0.00800989)(-0.999987,0.00512757,-0.00045595)(-0.000496993,-0.00800739,0.999968)(0.101951,-0.438679,-0.0028264))

Frame 28
Affine3((0.00454309,0.999959,0.00778089)(-0.999988,0.00455457,-0.00145951)(-0.00149487,-0.00777418,0.999969)(0.102151,-0.438837,-0.00270987))

Frame 29
Affine3((0.00419532,0.999962,0.00762211)(-0.99999,0.0042056,-0.00134004)(-0.00137203,-0.00761641,0.99997)(0.102237,-0.438896,-0.00268496))

Frame 30
Affine3((0.00283602,0.999969,0.00734671)(-0.999996,0.00284218,-0.000835593)(-0.000856451,-0.00734431,0.999973)(0.102588,-0.439101,-0.00270879))

Frame 31
Affine3((0.0026799,0.999992,0.00293809)(-0.999996,0.00268076,-0.000299366)(-0.000307207,-0.00293724,0.999996)(0.102627,-0.439361,-0.00159752))

Frame 32
Affine3((0.0116649,0.999901,-0.00781339)(-0.999932,0.0116644,-0.000102039)(-1.08756e-005,0.00781405,0.999969)(0.100225,-0.438395,0.000895545))

Frame 33
Affine3((0.0377808,0.999029,-0.0226762)(-0.999283,0.0377104,-0.00352525)(-0.00266668,0.0227931,0.999737)(0.0933541,-0.434689,0.00419408))

Frame 34
Affine3((0.0794927,0.996007,-0.0406257)(-0.996814,0.0791583,-0.00977482)(-0.00651993,0.0412733,0.999127)(0.0825653,-0.42805,0.00798681))

Frame 35
Affine3((0.137594,0.988648,-0.060357)(-0.990427,0.136651,-0.0195064)(-0.0110371,0.0624632,0.997986)(0.0679471,-0.417736,0.0120444))

Frame 36
Affine3((0.212078,0.97397,-0.08004)(-0.977148,0.210146,-0.0319294)(-0.0142781,0.0849825,0.99628)(0.049915,-0.40281,0.0158688))

Frame 37
Affine3((0.301979,0.948296,-0.097691)(-0.953197,0.298747,-0.0465263)(-0.0149358,0.107169,0.994129)(0.0293037,-0.382296,0.018993))

Frame 38
Affine3((0.405059,0.907541,-0.110892)(-0.914219,0.400521,-0.0615361)(-0.011432,0.126305,0.991926)(0.00740279,-0.355224,0.0208809))

Frame 39
Affine3((0.516406,0.848235,-0.117563)(-0.856338,0.511037,-0.0743333)(-0.00297317,0.13906,0.990279)(-0.0137978,-0.321202,0.0211758))

Frame 40
Affine3((0.628526,0.768949,-0.116927)(-0.777747,0.622909,-0.0842288)(0.00806746,0.14388,0.989562)(-0.0318305,-0.281025,0.0199942))

Frame 41
Affine3((0.732373,0.67207,-0.109326)(-0.680588,0.727429,-0.0874523)(0.0207525,0.138453,0.990152)(-0.0444741,-0.236689,0.017629))

Frame 42
Affine3((0.820017,0.564077,-0.096893)(-0.571506,0.816132,-0.0854932)(0.0308527,0.125481,0.991616)(-0.0504974,-0.191568,0.0148077))

Frame 43
Affine3((0.887367,0.453737,-0.081869)(-0.459599,0.884633,-0.0786912)(0.036719,0.107455,0.993532)(-0.0502279,-0.148932,0.0120306))

Frame 44
Affine3((0.934619,0.349454,-0.0661009)(-0.353579,0.933017,-0.066797)(0.0383308,0.0858016,0.995575)(-0.0451412,-0.111156,0.00948881))

Frame 45
Affine3((0.965296,0.25619,-0.0507041)(-0.258775,0.964458,-0.0534398)(0.0352113,0.0647061,0.997283)(-0.0371355,-0.0792885,0.00725722))

Frame 46
Affine3((0.983399,0.177717,-0.0366501)(-0.179159,0.982976,-0.0407531)(0.0287836,0.0466428,0.998497)(-0.0280854,-0.0538021,0.00535247))

Frame 47
Affine3((0.993229,0.113638,-0.0241199)(-0.114313,0.99303,-0.028704)(0.02069,0.0312668,0.999297)(-0.0191689,-0.0338149,0.00364171))

Frame 48
Affine3((0.997811,0.0646475,-0.0139028)(-0.064905,0.997712,-0.0189495)(0.0126459,0.0198103,0.999724)(-0.0114649,-0.0190587,0.00225295))

Frame 49
Affine3((0.999544,0.029563,-0.00617342)(-0.0296256,0.999508,-0.010308)(0.00586568,0.0104861,0.999928)(-0.00542897,-0.00870141,0.00107963))

Frame 50
Affine3((0.999973,0.00718335,-0.00153348)(-0.00719109,0.999961,-0.00508023)(0.00149695,0.00509109,0.999986)(-0.00145569,-0.00221817,0.000439852))

