Frame 1
Affine3((1,-1.42824e-008,3.84078e-009)(-8.73131e-009,1,9.57571e-009)(9.27569e-009,-9.23319e-011,1)(0,0,0))

Frame 2
Affine3((0.99906,-0.0433446,6.09671e-007)(0.0433446,0.99906,2.02864e-006)(-6.74335e-007,-2.02791e-006,1)(0.00997662,0.000795737,-0.00282556))

Frame 3
Affine3((0.988474,-0.151389,9.37355e-008)(0.151389,0.988474,5.54444e-007)(-1.69858e-007,-5.54548e-007,1)(0.0349377,0.00139561,-0.00981987))

Frame 4
Affine3((0.956947,-0.290262,2.85719e-006)(0.290262,0.956947,-1.54394e-006)(-2.29623e-006,2.26176e-006,1)(0.0677683,-0.000831068,-0.0192586))

Frame 5
Affine3((0.903734,-0.428094,5.47972e-006)(0.428094,0.903734,5.07965e-007)(-5.21033e-006,1.92354e-006,1)(0.101806,-0.00670485,-0.0297845))

Frame 6
Affine3((0.841199,-0.540726,7.65684e-006)(0.540726,0.841199,-1.65655e-006)(-5.54524e-006,5.52903e-006,1)(0.131503,-0.0146938,-0.0401694))

Frame 7
Affine3((0.788912,-0.614506,5.31539e-006)(0.614507,0.788912,-5.15729e-006)(-1.07337e-006,7.38518e-006,1)(0.152842,-0.0218202,-0.0491218))

Frame 8
Affine3((0.765422,-0.643528,7.82177e-006)(0.643528,0.765422,-1.85773e-006)(-4.80342e-006,6.46755e-006,1)(0.162832,-0.0251109,-0.0550674))

Frame 9
Affine3((0.769511,-0.638633,8.70296e-006)(0.638633,0.769511,7.98127e-008)(-6.82862e-006,5.51804e-006,1)(0.163397,-0.0245335,-0.0581333))

Frame 10
Affine3((0.789413,-0.613862,8.39049e-006)(0.613862,0.789413,-1.52679e-006)(-5.69259e-006,6.33122e-006,1)(0.158774,-0.0217495,-0.0599174))

Frame 11
Affine3((0.821894,-0.569641,1.16519e-005)(0.569641,0.821894,8.45387e-006)(-1.4366e-005,-3.40569e-007,1)(0.149368,-0.0172825,-0.0606151))

Frame 12
Affine3((0.862427,-0.506182,1.25653e-005)(0.506182,0.862427,9.32454e-006)(-1.55498e-005,-1.68906e-006,1)(0.135512,-0.0118954,-0.0603955))

Frame 13
Affine3((0.905604,-0.424125,1.33737e-005)(0.424125,0.905604,5.91765e-006)(-1.46009e-005,3.31911e-007,1)(0.117621,-0.00647697,-0.0593999))

Frame 14
Affine3((0.945674,-0.325116,1.27151e-005)(0.325116,0.945674,5.7395e-006)(-1.38717e-005,-1.31388e-006,1)(0.0962603,-0.00194716,-0.0577518))

Frame 15
Affine3((0.977243,-0.212125,1.39201e-005)(0.212125,0.977243,5.50255e-006)(-1.47883e-005,-2.43177e-006,1)(0.0721939,0.000853702,-0.0555633))

Frame 16
Affine3((0.995986,-0.0895055,1.03929e-005)(0.0895055,0.995986,2.09873e-006)(-1.05128e-005,-1.16904e-006,1)(0.0463757,0.00129618,-0.0529367))

Frame 17
Affine3((0.999305,0.0372883,1.00032e-005)(-0.0372883,0.999305,-3.42136e-006)(-1.01318e-005,3.03119e-006,1)(0.0199113,-0.000934795,-0.0499679))

Frame 18
Affine3((0.986743,0.162292,1.30998e-005)(-0.162292,0.986743,7.10929e-006)(-1.17082e-005,-9.16086e-006,1)(-0.00606762,-0.00576909,-0.0467446))

Frame 19
Affine3((0.960061,0.27979,1.10127e-005)(-0.27979,0.960061,1.15628e-005)(-7.28048e-006,-1.42099e-005,1)(-0.0305258,-0.0128058,-0.0433598))

Frame 20
Affine3((0.922945,0.384933,9.69617e-006)(-0.384933,0.922945,1.91295e-006)(-8.18225e-006,-5.47573e-006,1)(-0.0525963,-0.0213277,-0.0399047))

Frame 21
Affine3((0.880447,0.474144,1.0609e-005)(-0.474144,0.880447,8.65005e-006)(-5.24107e-006,-1.26404e-005,1)(-0.0716666,-0.0303869,-0.0364671))

Frame 22
Affine3((0.838246,0.545292,1.13659e-005)(-0.545292,0.838246,6.45005e-006)(-6.02735e-006,-1.1643e-005,1)(-0.0873561,-0.0390068,-0.0331485))

Frame 23
Affine3((0.80196,0.597378,1.0812e-005)(-0.597378,0.80196,7.75885e-006)(-4.04852e-006,-1.27109e-005,1)(-0.0994693,-0.0462175,-0.0300534))

Frame 24
Affine3((0.776525,0.630086,1.17593e-005)(-0.630086,0.776525,8.03627e-006)(-4.12912e-006,-1.3671e-005,1)(-0.107881,-0.0511883,-0.0273014))

Frame 25
Affine3((0.765733,0.643158,1.03732e-005)(-0.643158,0.765733,9.50049e-006)(-1.89387e-006,-1.39679e-005,1)(-0.112429,-0.0532797,-0.0250288))

Frame 26
Affine3((0.765664,0.643241,7.53923e-006)(-0.643241,0.765664,8.61631e-007)(-5.23299e-006,-5.50312e-006,1)(-0.114265,-0.0532999,-0.0230988))

Frame 27
Affine3((0.770178,0.637829,8.16589e-006)(-0.637829,0.770178,4.89726e-006)(-3.22218e-006,-9.02041e-006,1)(-0.114843,-0.0524236,-0.0212631))

Frame 28
Affine3((0.77861,0.627508,1.07167e-005)(-0.627508,0.77861,1.10231e-005)(-1.44429e-006,-1.53543e-005,1)(-0.114292,-0.0507818,-0.0195177))

Frame 29
Affine3((0.790281,0.612745,8.04933e-006)(-0.612745,0.790281,2.65665e-006)(-4.68334e-006,-7.00709e-006,1)(-0.112716,-0.0485128,-0.0178615))

Frame 30
Affine3((0.804531,0.593911,7.79127e-006)(-0.593911,0.804531,2.41222e-006)(-4.75005e-006,-6.55841e-006,1)(-0.11021,-0.0457167,-0.0162864))

Frame 31
Affine3((0.820697,0.571364,6.97322e-006)(-0.571364,0.820697,-1.37385e-006)(-6.46765e-006,-2.86808e-006,1)(-0.106851,-0.0425213,-0.0147912))

Frame 32
Affine3((0.838165,0.545416,7.81766e-006)(-0.545416,0.838165,-7.1447e-007)(-6.96455e-006,-3.72171e-006,1)(-0.102712,-0.0390297,-0.0133719))

Frame 33
Affine3((0.856348,0.516399,1.07637e-005)(-0.516399,0.856348,1.08983e-005)(-3.62844e-006,-1.49309e-005,1)(-0.0978694,-0.0353432,-0.0120258))

Frame 34
Affine3((0.874693,0.484677,9.99098e-006)(-0.484677,0.874693,3.43553e-006)(-7.1132e-006,-7.82419e-006,1)(-0.09239,-0.0315847,-0.0107551))

Frame 35
Affine3((0.892726,0.4506,1.17476e-005)(-0.4506,0.892726,7.98026e-006)(-6.86367e-006,-1.24227e-005,1)(-0.0863571,-0.0278176,-0.00955427))

Frame 36
Affine3((0.910011,0.414583,1.0217e-005)(-0.414583,0.910011,8.87161e-006)(-5.59011e-006,-1.23088e-005,1)(-0.0798534,-0.0241363,-0.00842428))

Frame 37
Affine3((0.926188,0.377062,1.26254e-005)(-0.377062,0.926188,6.58994e-006)(-9.18079e-006,-1.08816e-005,1)(-0.0729627,-0.0206088,-0.00736511))

Frame 38
Affine3((0.940965,0.338504,1.16635e-005)(-0.338504,0.940965,7.4634e-006)(-8.44678e-006,-1.10107e-005,1)(-0.0657878,-0.0172913,-0.00637448))

Frame 39
Affine3((0.954121,0.29942,1.33036e-005)(-0.29942,0.954121,1.04652e-005)(-9.57707e-006,-1.40181e-005,1)(-0.0584266,-0.0142309,-0.00545299))

Frame 40
Affine3((0.965516,0.260343,1.07507e-005)(-0.260343,0.965516,1.14763e-005)(-7.4738e-006,-1.39265e-005,1)(-0.0509918,-0.0114678,-0.00460154))

Frame 41
Affine3((0.975084,0.221836,9.33344e-006)(-0.221836,0.975084,5.304e-007)(-9.02536e-006,-2.6195e-006,1)(-0.0435931,-0.00903162,-0.00382304))

Frame 42
Affine3((0.982835,0.184486,7.97545e-006)(-0.184486,0.982835,2.07102e-006)(-7.50526e-006,-3.55735e-006,1)(-0.0363574,-0.00691487,-0.00311369))

Frame 43
Affine3((0.988853,0.148894,1.23248e-005)(-0.148894,0.988853,5.737e-006)(-1.13403e-005,-7.55542e-006,1)(-0.0294034,-0.00512424,-0.00247687))

Frame 44
Affine3((0.993285,0.115692,1.3579e-005)(-0.115692,0.993285,1.00348e-005)(-1.23359e-005,-1.15717e-005,1)(-0.0228712,-0.00365117,-0.00191444))

Frame 45
Affine3((0.996334,0.0855432,9.93702e-006)(-0.0855431,0.996334,8.29111e-006)(-9.22131e-006,-9.13346e-006,1)(-0.0169028,-0.00248158,-0.0014292))

Frame 46
Affine3((0.99825,0.0591285,8.86493e-006)(-0.0591285,0.99825,-3.09777e-007)(-8.85747e-006,-2.1666e-007,1)(-0.0116389,-0.00158848,-0.00102538))

Frame 47
Affine3((0.99931,0.0371352,1.18361e-005)(-0.0371352,0.99931,8.11266e-006)(-1.15565e-005,-8.59288e-006,1)(-0.00722994,-0.000922009,-0.000700176))

Frame 48
Affine3((0.999793,0.0203647,9.08492e-006)(-0.0203646,0.999793,3.70298e-006)(-9.03108e-006,-3.94323e-006,1)(-0.00385469,-0.000477061,-0.000463426))

Frame 49
Affine3((0.999954,0.00961766,6.16149e-006)(-0.00961764,0.999954,-1.64365e-006)(-6.19984e-006,1.57802e-006,1)(-0.00168371,-0.000218645,-0.000318229))

Frame 50
Affine3((0.999983,0.00580752,1.27862e-005)(-0.00580751,0.999983,7.53202e-006)(-1.27798e-005,-7.62417e-006,1)(-0.00090584,-0.000122756,-0.00026679))

