Frame 1
Affine3((1,-1.08179e-008,-1.65716e-008)(-4.08586e-009,1,-4.65784e-010)(-1.22809e-008,-1.66717e-008,1)(0,0,0))

Frame 2
Affine3((0.995655,-0.0889656,-0.0274886)(0.089184,0.995992,0.00682457)(0.0267713,-0.00924642,0.999599)(-0.0197476,0.00738479,-0.0065856))

Frame 3
Affine3((0.946051,-0.306782,-0.104271)(0.31048,0.95035,0.0208998)(0.0926824,-0.0521463,0.994329)(-0.07215,0.0475098,-0.0191865))

Frame 4
Affine3((0.798563,-0.56002,-0.220622)(0.579809,0.814119,0.0321417)(0.161613,-0.153586,0.97483)(-0.128854,0.153609,-0.0231669))

Frame 5
Affine3((0.557476,-0.747212,-0.361795)(0.808527,0.58757,0.0323264)(0.188425,-0.310542,0.931697)(-0.143434,0.330756,-0.00310713))

Frame 6
Affine3((0.29045,-0.810497,-0.508658)(0.944723,0.327385,0.0177914)(0.152107,-0.485709,0.860785)(-0.0894447,0.541503,0.0507058))

Frame 7
Affine3((0.0753856,-0.762754,-0.64228)(0.994281,0.106361,-0.00961016)(0.0756434,-0.637882,0.76641)(0.0087394,0.736861,0.13752))

Frame 8
Affine3((-0.049514,-0.660962,-0.748784)(0.998718,-0.0248841,-0.0440755)(0.0104995,-0.750007,0.661347)(0.087006,0.891685,0.245477))

Frame 9
Affine3((-0.106264,-0.558127,-0.822923)(0.994227,-0.0719823,-0.0795638)(-0.0148293,-0.826627,0.562554)(0.109578,1.00478,0.353874))

Frame 10
Affine3((-0.128655,-0.483451,-0.865865)(0.991689,-0.062916,-0.112222)(-0.000222907,-0.873107,0.487528)(0.0779367,1.07673,0.438532))

Frame 11
Affine3((-0.131637,-0.439869,-0.888362)(0.989742,-0.00812142,-0.142638)(0.0555275,-0.898025,0.436426)(-0.011511,1.11645,0.497239))

Frame 12
Affine3((-0.123249,-0.41506,-0.901407)(0.981564,0.0827275,-0.172302)(0.146087,-0.906025,0.397212)(-0.151251,1.12982,0.543058))

Frame 13
Affine3((-0.103889,-0.407309,-0.907362)(0.958256,0.20334,-0.200994)(0.266369,-0.890366,0.369182)(-0.333738,1.10637,0.576438))

Frame 14
Affine3((-0.0712312,-0.413571,-0.907681)(0.910507,0.344635,-0.22848)(0.407311,-0.842726,0.35201)(-0.54518,1.03376,0.597704))

Frame 15
Affine3((-0.022854,-0.427112,-0.90391)(0.830645,0.495025,-0.254909)(0.556333,-0.756654,0.343465)(-0.766197,0.903091,0.608938))

Frame 16
Affine3((0.0432175,-0.440936,-0.896498)(0.715993,0.63949,-0.280013)(0.696769,-0.629784,0.343344)(-0.971768,0.711932,0.610574))

Frame 17
Affine3((0.125461,-0.44641,-0.88599)(0.57031,0.763194,-0.30378)(0.811792,-0.467176,0.350343)(-1.13705,0.46917,0.604032))

Frame 18
Affine3((0.218552,-0.436391,-0.87281)(0.404063,0.854622,-0.32612)(0.888239,-0.281396,0.363109)(-1.24333,0.194657,0.59079))

Frame 19
Affine3((0.315007,-0.407682,-0.857068)(0.232352,0.908689,-0.346838)(0.920208,-0.0898852,0.380969)(-1.28317,-0.0851876,0.571752))

Frame 20
Affine3((0.406599,-0.361704,-0.838956)(0.0704256,0.927967,-0.365948)(0.910888,0.0897103,0.402784)(-1.26267,-0.344416,0.548211))

Frame 21
Affine3((0.487286,-0.303822,-0.818685)(-0.0696559,0.921012,-0.383256)(0.87046,0.243782,0.427633)(-1.19792,-0.563767,0.521243))

Frame 22
Affine3((0.554666,-0.241557,-0.796238)(-0.180557,0.89919,-0.398567)(0.812247,0.364838,0.455136)(-1.10911,-0.733394,0.491449))

Frame 23
Affine3((0.608384,-0.18327,-0.772192)(-0.25982,0.873363,-0.411984)(0.749908,0.451276,0.483723)(-1.01628,-0.852162,0.460371))

Frame 24
Affine3((0.651079,-0.136067,-0.746714)(-0.307319,0.852292,-0.423266)(0.694011,0.505059,0.513093)(-0.934556,-0.923971,0.428429))

Frame 25
Affine3((0.685401,-0.106162,-0.720386)(-0.324147,0.841403,-0.432401)(0.652039,0.529878,0.542286)(-0.874243,-0.954931,0.396522))

Frame 26
Affine3((0.715287,-0.0868816,-0.693409)(-0.323856,0.83805,-0.439078)(0.619259,0.538632,0.571309)(-0.828033,-0.963199,0.364977))

Frame 27
Affine3((0.742189,-0.0687662,-0.666654)(-0.320506,0.83718,-0.443177)(0.588585,0.542587,0.599306)(-0.785501,-0.964247,0.334846))

Frame 28
Affine3((0.765954,-0.051725,-0.640812)(-0.315218,0.838507,-0.444458)(0.560315,0.54243,0.625953)(-0.74707,-0.959049,0.306447))

Frame 29
Affine3((0.786632,-0.0352196,-0.616417)(-0.309012,0.841877,-0.442443)(0.53453,0.53852,0.651364)(-0.712884,-0.948095,0.279694))

Frame 30
Affine3((0.804029,-0.0187375,-0.594295)(-0.302882,0.847198,-0.436484)(0.511664,0.530947,0.675496)(-0.683507,-0.931489,0.254541))

Frame 31
Affine3((0.819181,-0.00228797,-0.57353)(-0.295613,0.855245,-0.42564)(0.491483,0.51822,0.699924)(-0.658775,-0.906623,0.229095))

Frame 32
Affine3((0.833784,0.0138821,-0.551916)(-0.285624,0.86635,-0.409703)(0.472465,0.499245,0.726314)(-0.63664,-0.871637,0.201712))

Frame 33
Affine3((0.848129,0.0292931,-0.528979)(-0.273306,0.879544,-0.389494)(0.453851,0.474914,0.753973)(-0.615663,-0.827935,0.173275))

Frame 34
Affine3((0.862441,0.0434457,-0.50429)(-0.258925,0.893951,-0.3658)(0.434918,0.446054,0.782229)(-0.594466,-0.776816,0.144649))

Frame 35
Affine3((0.876879,0.0559836,-0.477439)(-0.242732,0.908845,-0.339239)(0.414926,0.413361,0.810536)(-0.571706,-0.719431,0.116564))

Frame 36
Affine3((0.891468,0.0665055,-0.448176)(-0.224992,0.923569,-0.310482)(0.393272,0.377621,0.838295)(-0.546256,-0.657058,0.0897716))

Frame 37
Affine3((0.906146,0.0746816,-0.416321)(-0.205984,0.937598,-0.280145)(0.36942,0.339608,0.864983)(-0.517152,-0.591003,0.0649345))

Frame 38
Affine3((0.920707,0.0802125,-0.381922)(-0.186047,0.950497,-0.24888)(0.343053,0.300201,0.890053)(-0.483778,-0.522723,0.0426765))

Frame 39
Affine3((0.934888,0.0829265,-0.345121)(-0.16555,0.961961,-0.217312)(0.313972,0.260298,0.913054)(-0.445772,-0.453719,0.0235063))

Frame 40
Affine3((0.948336,0.082744,-0.306289)(-0.144887,0.971795,-0.18607)(0.282254,0.220834,0.933576)(-0.403204,-0.385547,0.00781959))

Frame 41
Affine3((0.960681,0.0797534,-0.265955)(-0.124468,0.979923,-0.155749)(0.248194,0.182728,0.95132)(-0.356519,-0.319727,-0.00414664))

Frame 42
Affine3((0.971566,0.0741872,-0.224845)(-0.104694,0.98637,-0.126938)(0.212364,0.146868,0.966091)(-0.306594,-0.25771,-0.0123311))

Frame 43
Affine3((0.980709,0.0664758,-0.183824)(-0.0859587,0.991254,-0.100129)(0.17556,0.113999,0.977846)(-0.254674,-0.200733,-0.0168853))

Frame 44
Affine3((0.987931,0.0571692,-0.14396)(-0.0686093,0.99476,-0.0757961)(0.138872,0.0847582,0.986676)(-0.202419,-0.14985,-0.0181702))

Frame 45
Affine3((0.993213,0.0469842,-0.106401)(-0.0529865,0.997118,-0.0543043)(0.103543,0.0595736,0.992839)(-0.151744,-0.105801,-0.0167658))

Frame 46
Affine3((0.996697,0.0367166,-0.0724295)(-0.0394014,0.998575,-0.0359935)(0.0710047,0.0387285,0.996724)(-0.104827,-0.0691039,-0.0134442))

Frame 47
Affine3((0.998688,0.027221,-0.0433804)(-0.0281574,0.99938,-0.0211215)(0.0427786,0.0223153,0.998835)(-0.0639849,-0.0400201,-0.00913274))

Frame 48
Affine3((0.999597,0.0193797,-0.0207584)(-0.0195904,0.999758,-0.00999905)(0.0205595,0.0104017,0.999735)(-0.0317311,-0.0187583,-0.00486755))

Frame 49
Affine3((0.999883,0.0140661,-0.00603692)(-0.0140841,0.999897,-0.002947)(0.0059948,0.0030317,0.999977)(-0.0105457,-0.00554102,-0.00167429))

Frame 50
Affine3((0.999926,0.0121222,-0.000780461)(-0.0121225,0.999926,-0.000453538)(0.000774918,0.000462964,0.999999)(-0.00294112,-0.000922094,-0.000455201))

