Frame 1
Affine3((1,-1.05049e-008,-5.2739e-009)(1.69229e-008,1,-1.46385e-008)(4.53307e-009,-6.01294e-009,1)(0,0,0))

Frame 2
Affine3((0.999112,-0.0419471,-0.00386299)(0.0419143,0.999088,-0.00820373)(0.0042036,0.00803454,0.999959)(0.00643406,-0.00542782,-0.00442201))

Frame 3
Affine3((0.989108,-0.146784,-0.0109621)(0.146431,0.988823,-0.0280553)(0.0149576,0.0261445,0.999546)(0.0223914,-0.0188064,-0.0148459))

Frame 4
Affine3((0.959394,-0.28168,-0.0148145)(0.280511,0.95829,-0.0547091)(0.0296071,0.048332,0.998392)(0.0430414,-0.0380579,-0.0279436))

Frame 5
Affine3((0.909406,-0.415734,-0.0120701)(0.413335,0.90662,-0.0848233)(0.046207,0.0721498,0.996323)(0.063441,-0.0621754,-0.0414105))

Frame 6
Affine3((0.850675,-0.525676,-0.00404285)(0.521952,0.845515,-0.112565)(0.0625911,0.0936463,0.993636)(0.0798793,-0.0866811,-0.0534316))

Frame 7
Affine3((0.801366,-0.59816,0.00418919)(0.593418,0.794092,-0.131429)(0.0752892,0.107809,0.991317)(0.0910751,-0.104741,-0.0628774))

Frame 8
Affine3((0.77887,-0.627149,0.00675813)(0.622063,0.771089,-0.135861)(0.0799937,0.110022,0.990705)(0.0973713,-0.109699,-0.0688343))

Frame 9
Affine3((0.782145,-0.623089,0.00289957)(0.618266,0.775496,-0.12788)(0.0774318,0.101813,0.991785)(0.100064,-0.102661,-0.0718011))

Frame 10
Affine3((0.799959,-0.600033,-0.00519796)(0.59595,0.795467,-0.10989)(0.0700724,0.0848097,0.99393)(0.10147,-0.0865841,-0.0730817))

Frame 11
Affine3((0.829507,-0.558251,-0.0165344)(0.555151,0.827413,-0.0848209)(0.0610321,0.0611805,0.996259)(0.0994958,-0.0637564,-0.0725631))

Frame 12
Affine3((0.866501,-0.49831,-0.029385)(0.496512,0.866456,-0.052253)(0.051499,0.0306873,0.998201)(0.09364,-0.0348267,-0.0697502))

Frame 13
Affine3((0.906033,-0.421145,-0.0417241)(0.420988,0.906974,-0.0129009)(0.0432759,-0.00587668,0.999046)(0.0829808,-0.00137092,-0.0641697))

Frame 14
Affine3((0.943207,-0.328185,-0.0515204)(0.329933,0.943529,0.0299475)(0.0387826,-0.0452451,0.998223)(0.0661959,0.0331742,-0.0558521))

Frame 15
Affine3((0.973329,-0.222208,-0.0570529)(0.226105,0.971242,0.0746048)(0.0388344,-0.085515,0.99558)(0.0434285,0.0665675,-0.0449148))

Frame 16
Affine3((0.99261,-0.107045,-0.0571621)(0.113241,0.986383,0.119267)(0.0436168,-0.124859,0.991215)(0.0154389,0.0968788,-0.031729))

Frame 17
Affine3((0.998598,0.012709,-0.0513909)(-0.00426091,0.986902,0.161266)(0.0527672,-0.16082,0.985572)(-0.016546,0.122011,-0.0171276))

Frame 18
Affine3((0.99043,0.132101,-0.0399759)(-0.121777,0.972742,0.197339)(0.0649549,-0.190582,0.97952)(-0.0505893,0.139941,-0.00242728))

Frame 19
Affine3((0.969078,0.245585,-0.0239873)(-0.233908,0.945237,0.227627)(0.0785753,-0.214977,0.973453)(-0.0844979,0.151694,0.011904))

Frame 20
Affine3((0.937289,0.348518,-0.00496818)(-0.336285,0.907956,0.250056)(0.0916597,-0.232704,0.968219)(-0.116015,0.156965,0.0246489))

Frame 21
Affine3((0.899443,0.436779,0.0150643)(-0.424704,0.865407,0.265889)(0.103098,-0.245549,0.963886)(-0.1436,0.157953,0.0356936))

Frame 22
Affine3((0.860623,0.50809,0.0342254)(-0.497021,0.823436,0.273719)(0.110892,-0.25258,0.9612)(-0.165349,0.154935,0.0439724))

Frame 23
Affine3((0.826398,0.560811,0.05058)(-0.551286,0.787513,0.275512)(0.114678,-0.255566,0.959966)(-0.180627,0.150192,0.0496857))

Frame 24
Affine3((0.801755,0.594363,0.0626295)(-0.586621,0.76258,0.272666)(0.114303,-0.255351,0.960068)(-0.189095,0.145201,0.0529038))

Frame 25
Affine3((0.790709,0.608269,0.0691916)(-0.60225,0.752596,0.26626)(0.109885,-0.252205,0.961414)(-0.190582,0.140823,0.0536364))

Frame 26
Affine3((0.789827,0.609119,0.0717475)(-0.60451,0.753357,0.258884)(0.103639,-0.247845,0.96324)(-0.187906,0.137564,0.0531622))

Frame 27
Affine3((0.793286,0.604515,0.0725143)(-0.601158,0.758819,0.250605)(0.0964695,-0.242394,0.96537)(-0.183237,0.134352,0.0520596))

Frame 28
Affine3((0.8005,0.595022,0.0717571)(-0.592719,0.768232,0.241876)(0.0887956,-0.236154,0.96765)(-0.177028,0.131287,0.0505484))

Frame 29
Affine3((0.810808,0.581143,0.0697298)(-0.579728,0.78094,0.23248)(0.0806493,-0.228921,0.970098)(-0.16942,0.128092,0.0486064))

Frame 30
Affine3((0.823563,0.563291,0.0666801)(-0.562599,0.796204,0.222579)(0.072286,-0.220822,0.972632)(-0.160707,0.124738,0.0463501))

Frame 31
Affine3((0.838166,0.541788,0.0627907)(-0.541674,0.813422,0.211977)(0.0637716,-0.211684,0.975255)(-0.151016,0.120977,0.0437607))

Frame 32
Affine3((0.853975,0.517037,0.0583071)(-0.517361,0.831858,0.200872)(0.055355,-0.201706,0.977881)(-0.140632,0.116844,0.0409644))

Frame 33
Affine3((0.870498,0.489272,0.0533539)(-0.489898,0.850959,0.189391)(0.0472617,-0.191003,0.980451)(-0.129782,0.112322,0.0380378))

Frame 34
Affine3((0.88717,0.458925,0.0481332)(-0.459747,0.870159,0.177359)(0.0395111,-0.179477,0.982968)(-0.118577,0.107239,0.0349699))

Frame 35
Affine3((0.903618,0.4262,0.0427541)(-0.42709,0.888868,0.165853)(0.0326838,-0.168128,0.985223)(-0.107512,0.102262,0.0321085))

Frame 36
Affine3((0.919311,0.39175,0.0374139)(-0.392667,0.906829,0.153209)(0.0260916,-0.155538,0.987485)(-0.096189,0.0962416,0.0289924))

Frame 37
Affine3((0.933905,0.356065,0.0322327)(-0.356974,0.923697,0.139117)(0.0197615,-0.141429,0.989751)(-0.0847266,0.0888941,0.0255861))

Frame 38
Affine3((0.947299,0.31919,0.0272432)(-0.320009,0.938931,0.126499)(0.0147976,-0.12855,0.991593)(-0.074001,0.0822564,0.0226958))

Frame 39
Affine3((0.959096,0.282175,0.0226317)(-0.282903,0.952595,0.111935)(0.0100263,-0.113759,0.993458)(-0.0633022,0.0738904,0.0194387))

Frame 40
Affine3((0.96933,0.245075,0.0183916)(-0.245681,0.96433,0.0985368)(0.00641332,-0.100033,0.994963)(-0.0534054,0.0660374,0.0166132))

Frame 41
Affine3((0.977886,0.208632,0.0145714)(-0.209113,0.974249,0.0843267)(0.00339712,-0.085509,0.996332)(-0.0440207,0.0572424,0.0137299))

Frame 42
Affine3((0.984798,0.17334,0.0112302)(-0.173699,0.982241,0.0709282)(0.00126389,-0.0718006,0.997418)(-0.0354776,0.0487465,0.0111672))

Frame 43
Affine3((0.990163,0.139667,0.00834919)(-0.139916,0.988434,0.0584969)(-8.25517e-005,-0.0590897,0.998253)(-0.0278063,0.0406861,0.00892305))

Frame 44
Affine3((0.994083,0.108457,0.00595162)(-0.108616,0.993028,0.0458046)(-0.000942287,-0.04618,0.998933)(-0.020942,0.0321546,0.00672489))

Frame 45
Affine3((0.996771,0.080191,0.00400791)(-0.080281,0.996193,0.0339618)(-0.00126921,-0.034174,0.999415)(-0.0150322,0.0240235,0.0047794))

Frame 46
Affine3((0.998475,0.0551541,0.0024576)(-0.0551985,0.998159,0.0251149)(-0.00106789,-0.0252122,0.999682)(-0.0101572,0.0179713,0.00343513))

Frame 47
Affine3((0.999404,0.0344818,0.00130714)(-0.034499,0.999261,0.01693)(-0.000722392,-0.016965,0.999856)(-0.00624054,0.0122364,0.00222027))

Frame 48
Affine3((0.999825,0.0187032,0.000494979)(-0.0187073,0.99977,0.0105337)(-0.000297848,-0.0105412,0.999944)(-0.00335962,0.00770036,0.00130016))

Frame 49
Affine3((0.999961,0.00880369,2.12984e-005)(-0.00880364,0.999947,0.00538252)(2.60993e-005,-0.00538252,0.999986)(-0.00157815,0.00396503,0.000553548))

Frame 50
Affine3((0.999986,0.00524234,-0.000153772)(-0.00524174,0.99998,0.00360929)(0.000172691,-0.00360844,0.999994)(-0.000962034,0.0026719,0.000299454))

