Frame 1
Affine3((1,2.17219e-009,1.14759e-008)(-1.90868e-008,1,-4.34287e-009)(4.15013e-009,7.78278e-009,1)(0,0,0))

Frame 2
Affine3((0.995658,-0.0889469,-0.0274552)(0.0891654,0.995993,0.0068368)(0.0267371,-0.00925516,0.9996)(-0.0197169,0.00739625,-0.0065794))

Frame 3
Affine3((0.946062,-0.30675,-0.104261)(0.310447,0.950361,0.0209026)(0.0926735,-0.0521426,0.99433)(-0.0721429,0.0475129,-0.0191858))

Frame 4
Affine3((0.798582,-0.56,-0.220604)(0.579787,0.814134,0.0321489)(0.161598,-0.153577,0.974834)(-0.128839,0.153606,-0.0231661))

Frame 5
Affine3((0.557491,-0.747206,-0.361782)(0.808519,0.587581,0.0323343)(0.188416,-0.310534,0.931702)(-0.143424,0.330751,-0.00310779))

Frame 6
Affine3((0.290456,-0.810491,-0.508664)(0.944723,0.327386,0.0178067)(0.152097,-0.485719,0.860781)(-0.0894342,0.541515,0.0507085))

Frame 7
Affine3((0.0754219,-0.762808,-0.642212)(0.994283,0.106351,-0.00955267)(0.0755868,-0.637819,0.766468)(0.00880013,0.73679,0.137483))

Frame 8
Affine3((-0.0495771,-0.660921,-0.748816)(0.998715,-0.024916,-0.0441309)(0.0105096,-0.750042,0.661307)(0.0869854,0.891723,0.245502))

Frame 9
Affine3((-0.10625,-0.558085,-0.822953)(0.994229,-0.0719472,-0.0795717)(-0.0148015,-0.826659,0.562509)(0.109554,1.00483,0.353911))

Frame 10
Affine3((-0.128785,-0.483518,-0.865809)(0.991673,-0.063029,-0.112307)(-0.000268545,-0.873062,0.487608)(0.0779559,1.07666,0.438458))

Frame 11
Affine3((-0.131696,-0.439715,-0.88843)(0.989731,-0.00807223,-0.142717)(0.0555832,-0.898101,0.436262)(-0.0115747,1.11655,0.49737))

Frame 12
Affine3((-0.123314,-0.415009,-0.901422)(0.981554,0.0827218,-0.17236)(0.146098,-0.906049,0.397153)(-0.151274,1.12986,0.543104))

Frame 13
Affine3((-0.103754,-0.407511,-0.907287)(0.958293,0.203272,-0.200887)(0.266289,-0.890289,0.369425)(-0.333634,1.10626,0.576232))

Frame 14
Affine3((-0.0711444,-0.41349,-0.907725)(0.9105,0.344715,-0.228388)(0.407342,-0.842732,0.351958)(-0.545194,1.03379,0.597753))

Frame 15
Affine3((-0.0228197,-0.4273,-0.903822)(0.830706,0.494902,-0.254949)(0.556243,-0.756628,0.343667)(-0.766099,0.903018,0.608762))

Frame 16
Affine3((0.0432209,-0.441099,-0.896417)(0.716055,0.639383,-0.280096)(0.696704,-0.629778,0.343486)(-0.971699,0.711884,0.610448))

Frame 17
Affine3((0.125397,-0.44646,-0.885973)(0.570325,0.763155,-0.303848)(0.811791,-0.467191,0.350325)(-1.13706,0.469171,0.604042))

Frame 18
Affine3((0.218567,-0.436404,-0.8728)(0.404083,0.854613,-0.32612)(0.888226,-0.281404,0.363134)(-1.24331,0.194661,0.59077))

Frame 19
Affine3((0.314997,-0.407634,-0.857095)(0.23231,0.908712,-0.346806)(0.920222,-0.0898687,0.380939)(-1.28319,-0.0851926,0.57178))

Frame 20
Affine3((0.406597,-0.361688,-0.838964)(0.0704213,0.927973,-0.365932)(0.910889,0.0897059,0.402782)(-1.26267,-0.344408,0.548212))

Frame 21
Affine3((0.487361,-0.30376,-0.818663)(-0.0696399,0.921035,-0.383203)(0.870419,0.24377,0.427723)(-1.19787,-0.563742,0.521172))

Frame 22
Affine3((0.554516,-0.241692,-0.796301)(-0.18059,0.899141,-0.398663)(0.812341,0.364869,0.454941)(-1.10923,-0.733455,0.491609))

Frame 23
Affine3((0.608249,-0.183193,-0.772317)(-0.259972,0.873355,-0.411904)(0.749965,0.451321,0.483592)(-1.01638,-0.852193,0.460476))

Frame 24
Affine3((0.650919,-0.135978,-0.746869)(-0.30751,0.852269,-0.423172)(0.694076,0.505121,0.512944)(-0.934668,-0.924018,0.42855))

Frame 25
Affine3((0.685432,-0.10611,-0.720364)(-0.32415,0.841416,-0.432373)(0.652004,0.529868,0.542338)(-0.874207,-0.954912,0.396484))

Frame 26
Affine3((0.715217,-0.0868107,-0.69349)(-0.323958,0.838045,-0.439013)(0.619287,0.538651,0.571261)(-0.828084,-0.963206,0.365015))

Frame 27
Affine3((0.742148,-0.0687601,-0.666699)(-0.320552,0.837166,-0.443169)(0.58861,0.542609,0.599261)(-0.785538,-0.964269,0.334882))

Frame 28
Affine3((0.765975,-0.051573,-0.640798)(-0.315294,0.838524,-0.444372)(0.560242,0.542418,0.626028)(-0.747006,-0.95901,0.306392))

Frame 29
Affine3((0.786665,-0.0351575,-0.616378)(-0.309008,0.841901,-0.442399)(0.534483,0.538485,0.65143)(-0.712833,-0.948049,0.279642))

Frame 30
Affine3((0.803983,-0.0187687,-0.594356)(-0.302922,0.847168,-0.436514)(0.511712,0.530993,0.675423)(-0.683567,-0.931544,0.254599))

Frame 31
Affine3((0.81916,-0.00218754,-0.57356)(-0.295702,0.855242,-0.425584)(0.491464,0.518224,0.699933)(-0.658772,-0.90661,0.229088))

Frame 32
Affine3((0.833796,0.0139234,-0.551897)(-0.285633,0.866361,-0.409673)(0.472438,0.499224,0.726346)(-0.636611,-0.871607,0.201687))

Frame 33
Affine3((0.848145,0.0292515,-0.528956)(-0.273262,0.879547,-0.389519)(0.453847,0.474912,0.753977)(-0.615651,-0.82794,0.173273))

Frame 34
Affine3((0.862459,0.0434177,-0.504261)(-0.258886,0.893957,-0.365812)(0.434905,0.446044,0.782241)(-0.594446,-0.776813,0.144642))

Frame 35
Affine3((0.876882,0.0559982,-0.477432)(-0.242742,0.908842,-0.339237)(0.414914,0.413364,0.810541)(-0.571696,-0.719433,0.11656))

Frame 36
Affine3((0.891473,0.0665402,-0.448161)(-0.225012,0.92357,-0.310463)(0.39325,0.377611,0.83831)(-0.546237,-0.657043,0.0897641))

Frame 37
Affine3((0.906165,0.0746371,-0.416287)(-0.205929,0.937606,-0.280156)(0.369404,0.339593,0.864995)(-0.517126,-0.590997,0.0649269))

Frame 38
Affine3((0.920707,0.0802783,-0.38191)(-0.186098,0.950495,-0.248849)(0.343026,0.30019,0.890067)(-0.483759,-0.5227,0.0426699))

Frame 39
Affine3((0.934888,0.0829784,-0.345108)(-0.165592,0.961959,-0.217289)(0.313949,0.260288,0.913064)(-0.445755,-0.453701,0.0235018))

Frame 40
Affine3((0.948342,0.0827527,-0.306266)(-0.144887,0.971797,-0.186061)(0.282231,0.220823,0.933586)(-0.403181,-0.385536,0.00781643))

Frame 41
Affine3((0.960684,0.0797681,-0.265938)(-0.124478,0.979923,-0.155742)(0.248176,0.182723,0.951326)(-0.356503,-0.31972,-0.00414717))

Frame 42
Affine3((0.971566,0.0742364,-0.224829)(-0.104739,0.986367,-0.126926)(0.212341,0.146865,0.966096)(-0.306578,-0.2577,-0.0123311))

Frame 43
Affine3((0.980708,0.0665075,-0.183814)(-0.0859878,0.991253,-0.100118)(0.175548,0.113993,0.977849)(-0.254666,-0.200722,-0.0168855))

Frame 44
Affine3((0.987932,0.0572043,-0.143939)(-0.0686413,0.994759,-0.0757857)(0.138849,0.0847513,0.98668)(-0.202401,-0.149837,-0.0181692))

Frame 45
Affine3((0.993213,0.0470248,-0.106379)(-0.0530248,0.997116,-0.054294)(0.10352,0.0595663,0.992842)(-0.151727,-0.105787,-0.0167623))

Frame 46
Affine3((0.996699,0.0367313,-0.0723975)(-0.039414,0.998575,-0.0359806)(0.0709727,0.0387154,0.996727)(-0.104799,-0.0690894,-0.0134387))

Frame 47
Affine3((0.998687,0.0272521,-0.043373)(-0.0281883,0.999379,-0.0211231)(0.0427704,0.0223179,0.998836)(-0.0639808,-0.0400179,-0.00913239))

Frame 48
Affine3((0.999596,0.0194205,-0.020749)(-0.0196312,0.999757,-0.0099987)(0.0205498,0.010402,0.999735)(-0.0317269,-0.0187516,-0.00486493))

Frame 49
Affine3((0.999882,0.0140876,-0.00602803)(-0.0141055,0.999896,-0.00294166)(0.00598592,0.00302637,0.999978)(-0.0105402,-0.00553164,-0.00167227))

Frame 50
Affine3((0.999925,0.0121782,-0.000765495)(-0.0121785,0.999926,-0.000453432)(0.000759905,0.000462713,0.999999)(-0.00293408,-0.000912189,-0.000452995))

