Frame 1
Affine3((1,-6.9306e-010,7.26067e-010)(6.9306e-010,1,-1.63312e-010)(-7.26067e-010,1.63312e-010,1)(0,0,0))

Frame 2
Affine3((0.999891,-0.0147453,-1.89695e-006)(0.0147453,0.999891,-5.01363e-007)(1.90414e-006,4.73338e-007,1)(0.0124699,0.00100722,-0.00282598))

Frame 3
Affine3((0.998673,-0.0514994,1.04146e-007)(0.0514994,0.998673,-1.06485e-007)(-9.85237e-008,1.11707e-007,1)(0.0436394,0.0010272,-0.00982046))

Frame 4
Affine3((0.995024,-0.0996389,7.78202e-007)(0.0996389,0.995024,-1.39151e-007)(-7.60465e-007,2.15998e-007,1)(0.0842472,-0.00434472,-0.0192584))

Frame 5
Affine3((0.988742,-0.149633,-9.52093e-007)(0.149633,0.988742,-6.31853e-007)(1.03592e-006,4.82275e-007,1)(0.125403,-0.0162624,-0.0297836))

Frame 6
Affine3((0.981118,-0.19341,4.33372e-007)(0.19341,0.981118,-3.08341e-007)(-3.65552e-007,3.86337e-007,1)(0.160092,-0.0317593,-0.0401691))

Frame 7
Affine3((0.974473,-0.224504,-5.07363e-007)(0.224504,0.974473,-2.86593e-007)(5.58753e-007,1.65372e-007,1)(0.184097,-0.0454256,-0.0491204))

Frame 8
Affine3((0.971295,-0.23788,4.13934e-008)(0.23788,0.971295,-1.09908e-006)(2.21243e-007,1.07738e-006,1)(0.195127,-0.0519405,-0.0550674))

Frame 9
Affine3((0.971617,-0.23656,-3.05632e-006)(0.23656,0.971617,-2.25273e-006)(3.50248e-006,1.46579e-006,1)(0.195953,-0.0512556,-0.0581329))

Frame 10
Affine3((0.973995,-0.226569,-1.50595e-006)(0.226569,0.973995,-1.49562e-006)(1.80565e-006,1.11553e-006,1)(0.19111,-0.0463746,-0.0599177))

Frame 11
Affine3((0.978087,-0.208196,-1.51203e-006)(0.208196,0.978087,-2.7397e-006)(2.0493e-006,2.36486e-006,1)(0.180506,-0.0379577,-0.0606172))

Frame 12
Affine3((0.983331,-0.181824,-1.65785e-006)(0.181824,0.983331,-2.52926e-006)(2.09009e-006,2.18566e-006,1)(0.163867,-0.0271927,-0.0603976))

Frame 13
Affine3((0.988989,-0.147992,-3.53876e-006)(0.147992,0.988989,-2.58884e-006)(3.88292e-006,2.03662e-006,1)(0.140917,-0.0157716,-0.0594012))

Frame 14
Affine3((0.994206,-0.107488,-4.67876e-006)(0.107488,0.994206,-3.24703e-006)(5.00068e-006,2.7253e-006,1)(0.111783,-0.00582537,-0.0577532))

Frame 15
Affine3((0.998112,-0.0614279,-5.46205e-006)(0.0614279,0.998112,-3.24748e-006)(5.65122e-006,2.90583e-006,1)(0.077303,0.00036652,-0.0555644))

Frame 16
Affine3((0.999936,-0.0113455,-4.03989e-006)(0.0113455,0.999936,-3.60647e-006)(4.08055e-006,3.5604e-006,1)(0.0392477,0.000788715,-0.0529386))

Frame 17
Affine3((0.999166,0.0408227,-4.62461e-006)(-0.0408227,0.999166,-3.35551e-006)(4.48377e-006,3.5415e-006,1)(0.000182409,-0.0057108,-0.0499684))

Frame 18
Affine3((0.995682,0.0928339,-7.90998e-006)(-0.0928339,0.995682,-2.55133e-006)(7.63898e-006,3.27462e-006,1)(-0.0369563,-0.018998,-0.0467463))

Frame 19
Affine3((0.989812,0.142381,-6.75688e-006)(-0.142381,0.989812,-1.39688e-006)(6.48915e-006,2.34471e-006,1)(-0.069569,-0.037535,-0.0433618))

Frame 20
Affine3((0.982288,0.18738,-7.69049e-006)(-0.18738,0.982288,-4.69217e-007)(7.46635e-006,1.90195e-006,1)(-0.0961401,-0.0588634,-0.0399057))

Frame 21
Affine3((0.974091,0.226158,-5.61606e-006)(-0.226158,0.974091,-1.26239e-006)(5.18505e-006,2.4998e-006,1)(-0.116312,-0.0802202,-0.0364689))

Frame 22
Affine3((0.966269,0.257533,-5.00367e-006)(-0.257533,0.966269,7.91569e-008)(4.85528e-006,1.21212e-006,1)(-0.130762,-0.0992158,-0.0331497))

Frame 23
Affine3((0.959791,0.280716,-6.11754e-006)(-0.280716,0.959791,4.49191e-007)(5.99765e-006,1.28616e-006,1)(-0.14059,-0.114092,-0.0300547))

Frame 24
Affine3((0.955427,0.295229,-3.94191e-006)(-0.295229,0.955427,4.13734e-007)(3.88835e-006,7.68472e-007,1)(-0.146902,-0.123694,-0.0273019))

Frame 25
Affine3((0.953698,0.300767,-2.73479e-006)(-0.300767,0.953698,2.815e-007)(2.69283e-006,5.54068e-007,1)(-0.150428,-0.127416,-0.02503))

Frame 26
Affine3((0.953681,0.300819,-3.31073e-007)(-0.300819,0.953681,8.45632e-007)(5.7012e-007,-7.0687e-007,1)(-0.152266,-0.127439,-0.0230987))

Frame 27
Affine3((0.954206,0.29915,-2.84421e-007)(-0.29915,0.954206,5.13474e-007)(4.25002e-007,-4.04875e-007,1)(-0.153364,-0.126306,-0.0212634))

Frame 28
Affine3((0.955202,0.295955,1.88173e-006)(-0.295955,0.955202,-3.3452e-007)(-1.89643e-006,-2.37373e-007,1)(-0.153786,-0.12413,-0.0195198))

Frame 29
Affine3((0.956592,0.29143,1.76198e-006)(-0.29143,0.956592,-1.29128e-006)(-2.06182e-006,7.21732e-007,1)(-0.153576,-0.121083,-0.0178615))

Frame 30
Affine3((0.958304,0.285749,3.02429e-006)(-0.285749,0.958304,-1.32146e-006)(-3.2758e-006,4.02173e-007,1)(-0.152766,-0.117278,-0.0162873))

Frame 31
Affine3((0.960556,0.278088,3.28154e-006)(-0.278088,0.960556,-1.31704e-006)(-3.51835e-006,3.52535e-007,1)(-0.151174,-0.112226,-0.0147904))

Frame 32
Affine3((0.963475,0.267799,2.25018e-006)(-0.267799,0.963475,-2.09387e-006)(-2.72872e-006,1.4148e-006,1)(-0.148567,-0.105581,-0.0133717))

Frame 33
Affine3((0.966868,0.255276,3.27069e-006)(-0.255276,0.966868,2.89021e-008)(-3.15495e-006,-8.62873e-007,1)(-0.144896,-0.097659,-0.0120273))

Frame 34
Affine3((0.970561,0.240857,5.15117e-007)(-0.240857,0.970561,-1.09517e-006)(-7.6373e-007,9.38855e-007,1)(-0.140068,-0.0888309,-0.0107558))

Frame 35
Affine3((0.974387,0.224876,1.37205e-006)(-0.224876,0.974387,-8.00214e-007)(-1.51686e-006,4.71177e-007,1)(-0.134058,-0.0793711,-0.00955546))

Frame 36
Affine3((0.978206,0.207638,1.12883e-006)(-0.207638,0.978206,-8.74835e-007)(-1.28587e-006,6.21383e-007,1)(-0.126861,-0.0696214,-0.00842571))

Frame 37
Affine3((0.981892,0.189439,1.58449e-006)(-0.189439,0.981892,-2.43033e-007)(-1.60184e-006,-6.15328e-008,1)(-0.118517,-0.0598654,-0.0073657))

Frame 38
Affine3((0.985346,0.170568,6.69237e-007)(-0.170568,0.985346,-1.48498e-006)(-9.1272e-007,1.34907e-006,1)(-0.109114,-0.050395,-0.00637567))

Frame 39
Affine3((0.988486,0.151314,1.70977e-006)(-0.151314,0.988486,-6.82059e-007)(-1.79329e-006,4.15495e-007,1)(-0.0987986,-0.0414233,-0.00545371))

Frame 40
Affine3((0.991255,0.13196,1.73379e-006)(-0.13196,0.991255,-1.0276e-006)(-1.85423e-006,7.8982e-007,1)(-0.0877596,-0.033179,-0.00460386))

Frame 41
Affine3((0.993618,0.112801,1.99283e-006)(-0.112801,0.993618,-6.37037e-007)(-2.05197e-006,4.08177e-007,1)(-0.0762337,-0.0258063,-0.00382292))

Frame 42
Affine3((0.99556,0.094133,1.62487e-006)(-0.094133,0.99556,-2.81784e-007)(-1.64418e-006,1.27579e-007,1)(-0.0644935,-0.0194162,-0.00311339))

Frame 43
Affine3((0.997088,0.0762602,3.52253e-006)(-0.0762602,0.997088,4.68002e-008)(-3.5087e-006,-3.15293e-007,1)(-0.0528227,-0.0140523,-0.00247753))

Frame 44
Affine3((0.998228,0.0595023,8.61096e-007)(-0.0595023,0.998228,-1.51265e-008)(-8.6047e-007,-3.61375e-008,1)(-0.0415801,-0.0097292,-0.00191498))

Frame 45
Affine3((0.999023,0.0441941,2.42382e-006)(-0.0441941,0.999023,1.58434e-007)(-2.41445e-006,-2.65397e-007,1)(-0.0310517,-0.00637228,-0.00143027))

Frame 46
Affine3((0.999529,0.0306943,1.2883e-006)(-0.0306943,0.999529,1.46411e-007)(-1.2832e-006,-1.85886e-007,1)(-0.021622,-0.00390102,-0.00102365))

Frame 47
Affine3((0.999812,0.0193875,2.14305e-006)(-0.0193875,0.999812,3.89262e-007)(-2.1351e-006,-4.30737e-007,1)(-0.0136158,-0.00218196,-0.000700831))

Frame 48
Affine3((0.999943,0.0106951,1.30847e-006)(-0.0106951,0.999943,7.17146e-008)(-1.30763e-006,-8.57047e-008,1)(-0.00741798,-0.00108563,-0.000463367))

Frame 49
Affine3((0.999987,0.00508615,3.17868e-006)(-0.00508615,0.999987,8.12966e-007)(-3.1745e-006,-8.29122e-007,1)(-0.00338295,-0.000474997,-0.000317216))

Frame 50
Affine3((0.999995,0.0030868,3.1726e-006)(-0.0030868,0.999995,8.84576e-007)(-3.16985e-006,-8.94365e-007,1)(-0.00194491,-0.000278145,-0.000267029))

