Frame 1
Affine3((1,3.6278e-009,-9.66809e-010)(8.49631e-011,1,1.01962e-009)(4.1124e-010,4.58236e-010,1)(0,0,0))

Frame 2
Affine3((0.999263,-0.0382385,-0.00341775)(0.0379622,0.997448,-0.0604649)(0.00572116,0.0602905,0.998165)(0.00613737,-0.068322,-0.00778556))

Frame 3
Affine3((0.990788,-0.133557,-0.0224033)(0.122808,0.955838,-0.267007)(0.0570745,0.261796,0.963434)(-0.0215399,-0.295077,-0.00286907))

Frame 4
Affine3((0.96151,-0.271329,-0.0433616)(0.202426,0.806185,-0.555958)(0.185805,0.525781,0.830079)(-0.133475,-0.603869,0.085714))

Frame 5
Affine3((0.90416,-0.424801,-0.0451435)(0.20876,0.531567,-0.820887)(0.372711,0.732789,0.569304)(-0.326226,-0.871535,0.297168))

Frame 6
Affine3((0.833617,-0.551964,-0.0204622)(0.11173,0.204792,-0.972408)(0.540924,0.80833,0.232389)(-0.528386,-1.01213,0.594331))

Frame 7
Affine3((0.781212,-0.624041,0.0167584)(-0.043864,-0.0816506,-0.995695)(0.622723,0.777114,-0.0911593)(-0.66233,-1.03831,0.897661))

Frame 8
Affine3((0.770808,-0.635226,0.0484003)(-0.180471,-0.290588,-0.939675)(0.610971,0.715574,-0.338627)(-0.701193,-1.02403,1.14486))

Frame 9
Affine3((0.790772,-0.60842,0.0671123)(-0.254083,-0.426014,-0.868305)(0.556885,0.669579,-0.491469)(-0.680004,-1.01593,1.3083))

Frame 10
Affine3((0.819017,-0.568984,0.0739478)(-0.264631,-0.488947,-0.831205)(0.509099,0.661202,-0.551027)(-0.639464,-1.03166,1.37582))

Frame 11
Affine3((0.85732,-0.498949,0.126699)(-0.182243,-0.524353,-0.83177)(0.481446,0.690004,-0.540468)(-0.575914,-1.08534,1.34889))

Frame 12
Affine3((0.899598,-0.339328,0.274917)(0.0520268,-0.541753,-0.838926)(0.433608,0.769,-0.469706)(-0.418811,-1.20153,1.23026))

Frame 13
Affine3((0.866119,-0.143945,0.478663)(0.382226,-0.42635,-0.819835)(0.322089,0.893032,-0.31425)(-0.127612,-1.30305,1.02186))

Frame 14
Affine3((0.754935,-0.0801513,0.650883)(0.634986,-0.158723,-0.756042)(0.163908,0.984064,-0.0689309)(0.195314,-1.24992,0.75414))

Frame 15
Affine3((0.69136,-0.0860296,0.717371)(0.721034,0.14559,-0.677431)(-0.0461628,0.985597,0.162685)(0.471781,-1.05999,0.543123))

Frame 16
Affine3((0.643271,0.0553931,0.763632)(0.664255,0.455611,-0.592607)(-0.380746,0.888454,0.256287)(0.793637,-0.805794,0.487621))

Frame 17
Affine3((0.56295,0.183475,0.805868)(0.455965,0.744295,-0.487977)(-0.689335,0.642154,0.335343)(1.01524,-0.406785,0.461572))

Frame 18
Affine3((0.480244,0.272427,0.833756)(0.122033,0.920548,-0.371077)(-0.868605,0.279953,0.408842)(1.03779,0.0632047,0.452452))

Frame 19
Affine3((0.408635,0.334495,0.849194)(-0.256806,0.93497,-0.244706)(-0.875824,-0.118083,0.467962)(0.857007,0.494836,0.46477))

Frame 20
Affine3((0.34997,0.379987,0.856231)(-0.592505,0.797762,-0.111863)(-0.725575,-0.468173,0.504337)(0.532144,0.806652,0.502514))

Frame 21
Affine3((0.304381,0.412186,0.858752)(-0.82667,0.562211,0.0231588)(-0.473254,-0.716953,0.511868)(0.14801,0.970647,0.567677))

Frame 22
Affine3((0.275619,0.431931,0.858761)(-0.943194,0.293937,0.154876)(-0.185526,-0.852665,0.488409)(-0.220981,1.00617,0.659199))

Frame 23
Affine3((0.268683,0.440249,0.856732)(-0.959653,0.0457773,0.277437)(0.0829223,-0.896708,0.434785)(-0.527996,0.959,0.773877))

Frame 24
Affine3((0.287195,0.438772,0.851469)(-0.909907,-0.152799,0.385645)(0.299313,-0.885512,0.355358)(-0.754397,0.879037,0.906032))

Frame 25
Affine3((0.331472,0.427232,0.841189)(-0.828917,-0.29393,0.475921)(0.45058,-0.855031,0.25671)(-0.900412,0.806803,1.04849))

Frame 26
Affine3((0.391553,0.408877,0.824321)(-0.738192,-0.395234,0.546684)(0.549326,-0.822563,0.147075)(-0.989467,0.752029,1.19323))

Frame 27
Affine3((0.455811,0.389874,0.800147)(-0.643675,-0.476505,0.598854)(0.614751,-0.787998,0.0337556)(-1.04679,0.70535,1.33318))

Frame 28
Affine3((0.521081,0.374673,0.766874)(-0.539373,-0.55179,0.636086)(0.661477,-0.745083,-0.0854388)(-1.08826,0.657049,1.47047))

Frame 29
Affine3((0.743174,0.406665,0.531334)(0.0658885,-0.834725,0.546712)(0.665846,-0.371293,-0.64714)(-1.061,0.24812,2.0697))

Frame 30
Affine3((0.782469,0.416211,0.463153)(0.186256,-0.866181,0.463723)(0.594181,-0.276584,-0.755282)(-0.978131,0.154152,2.18315))

Frame 31
Affine3((0.785513,0.389103,0.481215)(0.141332,-0.869848,0.472642)(0.602491,-0.303255,-0.738269)(-0.988562,0.197553,2.1582))

Frame 32
Affine3((0.778805,0.33172,0.532377)(0.0399983,-0.87326,0.485609)(0.62599,-0.356901,-0.693368)(-1.02004,0.286477,2.08688))

Frame 33
Affine3((0.75478,0.251112,0.606012)(-0.108962,-0.863001,0.493312)(0.646866,-0.438374,-0.624014)(-1.04598,0.420756,1.97611))

Frame 34
Affine3((0.703517,0.160676,0.692276)(-0.292731,-0.822116,0.488296)(0.647589,-0.546176,-0.531338)(-1.03894,0.59546,1.82983))

Frame 35
Affine3((0.619435,0.0789712,0.781066)(-0.49265,-0.735531,0.46507)(0.611225,-0.672873,-0.416709)(-0.973212,0.796215,1.65255))

Frame 36
Affine3((0.506211,0.027411,0.861974)(-0.684614,-0.595049,0.420976)(0.524457,-0.803222,-0.282455)(-0.830272,0.996965,1.45043))

Frame 37
Affine3((0.379664,0.0248496,0.924791)(-0.84263,-0.403348,0.356772)(0.381878,-0.914709,-0.132198)(-0.605621,1.16202,1.23156))

Frame 38
Affine3((0.26647,0.0794097,0.960567)(-0.944898,-0.175101,0.276599)(0.190161,-0.981343,0.0283749)(-0.314354,1.25348,1.0063))

Frame 39
Affine3((0.196402,0.183217,0.963254)(-0.980076,0.0663606,0.18721)(-0.029622,-0.98083,0.1926)(0.00792597,1.24245,0.785646))

Frame 40
Affine3((0.192265,0.311856,0.930473)(-0.950245,0.295965,0.0971552)(-0.245089,-0.902857,0.353243)(0.311841,1.12047,0.580287))

Frame 41
Affine3((0.260164,0.430612,0.864227)(-0.869122,0.494361,0.0153164)(-0.420645,-0.755103,0.502869)(0.54783,0.905922,0.399626))

Frame 42
Affine3((0.386008,0.507262,0.770508)(-0.756034,0.652554,-0.0508505)(-0.528593,-0.562902,0.635398)(0.681974,0.640232,0.250154))

Frame 43
Affine3((0.540921,0.523463,0.658325)(-0.629009,0.771382,-0.0965272)(-0.558348,-0.361878,0.74652)(0.706769,0.375022,0.135049))

Frame 44
Affine3((0.692788,0.480047,0.538145)(-0.500735,0.857234,-0.12006)(-0.518951,-0.186292,0.834257)(0.641409,0.155278,0.0538589))

Frame 45
Affine3((0.817447,0.393887,0.420277)(-0.378659,0.9173,-0.123203)(-0.434048,-0.05843,0.898993)(0.522131,0.00628081,0.00301242))

Frame 46
Affine3((0.904486,0.289176,0.3135)(-0.267699,0.957141,-0.110533)(-0.332027,0.0160518,0.943133)(0.387757,-0.0701232,-0.0233641))

Frame 47
Affine3((0.956104,0.18853,0.224326)(-0.172666,0.980994,-0.0885303)(-0.236753,0.0459106,0.970485)(0.267921,-0.0902066,-0.032399))

Frame 48
Affine3((0.981657,0.108032,0.157093)(-0.0989559,0.992998,-0.0645119)(-0.162962,0.0477834,0.985475)(0.178563,-0.0785703,-0.03147))

Frame 49
Affine3((0.991798,0.0567561,0.114521)(-0.0518164,0.997612,-0.0456607)(-0.116839,0.0393521,0.992371)(0.124347,-0.0592423,-0.0272918))

Frame 50
Affine3((0.994293,0.0389559,0.0993179)(-0.0353064,0.998645,-0.0382421)(-0.100673,0.0345173,0.994321)(0.105681,-0.0501883,-0.0250795))

