Frame 1
Affine3((1,-1.66289e-008,-4.34474e-009)(-6.23541e-010,1,-1.15297e-009)(8.29739e-009,4.96701e-009,1)(0,0,0))

Frame 2
Affine3((0.999263,-0.0382388,-0.00343798)(0.0379613,0.997448,-0.0604634)(0.00574126,0.0602883,0.998165)(0.00611916,-0.0683197,-0.00778079))

Frame 3
Affine3((0.990789,-0.133551,-0.0223974)(0.122804,0.955839,-0.267005)(0.057067,0.261795,0.963435)(-0.0215323,-0.295079,-0.00287366))

Frame 4
Affine3((0.961502,-0.27135,-0.043386)(0.20243,0.806184,-0.555958)(0.185836,0.525772,0.830078)(-0.133502,-0.603854,0.085722))

Frame 5
Affine3((0.904146,-0.42483,-0.0451626)(0.208764,0.531569,-0.820885)(0.372744,0.732772,0.569305)(-0.326252,-0.871511,0.297172))

Frame 6
Affine3((0.8336,-0.55199,-0.0204676)(0.111735,0.204796,-0.972406)(0.54095,0.808311,0.232394)(-0.528405,-1.0121,0.594327))

Frame 7
Affine3((0.781207,-0.624047,0.0167665)(-0.043857,-0.0816536,-0.995695)(0.62273,0.777109,-0.0911572)(-0.662337,-1.03831,0.897657))

Frame 8
Affine3((0.770807,-0.635227,0.0484051)(-0.180469,-0.290592,-0.939674)(0.610973,0.715572,-0.338629)(-0.701195,-1.02403,1.14486))

Frame 9
Affine3((0.790768,-0.608425,0.0671225)(-0.25408,-0.42602,-0.868303)(0.556893,0.669572,-0.491471)(-0.680011,-1.01592,1.30829))

Frame 10
Affine3((0.819016,-0.568985,0.0739509)(-0.264628,-0.488946,-0.831206)(0.509102,0.661202,-0.551024)(-0.639468,-1.03166,1.37582))

Frame 11
Affine3((0.857321,-0.498947,0.126701)(-0.182239,-0.524352,-0.831771)(0.481446,0.690005,-0.540466)(-0.575916,-1.08534,1.34889))

Frame 12
Affine3((0.899596,-0.339332,0.274919)(0.0520273,-0.541752,-0.838927)(0.433612,0.768999,-0.469703)(-0.418815,-1.20153,1.23026))

Frame 13
Affine3((0.866112,-0.143956,0.478671)(0.38223,-0.426352,-0.819832)(0.322102,0.893029,-0.314245)(-0.127622,-1.30304,1.02185))

Frame 14
Affine3((0.754932,-0.0801828,0.650883)(0.634985,-0.158717,-0.756044)(0.163928,0.984063,-0.0689059)(0.195296,-1.24991,0.754118))

Frame 15
Affine3((0.691357,-0.0860556,0.71737)(0.721038,0.145589,-0.677427)(-0.0461449,0.985595,0.162703)(0.471766,-1.05998,0.543105))

Frame 16
Affine3((0.643271,0.0553788,0.763633)(0.664259,0.455613,-0.592602)(-0.380739,0.888454,0.256297)(0.793631,-0.805791,0.48761))

Frame 17
Affine3((0.56296,0.183469,0.805863)(0.455964,0.744293,-0.487979)(-0.689328,0.642158,0.335352)(1.01523,-0.406787,0.461567))

Frame 18
Affine3((0.480192,0.272445,0.83378)(0.122049,0.920543,-0.371086)(-0.868631,0.279955,0.408785)(1.03783,0.0631974,0.452499))

Frame 19
Affine3((0.408516,0.334491,0.849253)(-0.256787,0.934969,-0.244729)(-0.875885,-0.118102,0.467843)(0.857102,0.494854,0.464861))

Frame 20
Affine3((0.349863,0.379917,0.856305)(-0.592509,0.79776,-0.111859)(-0.725623,-0.468233,0.504211)(0.532223,0.806728,0.5026))

Frame 21
Affine3((0.30442,0.412189,0.858737)(-0.826676,0.5622,0.0232016)(-0.473219,-0.71696,0.511891)(0.147968,0.970654,0.567654))

Frame 22
Affine3((0.275642,0.431926,0.858755)(-0.943192,0.293926,0.154909)(-0.185501,-0.852671,0.488408)(-0.221013,1.00617,0.659199))

Frame 23
Affine3((0.268681,0.4403,0.856707)(-0.959651,0.0457628,0.277446)(0.0829543,-0.896684,0.43483)(-0.528025,0.958962,0.773842))

Frame 24
Affine3((0.287197,0.438858,0.851423)(-0.909882,-0.15283,0.385691)(0.299387,-0.885464,0.355416)(-0.754468,0.878967,0.905988))

Frame 25
Affine3((0.331434,0.427313,0.841163)(-0.828911,-0.293937,0.475928)(0.450619,-0.854988,0.256784)(-0.900437,0.806739,1.04843))

Frame 26
Affine3((0.391544,0.408919,0.824305)(-0.738185,-0.395226,0.546699)(0.549342,-0.822546,0.14711)(-0.989481,0.752001,1.19319))

Frame 27
Affine3((0.45581,0.38987,0.800149)(-0.643676,-0.476507,0.59885)(0.61475,-0.787999,0.033753)(-1.04679,0.705354,1.33319))

Frame 28
Affine3((0.521109,0.374614,0.766883)(-0.539395,-0.551787,0.636069)(0.661436,-0.745114,-0.0854767)(-1.08823,0.657098,1.4705))

Frame 29
Affine3((0.743086,0.406708,0.531424)(0.065907,-0.834741,0.546684)(0.665942,-0.371208,-0.64709)(-1.06107,0.248035,2.06963))

Frame 30
Affine3((0.782468,0.416197,0.463168)(0.186259,-0.866197,0.463691)(0.594182,-0.276554,-0.755292)(-0.978133,0.154133,2.18316))

Frame 31
Affine3((0.785523,0.389094,0.481205)(0.141324,-0.869847,0.472645)(0.602479,-0.303267,-0.738274)(-0.988554,0.197568,2.15821))

Frame 32
Affine3((0.778757,0.331747,0.532429)(0.0400052,-0.873265,0.485601)(0.626048,-0.356865,-0.693333)(-1.02008,0.28644,2.08684))

Frame 33
Affine3((0.75469,0.251205,0.606085)(-0.108934,-0.862994,0.49333)(0.646975,-0.438335,-0.623928)(-1.04606,0.420689,1.97601))

Frame 34
Affine3((0.703558,0.160657,0.692239)(-0.292726,-0.82211,0.48831)(0.647547,-0.546191,-0.531374)(-1.03891,0.595479,1.82987))

Frame 35
Affine3((0.619418,0.0789612,0.78108)(-0.492644,-0.735555,0.465039)(0.611247,-0.672848,-0.416716)(-0.973229,0.796198,1.65255))

Frame 36
Affine3((0.506189,0.0274587,0.861985)(-0.68461,-0.595048,0.420983)(0.524483,-0.803221,-0.282409)(-0.83029,0.996953,1.45039))

Frame 37
Affine3((0.379658,0.024956,0.92479)(-0.842601,-0.40338,0.356802)(0.381947,-0.914692,-0.132119)(-0.605687,1.16197,1.23149))

Frame 38
Affine3((0.266429,0.0796381,0.960559)(-0.944887,-0.175155,0.276604)(0.190275,-0.981315,0.0285824)(-0.314449,1.25339,1.00611))

Frame 39
Affine3((0.196349,0.183249,0.963258)(-0.980085,0.0663926,0.187149)(-0.0296584,-0.980822,0.192636)(0.00797741,1.24244,0.785625))

Frame 40
Affine3((0.192293,0.311863,0.930465)(-0.950239,0.295977,0.0971768)(-0.24509,-0.90285,0.353259)(0.311835,1.12046,0.58027))

Frame 41
Affine3((0.260228,0.430645,0.864191)(-0.869121,0.49436,0.0153618)(-0.420606,-0.755085,0.502929)(0.547777,0.905896,0.399573))

Frame 42
Affine3((0.385989,0.507285,0.770503)(-0.756031,0.652555,-0.0508913)(-0.528611,-0.56288,0.635402)(0.681997,0.640205,0.250157))

Frame 43
Affine3((0.540964,0.52348,0.658276)(-0.629016,0.771379,-0.096505)(-0.558299,-0.36186,0.746565)(0.70671,0.375001,0.135019))

Frame 44
Affine3((0.692799,0.480043,0.538135)(-0.50073,0.857238,-0.120054)(-0.518941,-0.186287,0.834265)(0.641396,0.155274,0.0538537))

Frame 45
Affine3((0.817449,0.393889,0.420271)(-0.378658,0.917299,-0.123207)(-0.434044,-0.0584238,0.898995)(0.522127,0.00627424,0.00301182))

Frame 46
Affine3((0.904488,0.289175,0.313494)(-0.267699,0.957142,-0.110533)(-0.332022,0.0160543,0.943135)(0.387751,-0.0701254,-0.0233653))

Frame 47
Affine3((0.956099,0.188529,0.224348)(-0.172664,0.980994,-0.0885326)(-0.236775,0.0459091,0.970479)(0.267942,-0.0902052,-0.0324013))

Frame 48
Affine3((0.98166,0.108032,0.157077)(-0.0989586,0.992999,-0.064506)(-0.162946,0.0477789,0.985478)(0.178548,-0.0785663,-0.0314696))

Frame 49
Affine3((0.991798,0.056753,0.114527)(-0.0518126,0.997612,-0.0456652)(-0.116845,0.0393567,0.99237)(0.124351,-0.0592457,-0.0272929))

Frame 50
Affine3((0.994293,0.0389533,0.0993173)(-0.0353042,0.998645,-0.0382393)(-0.100672,0.0345148,0.994321)(0.105679,-0.0501856,-0.0250814))

