Frame 1
Affine3((1,-2.77224e-009,2.90427e-009)(-3.36606e-008,1,-6.53247e-010)(5.13323e-011,2.00462e-009,1)(0,0,0))

Frame 2
Affine3((0.998261,-0.058949,-7.61655e-006)(0.058949,0.998261,-1.89335e-006)(7.69928e-006,1.42423e-006,1)(0.0124699,0.00100722,-0.00282598))

Frame 3
Affine3((0.978839,-0.204633,3.94095e-007)(0.204633,0.978839,-4.46828e-007)(-3.01293e-007,5.09572e-007,1)(0.0436394,0.0010272,-0.00982046))

Frame 4
Affine3((0.921365,-0.388698,3.04186e-006)(0.388698,0.921365,-8.63992e-007)(-2.50054e-006,1.9697e-006,1)(0.0842472,-0.00434472,-0.0192584))

Frame 5
Affine3((0.82489,-0.565293,-4.14368e-006)(0.565293,0.82489,-1.9291e-006)(4.47299e-006,-7.46029e-007,1)(0.125403,-0.0162624,-0.0297836))

Frame 6
Affine3((0.711935,-0.702246,1.46221e-006)(0.702246,0.711934,-1.54535e-006)(3.27934e-008,2.1395e-006,1)(0.160092,-0.0317593,-0.0401691))

Frame 7
Affine3((0.617106,-0.78688,-2.23501e-006)(0.78688,0.617106,-6.61489e-007)(1.84627e-006,-1.32516e-006,1)(0.184097,-0.0454256,-0.0491204))

Frame 8
Affine3((0.572921,-0.81961,-8.84974e-007)(0.81961,0.572921,-4.3095e-006)(4.03619e-006,1.77073e-006,1)(0.195127,-0.0519405,-0.0550674))

Frame 9
Affine3((0.577369,-0.816483,-1.40099e-005)(0.816483,0.577369,-5.86316e-006)(1.28555e-005,-8.02904e-006,1)(0.195953,-0.0512556,-0.0581329))

Frame 10
Affine3((0.610412,-0.792084,-7.22259e-006)(0.792084,0.610412,-4.46211e-006)(7.92817e-006,-2.9852e-006,1)(0.19111,-0.0463746,-0.0599177))

Frame 11
Affine3((0.668265,-0.743923,-8.19718e-006)(0.743923,0.668265,-9.45945e-006)(1.25111e-005,2.4044e-007,1)(0.180506,-0.0379577,-0.0606172))

Frame 12
Affine3((0.744263,-0.667887,-8.36038e-006)(0.667887,0.744263,-8.74265e-006)(1.20462e-005,9.23373e-007,1)(0.163867,-0.0271927,-0.0603976))

Frame 13
Affine3((0.828625,-0.559804,-1.55317e-005)(0.559804,0.828625,-8.1465e-006)(1.74102e-005,-1.94151e-006,1)(0.140917,-0.0157716,-0.0594012))

Frame 14
Affine3((0.908638,-0.417585,-2.00027e-005)(0.417585,0.908638,-1.09012e-005)(2.26909e-005,1.55352e-006,1)(0.111783,-0.00582537,-0.0577532))

Frame 15
Affine3((0.969927,-0.243397,-2.26049e-005)(0.243397,0.969927,-1.16233e-005)(2.47111e-005,5.7594e-006,1)(0.077303,0.00036652,-0.0555644))

Frame 16
Affine3((0.99897,-0.0453674,-1.63222e-005)(0.0453674,0.99897,-1.42416e-005)(1.68953e-005,1.34766e-005,1)(0.0392477,0.000788715,-0.0529386))

Frame 17
Affine3((0.98669,0.162611,-1.79351e-005)(-0.162611,0.98669,-1.4166e-005)(1.53836e-005,1.68843e-005,1)(0.000182409,-0.0057108,-0.0499684))

Frame 18
Affine3((0.931649,0.363359,-3.05559e-005)(-0.363359,0.931649,-1.30985e-005)(2.3709e-005,2.32933e-005,1)(-0.0369563,-0.018998,-0.0467463))

Frame 19
Affine3((0.841108,0.540867,-2.59566e-005)(-0.540867,0.841108,-9.37882e-006)(1.67571e-005,2.19176e-005,1)(-0.069569,-0.037535,-0.0433618))

Frame 20
Affine3((0.728973,0.684542,-2.98654e-005)(-0.684542,0.728973,-7.60779e-006)(1.65482e-005,2.59553e-005,1)(-0.0961401,-0.0588634,-0.0399057))

Frame 21
Affine3((0.61175,0.791051,-2.07402e-005)(-0.791051,0.61175,-9.9992e-006)(4.77614e-006,2.24931e-005,1)(-0.116312,-0.0802202,-0.0364689))

Frame 22
Affine3((0.504604,0.863351,-1.94211e-005)(-0.863351,0.504604,-4.84849e-006)(5.61211e-006,1.91919e-005,1)(-0.130762,-0.0992158,-0.0331497))

Frame 23
Affine3((0.419266,0.907864,-2.39906e-005)(-0.907864,0.419266,-5.14464e-006)(5.38582e-006,2.39128e-005,1)(-0.14059,-0.114092,-0.0300547))

Frame 24
Affine3((0.363494,0.931596,-1.55534e-005)(-0.931596,0.363494,-3.07389e-006)(2.79633e-006,1.559e-005,1)(-0.146902,-0.123694,-0.0273019))

Frame 25
Affine3((0.341779,0.93978,-1.07713e-005)(-0.93978,0.341779,-2.21627e-006)(1.59787e-006,1.08445e-005,1)(-0.150428,-0.127416,-0.02503))

Frame 26
Affine3((0.341575,0.939854,-2.28048e-006)(-0.939855,0.341575,2.82748e-006)(3.4407e-006,1.15461e-006,1)(-0.152266,-0.127439,-0.0230987))

Frame 27
Affine3((0.348141,0.937442,-1.70001e-006)(-0.937442,0.348141,1.6195e-006)(2.11866e-006,1.00755e-006,1)(-0.153364,-0.126306,-0.0212634))

Frame 28
Affine3((0.360661,0.932697,7.58573e-006)(-0.932697,0.360661,9.4949e-007)(-1.84458e-006,-7.44443e-006,1)(-0.153786,-0.12413,-0.0195198))

Frame 29
Affine3((0.378257,0.925701,8.24727e-006)(-0.925701,0.378257,-2.88693e-006)(-5.80012e-006,-6.56832e-006,1)(-0.153576,-0.121083,-0.0178615))

Frame 30
Affine3((0.400116,0.916464,1.31032e-005)(-0.916464,0.400116,-1.60869e-006)(-6.71469e-006,-1.13947e-005,1)(-0.152766,-0.117278,-0.0162873))

Frame 31
Affine3((0.429181,0.903218,1.40734e-005)(-0.903218,0.429181,-1.41014e-006)(-7.31599e-006,-1.21708e-005,1)(-0.151174,-0.112226,-0.0147904))

Frame 32
Affine3((0.467415,0.884038,1.09149e-005)(-0.884038,0.467415,-5.65919e-006)(-1.0104e-005,-7.03234e-006,1)(-0.148567,-0.105581,-0.0133717))

Frame 33
Affine3((0.512647,0.858599,1.26198e-005)(-0.858599,0.512647,3.45149e-006)(-3.51131e-006,-1.26383e-005,1)(-0.144896,-0.097659,-0.0120273))

Frame 34
Affine3((0.562828,0.826574,3.05492e-006)(-0.826574,0.562828,-3.75542e-006)(-4.83225e-006,-4.57394e-007,1)(-0.140068,-0.0888309,-0.0107558))

Frame 35
Affine3((0.615905,0.78782,6.06743e-006)(-0.78782,0.615905,-1.88471e-006)(-5.22916e-006,-3.63271e-006,1)(-0.134058,-0.0793711,-0.00955546))

Frame 36
Affine3((0.669963,0.742394,5.14349e-006)(-0.742394,0.669963,-2.48553e-006)(-5.28926e-006,-2.17598e-006,1)(-0.126861,-0.0696214,-0.00842571))

Frame 37
Affine3((0.723205,0.690634,6.40735e-006)(-0.690634,0.723205,2.46131e-007)(-4.45687e-006,-4.6118e-006,1)(-0.118517,-0.0598654,-0.0073657))

Frame 38
Affine3((0.774024,0.633156,3.65088e-006)(-0.633156,0.774024,-5.39628e-006)(-6.26129e-006,1.84253e-006,1)(-0.109114,-0.050395,-0.00637567))

Frame 39
Affine3((0.821027,0.570889,7.17314e-006)(-0.570889,0.821027,-1.66198e-006)(-6.86633e-006,-2.77218e-006,1)(-0.0987986,-0.0414233,-0.00545371))

Frame 40
Affine3((0.863118,0.505002,7.41692e-006)(-0.505002,0.863118,-3.15928e-006)(-7.98677e-006,-1.02919e-006,1)(-0.0877596,-0.033179,-0.00460386))

Frame 41
Affine3((0.899502,0.436916,8.20788e-006)(-0.436916,0.899502,-1.63271e-006)(-8.09953e-006,-2.13313e-006,1)(-0.0762337,-0.0258063,-0.00382292))

Frame 42
Affine3((0.92974,0.368217,6.57672e-006)(-0.368217,0.92974,-5.10316e-007)(-6.3462e-006,-1.96185e-006,1)(-0.0644935,-0.0194162,-0.00311339))

Frame 43
Affine3((0.953746,0.300615,1.40348e-005)(-0.300615,0.953746,1.26117e-006)(-1.30293e-005,-5.4327e-006,1)(-0.0528227,-0.0140523,-0.00247753))

Frame 44
Affine3((0.971776,0.235905,3.44188e-006)(-0.235905,0.971776,1.4455e-007)(-3.34506e-006,-9.7658e-007,1)(-0.0415801,-0.0097292,-0.00191498))

Frame 45
Affine3((0.984406,0.175914,9.6578e-006)(-0.175914,0.984406,1.06159e-006)(-9.33378e-006,-2.74948e-006,1)(-0.0310517,-0.00637228,-0.00143027))

Frame 46
Affine3((0.99247,0.122488,5.13279e-006)(-0.122488,0.99247,7.43543e-007)(-4.9939e-006,-1.39302e-006,1)(-0.021622,-0.00390102,-0.00102365))

Frame 47
Affine3((0.996994,0.0774773,8.54041e-006)(-0.0774772,0.996994,1.72295e-006)(-8.37959e-006,-2.37597e-006,1)(-0.0136158,-0.00218196,-0.000700831))

Frame 48
Affine3((0.999085,0.0427683,5.23051e-006)(-0.0427682,0.999085,3.42819e-007)(-5.23517e-006,-5.81954e-007,1)(-0.00741798,-0.00108563,-0.000463367))

Frame 49
Affine3((0.999793,0.0203433,1.2698e-005)(-0.0203432,0.999793,3.31649e-006)(-1.26548e-005,-3.60369e-006,1)(-0.00338295,-0.000474997,-0.000317216))

Frame 50
Affine3((0.999924,0.0123469,1.26794e-005)(-0.0123468,0.999924,3.57746e-006)(-1.2657e-005,-3.74232e-006,1)(-0.00194491,-0.000278145,-0.000267029))

