Frame 1
Affine3((1,3.0211e-015,-4.44033e-014)(3.0211e-015,1,-2.0618e-015)(-4.44033e-014,-2.0618e-015,1)(0,0,0))

Frame 2
Affine3((1,-3.52357e-007,8.11762e-006)(3.5236e-007,1,-3.71878e-007)(-8.11762e-006,3.71881e-007,1)(0.00708565,0.00386988,-0.00365195))

Frame 3
Affine3((1,1.65518e-007,1.44163e-006)(-1.65518e-007,1,4.82665e-008)(-1.44163e-006,-4.82667e-008,1)(0.0258946,0.0131646,-0.0126668))

Frame 4
Affine3((1,-1.30788e-007,-1.16959e-005)(1.30785e-007,1,-2.26532e-007)(1.16959e-005,2.2653e-007,1)(0.0529908,0.0231194,-0.0249356))

Frame 5
Affine3((1,2.24689e-007,3.79273e-006)(-2.24689e-007,1,1.50752e-007)(-3.79273e-006,-1.50753e-007,1)(0.0835986,0.0293084,-0.0387958))

Frame 6
Affine3((1,-3.27446e-007,-2.40272e-006)(3.27445e-007,1,-3.28735e-007)(2.40272e-006,3.28734e-007,1)(0.112082,0.0309458,-0.0522894))

Frame 7
Affine3((1,-3.27446e-007,-1.20136e-006)(3.27446e-007,1,-3.28735e-007)(1.20136e-006,3.28734e-007,1)(0.133513,0.0304222,-0.0633331))

Frame 8
Affine3((1,-2.90078e-007,-2.88326e-006)(2.90077e-007,1,-2.64011e-007)(2.88326e-006,2.64011e-007,1)(0.144156,0.0311785,-0.0697844))

Frame 9
Affine3((1,-1.03216e-006,-9.61086e-007)(1.03216e-006,1,-1.0725e-006)(9.61087e-007,1.0725e-006,1)(0.145463,0.0342576,-0.071981))

Frame 10
Affine3((1,2.02887e-007,-1.92217e-006)(-2.02887e-007,1,1.12992e-007)(1.92217e-006,-1.12992e-007,1)(0.141979,0.0397128,-0.0717282))

Frame 11
Affine3((1,-6.79804e-007,-2.40272e-006)(6.79802e-007,1,-7.00619e-007)(2.40272e-006,7.00617e-007,1)(0.133249,0.046249,-0.0693263))

Frame 12
Affine3((1,-7.79452e-007,-3.57826e-006)(7.79449e-007,1,-8.73215e-007)(3.57827e-006,8.73212e-007,1)(0.119849,0.05334,-0.0647675))

Frame 13
Affine3((1,3.52358e-007,-3.81854e-006)(-3.52357e-007,1,3.71884e-007)(3.81854e-006,-3.71883e-007,1)(0.102256,0.0600135,-0.0581356))

Frame 14
Affine3((1,2.02887e-007,-1.20136e-006)(-2.02887e-007,1,1.12992e-007)(1.20136e-006,-1.12992e-007,1)(0.0807817,0.0644803,-0.0498901))

Frame 15
Affine3((1,-3.02534e-007,-9.31897e-006)(3.02532e-007,1,-2.85588e-007)(9.31897e-006,2.85586e-007,1)(0.0564919,0.0657885,-0.0404163))

Frame 16
Affine3((1,-4.52006e-007,-2.40272e-006)(4.52005e-007,1,-5.44479e-007)(2.40272e-006,5.44478e-007,1)(0.030679,0.0633908,-0.0301603))

Frame 17
Affine3((1,-3.27446e-007,-3.81854e-006)(3.27445e-007,1,-3.28736e-007)(3.81854e-006,3.28734e-007,1)(0.00465325,0.0568844,-0.0197774))

Frame 18
Affine3((1,-7.04724e-007,-2.66081e-007)(7.04724e-007,1,-7.4378e-007)(2.66081e-007,7.4378e-007,1)(-0.0201706,0.0460833,-0.0101143))

Frame 19
Affine3((1,-3.21218e-007,-7.20815e-007)(3.21218e-007,1,-3.17947e-007)(7.20815e-007,3.17947e-007,1)(-0.0425264,0.0324527,-0.00133288))

Frame 20
Affine3((1,1.53061e-007,1.09493e-005)(-1.53062e-007,1,2.66895e-008)(-1.09493e-005,-2.66912e-008,1)(-0.0614482,0.0167777,0.00596768))

Frame 21
Affine3((1,-4.02181e-007,1.12153e-005)(4.02186e-007,1,-4.58174e-007)(-1.12153e-005,4.58178e-007,1)(-0.0765961,0.00102304,0.0119557))

Frame 22
Affine3((1,-4.98232e-008,-9.55925e-006)(4.98224e-008,1,-8.62968e-008)(9.55925e-006,8.62963e-008,1)(-0.0876552,-0.0139874,0.0161716))

Frame 23
Affine3((1,-4.02181e-007,5.92936e-006)(4.02184e-007,1,-4.58177e-007)(-5.92936e-006,4.58179e-007,1)(-0.0949764,-0.0265893,0.0189749))

Frame 24
Affine3((1,1.53064e-007,-2.16244e-006)(-1.53064e-007,1,2.66966e-008)(2.16244e-006,-2.66963e-008,1)(-0.0990521,-0.0356867,0.02056))

Frame 25
Affine3((1,-6.54892e-007,-9.0787e-006)(6.54886e-007,1,-6.57475e-007)(9.0787e-006,6.57469e-007,1)(-0.100259,-0.0405684,0.0210456))

Frame 26
Affine3((1,-3.52359e-007,1.50081e-005)(3.52364e-007,1,-3.71879e-007)(-1.50081e-005,3.71884e-007,1)(-0.0998538,-0.0422453,0.0211278))

Frame 27
Affine3((1,2.52714e-007,-4.80543e-007)(-2.52714e-007,1,1.99294e-007)(4.80543e-007,-1.99294e-007,1)(-0.0986235,-0.0427803,0.0209804))

Frame 28
Affine3((1,-7.54549e-007,1.87055e-006)(7.5455e-007,1,-8.30077e-007)(-1.87055e-006,8.30078e-007,1)(-0.0967276,-0.0422558,0.0207201))

Frame 29
Affine3((1,2.52713e-007,5.01989e-006)(-2.52714e-007,1,1.99292e-007)(-5.01989e-006,-1.99293e-007,1)(-0.0941941,-0.0409196,0.0202982))

Frame 30
Affine3((1,2.52709e-007,7.37099e-006)(-2.52711e-007,1,1.99284e-007)(-7.37099e-006,-1.99286e-007,1)(-0.0911098,-0.0388919,0.0197581))

Frame 31
Affine3((1,-4.52007e-007,-1.2657e-005)(4.52e-007,1,-5.44486e-007)(1.2657e-005,5.4448e-007,1)(-0.0874886,-0.0363845,0.0190582))

Frame 32
Affine3((1,-3.52359e-007,5.01989e-006)(3.52361e-007,1,-3.71883e-007)(-5.01989e-006,3.71885e-007,1)(-0.0833881,-0.0334759,0.0182583))

Frame 33
Affine3((1,-6.54892e-007,-1.44163e-006)(6.54891e-007,1,-6.57468e-007)(1.44163e-006,6.57468e-007,1)(-0.0788936,-0.030252,0.0173808))

Frame 34
Affine3((1,-6.54895e-007,-5.01989e-006)(6.54892e-007,1,-6.57477e-007)(5.01989e-006,6.57474e-007,1)(-0.0740014,-0.026891,0.0163956))

Frame 35
Affine3((1,3.02538e-007,-2.40272e-006)(-3.02538e-007,1,2.85594e-007)(2.40272e-006,-2.85593e-007,1)(-0.0689173,-0.0231341,0.015522))

Frame 36
Affine3((1,-4.02183e-007,-6.46152e-006)(4.0218e-007,1,-4.58186e-007)(6.46152e-006,4.58183e-007,1)(-0.063424,-0.0196605,0.0144213))

Frame 37
Affine3((1,-3.02534e-007,-9.0787e-006)(3.02531e-007,1,-2.85588e-007)(9.0787e-006,2.85585e-007,1)(-0.057562,-0.0167025,0.0130486))

Frame 38
Affine3((1,-1.49472e-007,9.77371e-006)(1.49474e-007,1,-2.58891e-007)(-9.77371e-006,2.58892e-007,1)(-0.0517478,-0.0133047,0.0119586))

Frame 39
Affine3((1,-4.52006e-007,-7.63707e-006)(4.52002e-007,1,-5.44482e-007)(7.63707e-006,5.44478e-007,1)(-0.0456703,-0.0108141,0.0105048))

Frame 40
Affine3((1,-7.04719e-007,6.95005e-007)(7.0472e-007,1,-7.43771e-007)(-6.95005e-007,7.43771e-007,1)(-0.0397029,-0.00816653,0.00925848))

Frame 41
Affine3((1,-3.52358e-007,4.80543e-007)(3.52358e-007,1,-3.71882e-007)(-4.80543e-007,3.71882e-007,1)(-0.0337538,-0.00619352,0.00785911))

Frame 42
Affine3((1,-3.27447e-007,-1.20136e-006)(3.27447e-007,1,-3.28737e-007)(1.20136e-006,3.28736e-007,1)(-0.0280259,-0.0043564,0.00657752))

Frame 43
Affine3((1,-1.2456e-007,1.45275e-005)(1.24563e-007,1,-2.15742e-007)(-1.45275e-005,2.15744e-007,1)(-0.0225827,-0.00266561,0.00542337))

Frame 44
Affine3((1,-4.52004e-007,6.89045e-006)(4.52008e-007,1,-5.44472e-007)(-6.89045e-006,5.44475e-007,1)(-0.0174859,-0.00168121,0.00418791))

Frame 45
Affine3((1,-4.27095e-007,-7.20815e-007)(4.27095e-007,1,-5.01332e-007)(7.20815e-007,5.01331e-007,1)(-0.0128725,-0.00104168,0.00303817))

Frame 46
Affine3((1,3.52359e-007,-9.0787e-006)(-3.52356e-007,1,3.71888e-007)(9.0787e-006,-3.71885e-007,1)(-0.00885399,3.47178e-005,0.00226465))

Frame 47
Affine3((1,-2.49116e-008,-9.0787e-006)(2.49112e-008,1,-4.31484e-008)(9.0787e-006,4.31482e-008,1)(-0.00550096,0.000535978,0.00150958))

Frame 48
Affine3((1,-3.52358e-007,1.17555e-006)(3.52358e-007,1,-3.71882e-007)(-1.17555e-006,3.71883e-007,1)(-0.00294054,0.000818983,0.000918269))

Frame 49
Affine3((1,-3.27445e-007,-2.16244e-006)(3.27444e-007,1,-3.28733e-007)(2.16244e-006,3.28733e-007,1)(-0.00132179,0.000559205,0.000397414))

Frame 50
Affine3((1,-4.76921e-007,-1.44163e-006)(4.7692e-007,1,-5.87632e-007)(1.44163e-006,5.87632e-007,1)(-0.000748903,0.00048287,0.000220239))

