Frame 1
Affine3((1,2.88037e-009,-2.1851e-009)(-3.88624e-010,1,-4.6237e-009)(2.63339e-009,9.61878e-009,1)(0,0,0))

Frame 2
Affine3((0.999176,-0.0403947,-0.00384912)(0.0403175,0.999018,-0.0183797)(0.00458777,0.0182093,0.999824)(0.00624701,-0.00922967,-0.00464413))

Frame 3
Affine3((0.990014,-0.140531,-0.0111409)(0.139457,0.987867,-0.0683368)(0.0206092,0.0661007,0.9976)(0.0200963,-0.0337348,-0.0152017))

Frame 4
Affine3((0.963031,-0.268925,-0.0158491)(0.26423,0.954406,-0.138891)(0.0524777,0.129568,0.990181)(0.0340755,-0.0684564,-0.0271437))

Frame 5
Affine3((0.917696,-0.397009,-0.0147557)(0.384876,0.897632,-0.214774)(0.0985123,0.191418,0.976552)(0.04317,-0.106896,-0.0375259))

Frame 6
Affine3((0.864474,-0.502598,-0.00893202)(0.479858,0.830394,-0.283165)(0.149735,0.240503,0.95903)(0.0462503,-0.141854,-0.0451063))

Frame 7
Affine3((0.820148,-0.572144,-0.00287709)(0.538291,0.773305,-0.335025)(0.193908,0.273221,0.942205)(0.0453598,-0.166984,-0.0500296))

Frame 8
Affine3((0.800908,-0.598784,-0.00182228)(0.557233,0.746438,-0.36376)(0.219174,0.290323,0.931491)(0.0437277,-0.177598,-0.0528723))

Frame 9
Affine3((0.805624,-0.592393,-0.00636833)(0.547767,0.748943,-0.372874)(0.225657,0.296907,0.92786)(0.0428951,-0.176128,-0.0545422))

Frame 10
Affine3((0.824182,-0.566131,-0.0148124)(0.520594,0.767667,-0.373722)(0.222947,0.300304,0.927422)(0.0424371,-0.167692,-0.0553654))

Frame 11
Affine3((0.853204,-0.520933,-0.025906)(0.477209,0.79971,-0.364329)(0.210508,0.298484,0.93091)(0.0416603,-0.152995,-0.0556978))

Frame 12
Affine3((0.888522,-0.457257,-0.0380027)(0.41751,0.840074,-0.346355)(0.190298,0.291877,0.937334)(0.0397572,-0.132939,-0.054947))

Frame 13
Affine3((0.925236,-0.376203,-0.0490987)(0.342076,0.883184,-0.32089)(0.164083,0.280103,0.945843)(0.0358106,-0.108657,-0.0525985))

Frame 14
Affine3((0.958264,-0.280119,-0.0571259)(0.252953,0.923888,-0.287133)(0.133209,0.260699,0.956186)(0.0289156,-0.0814443,-0.0486908))

Frame 15
Affine3((0.983217,-0.172113,-0.0605058)(0.152339,0.957018,-0.246798)(0.100382,0.233439,0.967176)(0.0184956,-0.0527568,-0.042954))

Frame 16
Affine3((0.996717,-0.0561762,-0.0583012)(0.0433091,0.978366,-0.202295)(0.068404,0.199106,0.977588)(0.00431752,-0.0241465,-0.0352832))

Frame 17
Affine3((0.99676,0.0628191,-0.0502366)(-0.0699327,0.985376,-0.155379)(0.0397411,0.158389,0.986577)(-0.0134518,0.00293379,-0.0260047))

Frame 18
Affine3((0.983059,0.179556,-0.036812)(-0.182522,0.977364,-0.10698)(0.0167698,0.111887,0.993579)(-0.034252,0.0272707,-0.0158418))

Frame 19
Affine3((0.957031,0.289346,-0.0192325)(-0.289983,0.955069,-0.0612631)(0.000642144,0.0642078,0.997936)(-0.056941,0.0478436,-0.00498201))

Frame 20
Affine3((0.921807,0.387648,0.000823758)(-0.387565,0.92165,-0.0188261)(-0.00805715,0.0170348,0.999822)(-0.0802058,0.064201,0.00564191))

Frame 21
Affine3((0.881707,0.471309,0.0214489)(-0.471673,0.881605,0.0172075)(-0.0107995,-0.0252889,0.999622)(-0.102389,0.0762523,0.0156888))

Frame 22
Affine3((0.842054,0.537856,0.0407068)(-0.539329,0.840719,0.0481102)(-0.00834666,-0.0624658,0.998012)(-0.122018,0.0845013,0.0241862))

Frame 23
Affine3((0.807985,0.586456,0.0568241)(-0.589193,0.804751,0.0722945)(-0.00333172,-0.0918933,0.995763)(-0.137639,0.0896216,0.030878))

Frame 24
Affine3((0.784218,0.616698,0.0684533)(-0.620483,0.779113,0.0893527)(0.0017708,-0.112546,0.993645)(-0.148038,0.0923886,0.0354576))

Frame 25
Affine3((0.774369,0.628326,0.0745627)(-0.632714,0.767995,0.0992792)(0.00511588,-0.124056,0.992262)(-0.152331,0.0934463,0.0376501))

Frame 26
Affine3((0.774613,0.627769,0.0766845)(-0.632406,0.767681,0.103579)(0.00615459,-0.128729,0.991661)(-0.152301,0.0935298,0.0383921))

Frame 27
Affine3((0.779289,0.621911,0.0770454)(-0.626629,0.772022,0.106385)(0.00668126,-0.131184,0.991336)(-0.150437,0.0932327,0.0385047))

Frame 28
Affine3((0.787662,0.611416,0.0758915)(-0.616073,0.780321,0.107485)(0.0064983,-0.131417,0.991306)(-0.146965,0.0925525,0.038118))

Frame 29
Affine3((0.799138,0.596639,0.07349)(-0.601119,0.791913,0.107371)(0.00586425,-0.129981,0.991499)(-0.142107,0.0914901,0.0372676))

Frame 30
Affine3((0.813031,0.577989,0.0700595)(-0.5822,0.806105,0.106005)(0.00479465,-0.126974,0.991894)(-0.136065,0.0900075,0.0360347))

Frame 31
Affine3((0.82875,0.555733,0.0658254)(-0.559607,0.822241,0.103726)(0.00351971,-0.122799,0.992425)(-0.129031,0.0880713,0.0344508))

Frame 32
Affine3((0.845673,0.530204,0.0609978)(-0.533697,0.839693,0.10041)(0.00201858,-0.117469,0.993075)(-0.121179,0.0856385,0.0325998))

Frame 33
Affine3((0.863197,0.501782,0.0557332)(-0.504867,0.857841,0.0960102)(0.000365983,-0.111014,0.993819)(-0.112695,0.0826759,0.0305438))

Frame 34
Affine3((0.880834,0.470753,0.0502185)(-0.473423,0.876138,0.0908486)(-0.00123101,-0.103797,0.994598)(-0.103749,0.079174,0.028309))

Frame 35
Affine3((0.898042,0.437642,0.0446112)(-0.439898,0.894123,0.0838677)(-0.00318388,-0.0949411,0.995478)(-0.0944789,0.0751082,0.0260819))

Frame 36
Affine3((0.914549,0.402589,0.0390214)(-0.404451,0.911308,0.0770543)(-0.00453923,-0.0862521,0.996263)(-0.0850822,0.0705222,0.0236729))

Frame 37
Affine3((0.930033,0.36594,0.0335665)(-0.36744,0.927334,0.0709927)(-0.00514823,-0.0783592,0.996912)(-0.0757179,0.0654713,0.0210856))

Frame 38
Affine3((0.944036,0.328617,0.0283974)(-0.329784,0.941978,0.0626104)(-0.00617487,-0.0684715,0.997634)(-0.0664431,0.0599355,0.0187279))

Frame 39
Affine3((0.956574,0.290535,0.0235431)(-0.291421,0.954955,0.0559824)(-0.00621772,-0.0604123,0.998154)(-0.0574733,0.05406,0.0161851))

Frame 40
Affine3((0.967357,0.252694,0.0191114)(-0.253337,0.96619,0.0479361)(-0.00635199,-0.051213,0.998667)(-0.0488494,0.0478784,0.0138704))

Frame 41
Affine3((0.976436,0.215276,0.0151318)(-0.215726,0.975595,0.0409468)(-0.00594763,-0.0432463,0.999047)(-0.0407148,0.041521,0.011552))

Frame 42
Affine3((0.98377,0.179055,0.0116534)(-0.179351,0.983211,0.0336182)(-0.00543821,-0.0351626,0.999367)(-0.0331292,0.0351059,0.00943907))

Frame 43
Affine3((0.989439,0.144691,0.00865943)(-0.144871,0.989107,0.0260805)(-0.00479152,-0.0270596,0.999622)(-0.0261834,0.0287601,0.00754078))

Frame 44
Affine3((0.993637,0.112458,0.00615368)(-0.112561,0.993441,0.0201395)(-0.00384843,-0.020704,0.999778)(-0.0199639,0.0226669,0.00571832))

Frame 45
Affine3((0.996529,0.0831375,0.0041287)(-0.0831905,0.996421,0.0149694)(-0.00286943,-0.015261,0.999879)(-0.014513,0.016975,0.0040945))

Frame 46
Affine3((0.99833,0.057709,0.00256037)(-0.0577291,0.998295,0.00862914)(-0.00205802,-0.00876252,0.999959)(-0.00985578,0.0118372,0.00288971))

Frame 47
Affine3((0.999334,0.0364499,0.00136683)(-0.0364553,0.999326,0.00420598)(-0.00121261,-0.00425299,0.99999)(-0.00611039,0.00749451,0.00182864))

Frame 48
Affine3((0.999795,0.0202138,0.00053299)(-0.0202143,0.999795,0.000928974)(-0.000514084,-0.000939553,0.999999)(-0.00331976,0.00412133,0.00102139))

Frame 49
Affine3((0.999954,0.00962398,2.82264e-005)(-0.00962396,0.999954,-1.192e-005)(-2.83363e-005,1.16338e-005,1)(-0.00157936,0.00195158,0.000401467))

Frame 50
Affine3((0.999983,0.00586,-0.000129096)(-0.00586008,0.999983,-0.000401212)(0.000126736,0.000402016,1)(-0.000962228,0.00117454,0.000191048))

