Frame 1
Affine3((1,1.11454e-008,-1.65074e-009)(-9.38665e-009,1,5.3901e-009)(3.00047e-008,4.80722e-009,1)(0,0,0))

Frame 2
Affine3((0.998261,-0.0589426,-4.1727e-006)(0.0589426,0.998261,-3.63016e-006)(4.32855e-006,3.37904e-006,1)(0.0124759,0.00100519,-0.00282478))

Frame 3
Affine3((0.978838,-0.204635,-4.35827e-007)(0.204635,0.978838,-1.96339e-006)(7.64032e-007,1.84545e-006,1)(0.0436384,0.00102532,-0.00982034))

Frame 4
Affine3((0.921365,-0.388698,-1.96524e-006)(0.388698,0.921365,-2.47819e-006)(2.72373e-006,1.53564e-006,1)(0.0842402,-0.0043442,-0.0192577))

Frame 5
Affine3((0.824887,-0.565297,-2.37679e-006)(0.565297,0.824887,-1.60156e-006)(2.9027e-006,6.33941e-009,1)(0.125406,-0.0162647,-0.0297829))

Frame 6
Affine3((0.711932,-0.702248,-3.73432e-006)(0.702248,0.711932,-4.02815e-006)(5.4566e-006,2.96666e-007,1)(0.160086,-0.0317571,-0.0401682))

Frame 7
Affine3((0.617108,-0.786879,-4.64807e-006)(0.786879,0.617108,-3.79781e-006)(5.86711e-006,-1.28068e-006,1)(0.184091,-0.0454255,-0.0491208))

Frame 8
Affine3((0.572938,-0.819599,-1.25548e-005)(0.819599,0.572938,-6.51892e-006)(1.25232e-005,-6.55301e-006,1)(0.195115,-0.0519281,-0.055066))

Frame 9
Affine3((0.577375,-0.816479,-1.3635e-005)(0.816479,0.577375,-8.88284e-006)(1.51379e-005,-6.02385e-006,1)(0.195951,-0.0512581,-0.0581337))

Frame 10
Affine3((0.61042,-0.792078,-1.59454e-005)(0.792078,0.61042,-4.00637e-006)(1.29108e-005,-1.02367e-005,1)(0.191102,-0.0463647,-0.0599157))

Frame 11
Affine3((0.668275,-0.743915,-1.74889e-005)(0.743915,0.668275,-6.60259e-006)(1.66e-005,-8.59559e-006,1)(0.1805,-0.0379452,-0.0606157))

Frame 12
Affine3((0.744279,-0.667869,-2.06368e-005)(0.667869,0.744279,-1.35178e-005)(2.44257e-005,-3.70346e-006,1)(0.16385,-0.0271847,-0.060397))

Frame 13
Affine3((0.828629,-0.559798,-1.86978e-005)(0.559798,0.828629,-1.39623e-005)(2.32847e-005,1.0926e-006,1)(0.140909,-0.015775,-0.0594018))

Frame 14
Affine3((0.908638,-0.417584,-2.08794e-005)(0.417584,0.908639,-1.26797e-005)(2.42416e-005,2.79668e-006,1)(0.111782,-0.00582711,-0.0577531))

Frame 15
Affine3((0.969927,-0.243394,-2.24214e-005)(0.243394,0.969927,-1.52267e-005)(2.54355e-005,9.34312e-006,1)(0.0773031,0.000361919,-0.0555639))

Frame 16
Affine3((0.998971,-0.0453523,-2.29335e-005)(0.0453522,0.998971,-1.39375e-005)(2.35813e-005,1.28734e-005,1)(0.0392376,0.000789791,-0.0529379))

Frame 17
Affine3((0.986688,0.162623,-2.56562e-005)(-0.162623,0.986688,-1.48182e-005)(2.29143e-005,1.87739e-005,1)(0.000171352,-0.00571303,-0.0499681))

Frame 18
Affine3((0.931646,0.363368,-2.94673e-005)(-0.363368,0.931646,-2.09078e-005)(1.99435e-005,3.0187e-005,1)(-0.0369509,-0.0190054,-0.0467474))

Frame 19
Affine3((0.841112,0.540862,-2.58736e-005)(-0.540862,0.841112,-1.21218e-005)(1.52484e-005,2.41893e-005,1)(-0.0695665,-0.0375377,-0.0433626))

Frame 20
Affine3((0.728974,0.684541,-2.69642e-005)(-0.684541,0.728974,-1.29095e-005)(1.08198e-005,2.78576e-005,1)(-0.0961317,-0.0588648,-0.0399054))

Frame 21
Affine3((0.611745,0.791055,-2.47287e-005)(-0.791055,0.611744,-5.38871e-006)(1.0885e-005,2.28868e-005,1)(-0.11632,-0.0802212,-0.0364674))

Frame 22
Affine3((0.504606,0.86335,-2.32449e-005)(-0.86335,0.504605,-6.20354e-006)(6.4121e-006,2.32028e-005,1)(-0.130763,-0.0992211,-0.0331489))

Frame 23
Affine3((0.419268,0.907863,-2.00988e-005)(-0.907863,0.419267,-3.87461e-006)(4.94546e-006,1.9874e-005,1)(-0.140589,-0.114085,-0.0300536))

Frame 24
Affine3((0.363499,0.931594,-1.39622e-005)(-0.931594,0.363499,-2.62764e-006)(2.62305e-006,1.39504e-005,1)(-0.146901,-0.123691,-0.0273021))

Frame 25
Affine3((0.341781,0.93978,-1.0645e-005)(-0.93978,0.341781,-4.90089e-006)(-9.93652e-007,1.16434e-005,1)(-0.150424,-0.127416,-0.0250298))

Frame 26
Affine3((0.341582,0.939852,-6.25769e-006)(-0.939852,0.341582,-3.55997e-006)(-1.17247e-006,7.11043e-006,1)(-0.152259,-0.127446,-0.0230979))

Frame 27
Affine3((0.348142,0.937442,-3.92636e-006)(-0.937442,0.348142,-5.85709e-006)(-4.09296e-006,5.70964e-006,1)(-0.153356,-0.126311,-0.0212632))

Frame 28
Affine3((0.360665,0.932696,1.29155e-006)(-0.932695,0.360665,-1.48613e-006)(-1.88638e-006,-6.97935e-007,1)(-0.153785,-0.124138,-0.0195184))

Frame 29
Affine3((0.378246,0.925705,4.5823e-006)(-0.925705,0.378246,-7.09595e-006)(-8.33025e-006,-1.52893e-006,1)(-0.153574,-0.12109,-0.0178624))

Frame 30
Affine3((0.400115,0.916465,8.65074e-006)(-0.916465,0.400115,-1.15864e-006)(-4.4969e-006,-7.42968e-006,1)(-0.152769,-0.117283,-0.0162863))

Frame 31
Affine3((0.429175,0.903221,8.883e-006)(-0.903221,0.429175,-2.39225e-006)(-5.96941e-006,-7.01155e-006,1)(-0.151176,-0.112234,-0.0147904))

Frame 32
Affine3((0.467406,0.884043,1.06695e-005)(-0.884043,0.467406,-2.48077e-006)(-7.1774e-006,-8.2787e-006,1)(-0.148572,-0.105579,-0.0133721))

Frame 33
Affine3((0.512649,0.858598,7.70892e-006)(-0.858598,0.512649,-3.98814e-006)(-7.42039e-006,-4.60527e-006,1)(-0.14489,-0.0976693,-0.0120269))

Frame 34
Affine3((0.562823,0.826578,9.22385e-006)(-0.826577,0.562823,-3.70809e-006)(-8.30867e-006,-5.5872e-006,1)(-0.140063,-0.0888219,-0.0107553))

Frame 35
Affine3((0.615903,0.787822,9.23431e-006)(-0.787822,0.615903,-2.53554e-006)(-7.72208e-006,-5.73519e-006,1)(-0.134054,-0.0793668,-0.00955498))

Frame 36
Affine3((0.669957,0.7424,8.24744e-006)(-0.7424,0.669957,-4.68958e-006)(-9.05112e-006,-2.97345e-006,1)(-0.126855,-0.0696191,-0.00842547))

Frame 37
Affine3((0.723207,0.690632,9.33107e-006)(-0.690632,0.723207,1.21836e-008)(-6.77044e-006,-6.46615e-006,1)(-0.118512,-0.0598619,-0.00736487))

Frame 38
Affine3((0.774027,0.633153,1.10616e-005)(-0.633153,0.774027,1.27323e-006)(-7.75823e-006,-7.9898e-006,1)(-0.10911,-0.0503797,-0.00637448))

Frame 39
Affine3((0.821031,0.570883,1.14374e-005)(-0.570883,0.821031,2.41218e-006)(-8.04604e-006,-8.52004e-006,1)(-0.0987949,-0.041415,-0.00545335))

Frame 40
Affine3((0.863114,0.50501,7.84579e-006)(-0.50501,0.863114,-4.41124e-006)(-8.99445e-006,-1.64368e-007,1)(-0.0877579,-0.0331791,-0.00460315))

Frame 41
Affine3((0.8995,0.436922,8.82893e-006)(-0.436922,0.8995,-2.84009e-006)(-9.14372e-006,-1.30604e-006,1)(-0.0762319,-0.0258068,-0.00382245))

Frame 42
Affine3((0.929742,0.368211,1.06962e-005)(-0.368211,0.929742,1.30685e-006)(-9.46326e-006,-5.15281e-006,1)(-0.0644877,-0.0194118,-0.00311255))

Frame 43
Affine3((0.953747,0.300612,7.79296e-006)(-0.300612,0.953747,-3.14662e-006)(-8.42596e-006,6.62444e-007,1)(-0.0528289,-0.0140601,-0.00247765))

Frame 44
Affine3((0.971776,0.235905,7.86194e-006)(-0.235905,0.971776,-1.4702e-006)(-7.9179e-006,-4.22107e-007,1)(-0.0415725,-0.00972928,-0.00191522))

Frame 45
Affine3((0.984404,0.175921,6.84209e-006)(-0.175921,0.984404,-4.02469e-006)(-7.43856e-006,2.76037e-006,1)(-0.0310546,-0.00637899,-0.00143039))

Frame 46
Affine3((0.99247,0.12249,7.8249e-006)(-0.12249,0.99247,1.70153e-007)(-7.78431e-006,-1.11831e-006,1)(-0.0216172,-0.00390111,-0.00102353))

Frame 47
Affine3((0.996994,0.0774765,9.80957e-006)(-0.0774765,0.996994,1.83237e-006)(-9.62073e-006,-2.5793e-006,1)(-0.0136137,-0.00218177,-0.000700831))

Frame 48
Affine3((0.999085,0.0427684,8.17386e-006)(-0.0427684,0.999085,1.93345e-006)(-8.14779e-006,-2.27553e-006,1)(-0.00741289,-0.00108312,-0.00046289))

Frame 49
Affine3((0.999793,0.0203377,8.49372e-006)(-0.0203377,0.999793,3.31898e-006)(-8.36424e-006,-3.50286e-006,1)(-0.00338845,-0.000475422,-0.000316858))

Frame 50
Affine3((0.999924,0.0123446,7.37959e-006)(-0.0123446,0.999924,2.51044e-006)(-7.32064e-006,-2.60587e-006,1)(-0.0019521,-0.000279948,-0.00026691))

