Frame 1
Affine3((1,-1.4557e-008,-8.82346e-009)(1.52501e-008,1,-7.75265e-009)(-4.36115e-010,-8.96122e-010,1)(0,0,0))

Frame 2
Affine3((0.999225,-0.0389917,0.00541893)(0.039085,0.999068,-0.0183437)(-0.00469864,0.0185413,0.999817)(0.0163945,-0.027483,-0.00563014))

Frame 3
Affine3((0.991411,-0.130165,0.0127255)(0.130735,0.989028,-0.0687896)(-0.00363184,0.0698624,0.99755)(0.0381826,-0.105452,-0.0163375))

Frame 4
Affine3((0.968736,-0.247899,0.00984836)(0.246709,0.958376,-0.1437)(0.0261848,0.141637,0.989572)(0.0254537,-0.216307,-0.0222205))

Frame 5
Affine3((0.926734,-0.375616,-0.00871037)(0.36351,0.902246,-0.231975)(0.0949925,0.211813,0.972683)(-0.0409717,-0.326374,-0.0154241))

Frame 6
Affine3((0.867646,-0.495572,-0.0399891)(0.458312,0.828398,-0.322037)(0.192719,0.261087,0.945882)(-0.149573,-0.405822,0.00707138))

Frame 7
Affine3((0.805408,-0.587847,-0.0758579)(0.513653,0.756091,-0.40557)(0.295768,0.287685,0.910911)(-0.269715,-0.450105,0.0432962))

Frame 8
Affine3((0.7647,-0.635423,-0.107107)(0.52102,0.707504,-0.477469)(0.379173,0.309315,0.872096)(-0.370379,-0.481833,0.0876411))

Frame 9
Affine3((0.754142,-0.644292,-0.127113)(0.49577,0.685495,-0.533206)(0.430675,0.339094,0.836382)(-0.435311,-0.519808,0.129925))

Frame 10
Affine3((0.77069,-0.623254,-0.132632)(0.458695,0.68711,-0.563453)(0.442307,0.37341,0.815432)(-0.452842,-0.561892,0.153596))

Frame 11
Affine3((0.822126,-0.5636,-0.0803962)(0.431907,0.709463,-0.556883)(0.370898,0.423104,0.826691)(-0.367067,-0.624165,0.127204))

Frame 12
Affine3((0.906403,-0.416584,0.0699348)(0.394136,0.7745,-0.494779)(0.151952,0.476033,0.8662)(-0.0972089,-0.699194,0.0485483))

Frame 13
Affine3((0.93754,-0.202682,0.282735)(0.29687,0.889823,-0.34653)(-0.181348,0.408821,0.894415)(0.326022,-0.621077,-0.0200858))

Frame 14
Affine3((0.87526,-0.0742734,0.477915)(0.141937,0.984074,-0.10701)(-0.462356,0.161495,0.871863)(0.692742,-0.285185,-0.00905156))

Frame 15
Affine3((0.812031,-0.00954733,0.583537)(-0.0758494,0.98966,0.121741)(-0.578665,-0.143119,0.802909)(0.833004,0.135899,0.0818378))

Frame 16
Affine3((0.714163,0.183788,0.67542)(-0.42019,0.884285,0.20367)(-0.559832,-0.429258,0.708749)(0.784356,0.495872,0.19439))

Frame 17
Affine3((0.549669,0.32739,0.768557)(-0.733035,0.630265,0.255784)(-0.400653,-0.703976,0.586426)(0.562108,0.836777,0.340635))

Frame 18
Affine3((0.384816,0.373427,0.844079)(-0.9154,0.271473,0.297229)(-0.118151,-0.887049,0.446302)(0.184299,1.06587,0.513152))

Frame 19
Affine3((0.272839,0.348226,0.896827)(-0.937895,-0.111344,0.328566)(0.214271,-0.930775,0.29622)(-0.260109,1.12052,0.702874))

Frame 20
Affine3((0.230338,0.298424,0.926222)(-0.824698,-0.445376,0.348588)(0.516544,-0.844147,0.143522)(-0.669557,1.00791,0.900184))

Frame 21
Affine3((0.245083,0.260199,0.933933)(-0.629207,-0.690188,0.357407)(0.737586,-0.675231,-0.00543388)(-0.976551,0.786777,1.09636))

Frame 22
Affine3((0.292771,0.248046,0.923449)(-0.408099,-0.840972,0.355276)(0.86472,-0.480874,-0.144985)(-1.16173,0.529781,1.28318))

Frame 23
Affine3((0.353211,0.258825,0.899028)(-0.204486,-0.916374,0.344157)(0.912922,-0.305399,-0.270748)(-1.24219,0.295415,1.45409))

Frame 24
Affine3((0.414826,0.27997,0.865758)(-0.0439755,-0.944205,0.326409)(0.908838,-0.173475,-0.379369)(-1.25118,0.117708,1.6037))

Frame 25
Affine3((0.473537,0.296609,0.829329)(0.0614652,-0.950424,0.304823)(0.878627,-0.09337,-0.468292)(-1.22217,0.00953121,1.72756))

Frame 26
Affine3((0.524002,0.30494,0.795257)(0.122721,-0.950999,0.283797)(0.84283,-0.0511157,-0.535747)(-1.18274,-0.0473159,1.82271))

Frame 27
Affine3((0.559651,0.306117,0.770119)(0.153317,-0.951481,0.26679)(0.814423,-0.0312371,-0.57943)(-1.15063,-0.073518,1.88526))

Frame 28
Affine3((0.576525,0.298096,0.760761)(0.152283,-0.953961,0.258395)(0.802763,-0.0331202,-0.595377)(-1.13746,-0.0696679,1.90899))

Frame 29
Affine3((0.58176,0.285164,0.761733)(0.13285,-0.957263,0.256901)(0.802438,-0.0482589,-0.594781)(-1.13669,-0.0476951,1.9095))

Frame 30
Affine3((0.58858,0.273229,0.760868)(0.111815,-0.959624,0.258107)(0.800669,-0.0668402,-0.595366)(-1.13323,-0.0215594,1.91215))

Frame 31
Affine3((0.581423,0.255209,0.772539)(0.0670026,-0.961323,0.267148)(0.810838,-0.103564,-0.576035)(-1.14251,0.0292321,1.88681))

Frame 32
Affine3((0.551397,0.22118,0.804388)(-0.0277326,-0.958821,0.282655)(0.833782,-0.178163,-0.522557)(-1.16576,0.132602,1.81313))

Frame 33
Affine3((0.500123,0.177866,0.847491)(-0.166075,-0.940811,0.295456)(0.84988,-0.288511,-0.440982)(-1.17766,0.285229,1.70007))

Frame 34
Affine3((0.427737,0.137979,0.89331)(-0.336632,-0.892871,0.299098)(0.83888,-0.428652,-0.335466)(-1.15123,0.477742,1.5543))

Frame 35
Affine3((0.337106,0.115743,0.934325)(-0.523017,-0.802163,0.288076)(0.782824,-0.58578,-0.209879)(-1.06255,0.691449,1.38199))

Frame 36
Affine3((0.238279,0.125632,0.963037)(-0.703355,-0.661458,0.260317)(0.669713,-0.739385,-0.0692481)(-0.896539,0.897053,1.19115))

Frame 37
Affine3((0.148931,0.176635,0.972944)(-0.854135,-0.472806,0.216581)(0.49827,-0.863281,0.0804546)(-0.653581,1.05825,0.991077))

Frame 38
Affine3((0.0905848,0.267302,0.959346)(-0.955352,-0.248718,0.159508)(0.281243,-0.930961,0.232837)(-0.353443,1.13972,0.791399))

Frame 39
Affine3((0.0842632,0.383633,0.919633)(-0.995431,-0.0091776,0.0950369)(0.0448993,-0.92344,0.381107)(-0.0342052,1.11803,0.602105))

Frame 40
Affine3((0.14117,0.500625,0.854076)(-0.974223,0.223586,0.0299716)(-0.175955,-0.836291,0.519285)(0.256083,0.990993,0.431606))

Frame 41
Affine3((0.257334,0.589183,0.765926)(-0.901759,0.431279,-0.0287873)(-0.347289,-0.683273,0.642284)(0.472821,0.781426,0.286448))

Frame 42
Affine3((0.413579,0.626289,0.660843)(-0.793737,0.603585,-0.0752762)(-0.44602,-0.493403,0.74674)(0.588542,0.531471,0.170347))

Frame 43
Affine3((0.581797,0.602414,0.546452)(-0.665833,0.738623,-0.105366)(-0.467096,-0.302545,0.830836)(0.601254,0.290037,0.0843424))

Frame 44
Affine3((0.734081,0.524956,0.43075)(-0.530902,0.839184,-0.117956)(-0.4234,-0.142097,0.894729)(0.532609,0.0969214,0.026561))

Frame 45
Affine3((0.852045,0.413174,0.321413)(-0.398177,0.910142,-0.114441)(-0.339815,-0.0304707,0.939998)(0.418122,-0.0273759,-0.00691748))

Frame 46
Affine3((0.930041,0.290688,0.224778)(-0.275077,0.956351,-0.0986167)(-0.243633,0.0298862,0.969407)(0.293811,-0.0840574,-0.0214874))

Frame 47
Affine3((0.973176,0.178332,0.145349)(-0.168753,0.982735,-0.0758634)(-0.156368,0.0493003,0.986468)(0.185846,-0.0902931,-0.0232596))

Frame 48
Affine3((0.992181,0.0904158,0.0860385)(-0.0861209,0.994906,-0.0523922)(-0.0903374,0.0445729,0.994913)(0.107213,-0.0701147,-0.0183606))

Frame 49
Affine3((0.998199,0.0349037,0.0487906)(-0.0332456,0.998855,-0.0343948)(-0.0499353,0.0327108,0.998217)(0.0605698,-0.0463502,-0.0123632))

Frame 50
Affine3((0.999238,0.0158219,0.0356847)(-0.0148485,0.999515,-0.0273806)(-0.0361006,0.0268299,0.998988)(0.0448601,-0.0359722,-0.00967956))

