Frame 1
Affine3((1,-1.65791e-008,-1.3257e-009)(-1.01704e-008,1,6.25281e-009)(-1.24201e-008,-5.28298e-009,1)(0,0,0))

Frame 2
Affine3((0.999952,-0.00118775,-0.00968538)(0.00123628,0.999987,0.00500459)(0.00967936,-0.00501636,0.999941)(-1.36197e-005,0.00067801,0.0021512))

Frame 3
Affine3((0.999391,-0.00452749,-0.0346046)(0.00492925,0.999921,0.0115337)(0.0345496,-0.0116972,0.999334)(-0.00015834,0.00227576,0.00824067))

Frame 4
Affine3((0.997237,-0.0125374,-0.0732208)(0.0131257,0.999885,0.00755824)(0.0731177,-0.00849845,0.997287)(-0.000233263,0.0048697,0.0189937))

Frame 5
Affine3((0.991753,-0.0258801,-0.125522)(0.0253641,0.999662,-0.00570724)(0.125627,0.00247641,0.992074)(0.000322223,0.00844766,0.0343292))

Frame 6
Affine3((0.981502,-0.0432972,-0.186494)(0.0395662,0.998936,-0.0236836)(0.187321,0.0158666,0.982171)(0.00201043,0.0127156,0.0525064))

Frame 7
Affine3((0.968621,-0.0602655,-0.241125)(0.0521485,0.997842,-0.0399097)(0.24301,0.026083,0.969673)(0.00454992,0.0167458,0.0688531))

Frame 8
Affine3((0.960088,-0.0710783,-0.270518)(0.059353,0.996918,-0.0512912)(0.27333,0.033188,0.961348)(0.006302,0.0191454,0.0779376))

Frame 9
Affine3((0.959291,-0.0742181,-0.272493)(0.0609157,0.996516,-0.0569692)(0.275771,0.0380509,0.96047)(0.00639629,0.0196006,0.0790649))

Frame 10
Affine3((0.96333,-0.0723601,-0.258377)(0.0590402,0.996513,-0.0589548)(0.261742,0.0415384,0.964244)(0.00542539,0.0188168,0.0754769))

Frame 11
Affine3((0.970407,-0.0668836,-0.232027)(0.0546874,0.996782,-0.058611)(0.2352,0.0441876,0.970942)(0.00383201,0.0171203,0.0683457))

Frame 12
Affine3((0.978357,-0.0594385,-0.198205)(0.0488794,0.997134,-0.0577514)(0.20107,0.0468133,0.978458)(0.00210732,0.0148713,0.0591475))

Frame 13
Affine3((0.985798,-0.0506528,-0.160116)(0.0421388,0.997534,-0.0561314)(0.162564,0.0485871,0.985501)(0.000604838,0.0122818,0.0487148))

Frame 14
Affine3((0.991819,-0.0411774,-0.120826)(0.0348264,0.997922,-0.0542124)(0.122808,0.049561,0.991192)(-0.000505269,0.00951948,0.0379202))

Frame 15
Affine3((0.996097,-0.0318727,-0.0823105)(0.02763,0.998255,-0.0521792)(0.0838299,0.0497013,0.99524)(-0.00110739,0.00681371,0.0273239))

Frame 16
Affine3((0.998706,-0.0221941,-0.0457496)(0.0199468,0.998599,-0.0490063)(0.0467732,0.0480304,0.99775)(-0.00131726,0.00406579,0.0171221))

Frame 17
Affine3((0.999829,-0.0141084,-0.0119373)(0.0135334,0.998806,-0.0469503)(0.0125855,0.0467808,0.998826)(-0.00103727,0.00170953,0.00780915))

Frame 18
Affine3((0.999805,-0.00605349,0.0188145)(0.00687588,0.99901,-0.043958)(-0.0185297,0.0440788,0.998856)(-0.000521451,-0.00060242,-0.000788685))

Frame 19
Affine3((0.998927,0.00115681,0.0463083)(0.00074695,0.999156,-0.041072)(-0.0463166,0.0410625,0.998083)(0.000209302,-0.00266442,-0.00849134))

Frame 20
Affine3((0.997488,0.00766205,0.070422)(-0.00497371,0.999255,-0.0382709)(-0.0706627,0.0378245,0.996783)(0.00104851,-0.00453625,-0.0152721))

Frame 21
Affine3((0.995761,0.0133303,0.0910035)(-0.0101347,0.999319,-0.0354871)(-0.0914146,0.0344143,0.995218)(0.00192249,-0.00614811,-0.0211))

Frame 22
Affine3((0.994029,0.0181223,0.1076)(-0.01471,0.999366,-0.0324224)(-0.108119,0.030646,0.993665)(0.00274903,-0.00750125,-0.0258787))

Frame 23
Affine3((0.992569,0.0218232,0.119706)(-0.0184799,0.999409,-0.0289681)(-0.120268,0.0265407,0.992387)(0.00344929,-0.0085156,-0.0294759))

Frame 24
Affine3((0.991631,0.0243292,0.126792)(-0.0213253,0.99946,-0.0249953)(-0.127331,0.0220822,0.991614)(0.00394705,-0.00917196,-0.03176))

Frame 25
Affine3((0.991242,0.0256353,0.129543)(-0.0229774,0.999494,-0.0219708)(-0.130041,0.0188018,0.99133)(0.00418487,-0.00948439,-0.0327885))

Frame 26
Affine3((0.991417,0.0260344,0.12812)(-0.0239349,0.999553,-0.0178996)(-0.128528,0.0146795,0.991597)(0.00422791,-0.00950608,-0.0327793))

Frame 27
Affine3((0.991727,0.0260791,0.12569)(-0.024449,0.999596,-0.0144947)(-0.126018,0.0113017,0.991964)(0.00419417,-0.00943357,-0.0324369))

Frame 28
Affine3((0.99207,0.025806,0.123005)(-0.0244713,0.999624,-0.0123495)(-0.123277,0.00924145,0.992329)(0.00411126,-0.00928418,-0.0319109))

Frame 29
Affine3((0.992562,0.0253179,0.119078)(-0.024307,0.999655,-0.00993371)(-0.119288,0.00696539,0.992835)(0.00396699,-0.00906632,-0.031075))

Frame 30
Affine3((0.993046,0.0245854,0.115128)(-0.0237403,0.99968,-0.00870593)(-0.115305,0.00591222,0.993312)(0.00378966,-0.00879083,-0.0301259))

Frame 31
Affine3((0.993647,0.0236763,0.110022)(-0.0230615,0.999711,-0.00685741)(-0.110153,0.00427655,0.993905)(0.00357169,-0.00843925,-0.0289221))

Frame 32
Affine3((0.994243,0.022567,0.104744)(-0.0220972,0.99974,-0.00564362)(-0.104844,0.00329656,0.994483)(0.00334141,-0.00803847,-0.0276118))

Frame 33
Affine3((0.994889,0.0210712,0.0987526)(-0.0207852,0.999776,-0.00392362)(-0.0988131,0.00185096,0.995104)(0.00313902,-0.0075037,-0.0261344))

Frame 34
Affine3((0.995496,0.0199929,0.0926698)(-0.0197804,0.999799,-0.00321067)(-0.0927153,0.00136315,0.995692)(0.00282905,-0.00709958,-0.0245855))

Frame 35
Affine3((0.996092,0.0186222,0.0863342)(-0.0184602,0.999826,-0.0026737)(-0.0863689,0.00106949,0.996263)(0.00254562,-0.00661231,-0.0229366))

Frame 36
Affine3((0.996653,0.017013,0.0799556)(-0.0168533,0.999854,-0.00267218)(-0.0799894,0.0013157,0.996795)(0.00227785,-0.00605918,-0.0212223))

Frame 37
Affine3((0.997215,0.0152904,0.0729969)(-0.0151833,0.999883,-0.00202196)(-0.0730192,0.000907982,0.99733)(0.00203684,-0.00545867,-0.0193985))

Frame 38
Affine3((0.997734,0.0139312,0.0658182)(-0.0138637,0.999903,-0.00148209)(-0.0658325,0.000566257,0.997831)(0.0017395,-0.00495907,-0.0175354))

Frame 39
Affine3((0.998206,0.012343,0.05859)(-0.0122936,0.999924,-0.00120278)(-0.0586003,0.000480344,0.998281)(0.0014787,-0.00439119,-0.0156208))

Frame 40
Affine3((0.998623,0.0109721,0.0513084)(-0.010942,0.99994,-0.000866264)(-0.0513147,0.000303648,0.998682)(0.00120449,-0.00388436,-0.0137133))

Frame 41
Affine3((0.998986,0.00932037,0.0440398)(-0.00930997,0.999957,-0.000440671)(-0.044042,3.0214e-005,0.99903)(0.00100097,-0.00329899,-0.0117919))

Frame 42
Affine3((0.999284,0.00758151,0.0370637)(-0.00755379,0.999971,-0.000887848)(-0.0370693,0.000607219,0.999313)(0.000804216,-0.00271185,-0.00987126))

Frame 43
Affine3((0.999527,0.00607847,0.0301596)(-0.00606649,0.999981,-0.000488687)(-0.0301619,0.000305473,0.999545)(0.000639349,-0.00217571,-0.00804919))

Frame 44
Affine3((0.999708,0.00443238,0.0237541)(-0.00440284,0.99999,-0.00129503)(-0.0237595,0.00119005,0.999717)(0.000482053,-0.00164162,-0.0062496))

Frame 45
Affine3((0.999839,0.00313528,0.0176891)(-0.00311855,0.999995,-0.000973589)(-0.017692,0.000918261,0.999843)(0.000362396,-0.00117659,-0.00464698))

Frame 46
Affine3((0.999923,0.00176991,0.0123263)(-0.00174714,0.999997,-0.00185507)(-0.0123294,0.00183338,0.999922)(0.000243634,-0.000752848,-0.00311999))

Frame 47
Affine3((0.99997,0.000720144,0.00776184)(-0.00070358,0.999997,-0.00214053)(-0.00776332,0.00213499,0.999968)(0.000156581,-0.000404608,-0.00186568))

Frame 48
Affine3((0.999991,0.000279482,0.00413256)(-0.00026996,0.999997,-0.00229793)(-0.0041331,0.00229677,0.999989)(3.54052e-005,-0.000236504,-0.00089241))

Frame 49
Affine3((0.999998,4.33835e-005,0.00182647)(-4.11679e-005,0.999999,-0.00121288)(-0.00182654,0.00121281,0.999998)(1.41263e-005,-9.3624e-005,-0.000375461))

Frame 50
Affine3((0.999999,-0.000299463,0.00103518)(0.000300112,1,-0.000595536)(-0.00103493,0.000595842,0.999999)(6.17504e-005,3.83928e-005,-0.000203742))

