Frame 1
Affine3((1,-8.44332e-009,-6.04685e-009)(-1.04765e-008,1,1.79063e-008)(9.54369e-009,7.1058e-009,1)(0,0,0))

Frame 2
Affine3((0.999111,-0.0420324,-0.00311113)(0.0420506,0.999097,0.00602995)(0.00285488,-0.00615535,0.999977)(0.00741503,0.0118763,0.000503838))

Frame 3
Affine3((0.988938,-0.147712,-0.0135021)(0.147929,0.988856,0.016736)(0.0108795,-0.0185482,0.999769)(0.0279387,0.0403172,0.00326183))

Frame 4
Affine3((0.957801,-0.285526,-0.0330516)(0.286265,0.957937,0.0202395)(0.0258825,-0.0288469,0.999249)(0.0589096,0.0742029,0.00993682))

Frame 5
Affine3((0.903955,-0.423366,-0.060218)(0.424938,0.905088,0.0156313)(0.0478848,-0.0397189,0.998063)(0.0955555,0.104306,0.019601))

Frame 6
Affine3((0.839142,-0.536522,-0.0893524)(0.538931,0.842343,0.00340849)(0.0734366,-0.051015,0.995994)(0.130803,0.125686,0.0295942))

Frame 7
Affine3((0.783577,-0.610923,-0.113049)(0.613638,0.789479,-0.0130803)(0.0972412,-0.0591219,0.993503)(0.157064,0.13768,0.0368924))

Frame 8
Affine3((0.757092,-0.641339,-0.124481)(0.643186,0.765117,-0.0301152)(0.114557,-0.0572647,0.991765)(0.168136,0.141778,0.039759))

Frame 9
Affine3((0.759236,-0.638789,-0.124537)(0.638827,0.768038,-0.0449184)(0.124343,-0.0454539,0.991198)(0.166089,0.14091,0.0388018))

Frame 10
Affine3((0.777815,-0.617248,-0.11836)(0.614922,0.786327,-0.0596798)(0.129907,-0.0263621,0.991176)(0.1565,0.137073,0.0354219))

Frame 11
Affine3((0.809535,-0.577236,-0.107015)(0.572239,0.816577,-0.0757915)(0.131135,0.000117904,0.991364)(0.140376,0.129821,0.0299529))

Frame 12
Affine3((0.849814,-0.519016,-0.0918596)(0.511388,0.854104,-0.094805)(0.127663,0.0335907,0.991249)(0.119043,0.118426,0.0229043))

Frame 13
Affine3((0.893408,-0.443022,-0.074517)(0.4334,0.893622,-0.116637)(0.118263,0.0719086,0.990375)(0.0942078,0.102218,0.0146041))

Frame 14
Affine3((0.934767,-0.35069,-0.0568054)(0.340193,0.929677,-0.141316)(0.102369,0.112772,0.988333)(0.0677533,0.0807769,0.00563166))

Frame 15
Affine3((0.968751,-0.244693,-0.0405671)(0.23477,0.95737,-0.168304)(0.0800207,0.153521,0.9849)(0.0416047,0.0541308,-0.00336862))

Frame 16
Affine3((0.991288,-0.128817,-0.0274541)(0.121042,0.973163,-0.195708)(0.0519279,0.19068,0.980278)(0.0175759,0.0228813,-0.0119304))

Frame 17
Affine3((0.999792,-0.00827078,-0.0186519)(0.00388928,0.974648,-0.223711)(0.0200293,0.223591,0.974477)(-0.00298937,-0.011892,-0.0190919))

Frame 18
Affine3((0.993612,0.111867,-0.014839)(-0.112024,0.961963,-0.249152)(-0.0135972,0.249223,0.968351)(-0.0191061,-0.0486487,-0.0247656))

Frame 19
Affine3((0.973955,0.226177,-0.0159972)(-0.221951,0.936574,-0.271233)(-0.0463639,0.267719,0.962381)(-0.0304852,-0.0856075,-0.0285273))

Frame 20
Affine3((0.943759,0.32994,-0.0214153)(-0.321794,0.901718,-0.288711)(-0.0759466,0.279365,0.957177)(-0.0373521,-0.120949,-0.0303893))

Frame 21
Affine3((0.907326,0.419375,-0.029735)(-0.408245,0.861926,-0.300698)(-0.100476,0.28497,0.953256)(-0.0404363,-0.152862,-0.0306121))

Frame 22
Affine3((0.86975,0.491929,-0.0392621)(-0.479027,0.822456,-0.306755)(-0.11861,0.285608,0.950978)(-0.040811,-0.179828,-0.0296734))

Frame 23
Affine3((0.836372,0.546054,-0.0480329)(-0.532574,0.788715,-0.307073)(-0.129794,0.282409,0.950473)(-0.0397319,-0.200535,-0.0281671))

Frame 24
Affine3((0.812119,0.580969,-0.054197)(-0.567873,0.765617,-0.302244)(-0.1341,0.276235,0.951689)(-0.0383877,-0.213987,-0.0267313))

Frame 25
Affine3((0.801093,0.595892,-0.0562334)(-0.583591,0.756765,-0.294496)(-0.132933,0.268736,0.953997)(-0.0377565,-0.219378,-0.0257541))

Frame 26
Affine3((0.799763,0.597764,-0.0552911)(-0.5866,0.758593,-0.283616)(-0.127592,0.259259,0.957343)(-0.0378157,-0.219268,-0.025387))

Frame 27
Affine3((0.802687,0.594029,-0.0531347)(-0.583991,0.764779,-0.272153)(-0.121031,0.249484,0.960786)(-0.0382262,-0.216827,-0.0250893))

Frame 28
Affine3((0.809373,0.585172,-0.0498821)(-0.576119,0.774612,-0.260889)(-0.114026,0.239895,0.964079)(-0.0389213,-0.212312,-0.0247973))

Frame 29
Affine3((0.819021,0.571931,-0.0458225)(-0.563881,0.787582,-0.248502)(-0.106037,0.229367,0.967547)(-0.0397379,-0.206012,-0.0246191))

Frame 30
Affine3((0.831184,0.554477,-0.0410933)(-0.547264,0.80284,-0.236537)(-0.0981628,0.219094,0.970753)(-0.0406091,-0.198127,-0.0243798))

Frame 31
Affine3((0.845026,0.533511,-0.0360165)(-0.527169,0.81991,-0.223251)(-0.0895766,0.20764,0.974095)(-0.0413648,-0.188912,-0.0241834))

Frame 32
Affine3((0.860142,0.509131,-0.0306999)(-0.503554,0.838059,-0.209977)(-0.0811772,0.196069,0.977224)(-0.0419243,-0.178541,-0.0238817))

Frame 33
Affine3((0.875853,0.481909,-0.0253947)(-0.477095,0.856793,-0.195667)(-0.0725359,0.183491,0.980341)(-0.0421633,-0.167235,-0.0235145))

Frame 34
Affine3((0.891803,0.451972,-0.020229)(-0.447814,0.875468,-0.18171)(-0.0644181,0.171109,0.983144)(-0.0420333,-0.155168,-0.0229394))

Frame 35
Affine3((0.907471,0.419834,-0.0153843)(-0.416285,0.893661,-0.167562)(-0.0565998,0.158462,0.985741)(-0.0414505,-0.14255,-0.0221748))

Frame 36
Affine3((0.922521,0.385791,-0.0109404)(-0.382784,0.910975,-0.153625)(-0.0493008,0.14591,0.988069)(-0.0403802,-0.129535,-0.021182))

Frame 37
Affine3((0.936513,0.350562,-0.00707509)(-0.348097,0.927126,-0.138797)(-0.0420975,0.132448,0.990295)(-0.0387725,-0.11636,-0.020033))

Frame 38
Affine3((0.949258,0.314474,-0.00381298)(-0.312505,0.941812,-0.123815)(-0.0353455,0.118724,0.992298)(-0.0366434,-0.103181,-0.0186867))

Frame 39
Affine3((0.960604,0.27792,-0.0011752)(-0.276382,0.954828,-0.109161)(-0.0292157,0.105185,0.994024)(-0.0340295,-0.0901448,-0.0171296))

Frame 40
Affine3((0.970406,0.241476,0.000818852)(-0.24032,0.966082,-0.0945119)(-0.0236134,0.0915182,0.995523)(-0.0309624,-0.0774371,-0.0154214))

Frame 41
Affine3((0.978625,0.205642,0.00219648)(-0.204808,0.975511,-0.0801935)(-0.0186339,0.0780294,0.996777)(-0.0275152,-0.0652164,-0.0135851))

Frame 42
Affine3((0.985307,0.170768,0.0029965)(-0.170183,0.983112,-0.0672986)(-0.0144383,0.0657998,0.997728)(-0.0238037,-0.0536103,-0.011592))

Frame 43
Affine3((0.990461,0.137758,0.0032857)(-0.13738,0.989036,-0.0541728)(-0.0107124,0.0532046,0.998526)(-0.0198967,-0.0428112,-0.00963591))

Frame 44
Affine3((0.99428,0.106761,0.00314821)(-0.106526,0.993369,-0.0432518)(-0.00774492,0.042669,0.999059)(-0.0159773,-0.032918,-0.00760612))

Frame 45
Affine3((0.996882,0.0788565,0.00269259)(-0.0787293,0.996375,-0.0322168)(-0.00522332,0.0319043,0.999477)(-0.0121446,-0.0241174,-0.00575933))

Frame 46
Affine3((0.99853,0.0541586,0.00203534)(-0.0540948,0.998251,-0.0238559)(-0.00332373,0.0237107,0.999713)(-0.00861318,-0.0165162,-0.0039795))

Frame 47
Affine3((0.99943,0.033734,0.00129724)(-0.0337082,0.999297,-0.0164256)(-0.00185043,0.0163725,0.999864)(-0.00553145,-0.010291,-0.00248572))

Frame 48
Affine3((0.999835,0.0181534,0.000636095)(-0.0181457,0.999779,-0.0106301)(-0.000828942,0.0106168,0.999943)(-0.00308721,-0.00558931,-0.00133027))

Frame 49
Affine3((0.999965,0.00841429,0.000166668)(-0.00841323,0.999949,-0.00567052)(-0.00021437,0.00566898,0.999984)(-0.00146167,-0.0026165,-0.000669196))

Frame 50
Affine3((0.999987,0.00504845,-2.9123e-005)(-0.00504856,0.99998,-0.00375235)(1.01803e-005,0.00375251,0.999993)(-0.000885487,-0.00158531,-0.000442073))

