Frame 1
Affine3((1,2.52352e-008,-2.52037e-009)(-3.89365e-009,1,-5.05594e-009)(2.15719e-008,-8.63915e-009,1)(0,0,0))

Frame 2
Affine3((0.999241,-0.0388407,-0.00299694)(0.0388965,0.99901,0.0216003)(0.00215505,-0.0217005,0.999762)(0.00754137,0.0173769,0.00117528))

Frame 3
Affine3((0.990729,-0.135263,-0.0126577)(0.13584,0.987662,0.0779205)(0.00196177,-0.0789175,0.996879)(0.0306306,0.0616325,0.00662935))

Frame 4
Affine3((0.965471,-0.258774,-0.0300357)(0.260245,0.952841,0.156098)(-0.011775,-0.158525,0.987285)(0.0712353,0.119889,0.0193773))

Frame 5
Affine3((0.922385,-0.382533,-0.053613)(0.383945,0.892747,0.235774)(-0.0423282,-0.238058,0.970328)(0.125909,0.174022,0.0378541))

Frame 6
Affine3((0.871021,-0.484911,-0.0786381)(0.484318,0.820874,0.302658)(-0.0822105,-0.301708,0.949849)(0.183787,0.213573,0.057395))

Frame 7
Affine3((0.827647,-0.552472,-0.0988688)(0.548738,0.759558,0.349225)(-0.11784,-0.343288,0.931808)(0.230689,0.237094,0.0726118))

Frame 8
Affine3((0.808704,-0.578163,-0.108284)(0.571988,0.730011,0.374051)(-0.137214,-0.364434,0.921065)(0.254504,0.249133,0.0802713))

Frame 9
Affine3((0.81343,-0.571615,-0.107651)(0.564563,0.73133,0.382655)(-0.140003,-0.372039,0.917598)(0.256788,0.255074,0.0812383))

Frame 10
Affine3((0.831651,-0.545933,-0.101556)(0.5392,0.750202,0.382703)(-0.132742,-0.373034,0.918273)(0.246543,0.258368,0.0781791))

Frame 11
Affine3((0.860333,-0.501541,-0.0910148)(0.496164,0.783054,0.375031)(-0.116824,-0.36781,0.922533)(0.225209,0.258741,0.0715928))

Frame 12
Affine3((0.895252,-0.438801,-0.0773205)(0.435472,0.824985,0.360227)(-0.0942796,-0.356165,0.929655)(0.194673,0.255238,0.062141))

Frame 13
Affine3((0.93131,-0.358887,-0.062139)(0.357994,0.870525,0.337678)(-0.0670949,-0.336729,0.939208)(0.156911,0.245942,0.0501255))

Frame 14
Affine3((0.963405,-0.263866,-0.0471803)(0.265345,0.913841,0.307388)(-0.037994,-0.308658,0.950414)(0.114555,0.229302,0.0362498))

Frame 15
Affine3((0.986996,-0.157076,-0.0341572)(0.160439,0.949484,0.269704)(-0.00993226,-0.271677,0.962337)(0.0705875,0.204297,0.0214062))

Frame 16
Affine3((0.998775,-0.0430008,-0.024491)(0.0474131,0.973267,0.224728)(0.0141729,-0.225613,0.974114)(0.0281144,0.170202,0.00636715))

Frame 17
Affine3((0.997106,0.0735996,-0.0190696)(-0.0691386,0.982086,0.17529)(0.0316293,-0.173464,0.984332)(-0.00989428,0.128903,-0.00728679))

Frame 18
Affine3((0.982138,0.187269,-0.0183067)(-0.183714,0.975403,0.12181)(0.0406678,-0.116271,0.992385)(-0.0410572,0.0812056,-0.0190495))

Frame 19
Affine3((0.955749,0.293369,-0.0218846)(-0.291371,0.954249,0.0671688)(0.0405886,-0.05782,0.997502)(-0.0639158,0.0302682,-0.0279821))

Frame 20
Affine3((0.921261,0.387869,-0.0289218)(-0.387633,0.921714,0.0135895)(0.0319286,-0.00130835,0.999489)(-0.0780522,-0.0208558,-0.0337747))

Frame 21
Affine3((0.882976,0.467876,-0.0380233)(-0.469133,0.882363,-0.0367229)(0.0163686,0.0502633,0.998602)(-0.084115,-0.0690298,-0.03654))

Frame 22
Affine3((0.845802,0.531376,-0.0475309)(-0.533486,0.841832,-0.0819266)(-0.00352077,0.0946507,0.995504)(-0.0836261,-0.111512,-0.0368131))

Frame 23
Affine3((0.81449,0.577501,-0.0556628)(-0.579657,0.805941,-0.120239)(-0.0245772,0.130199,0.991183)(-0.0787705,-0.146013,-0.0354139))

Frame 24
Affine3((0.793272,0.605821,-0.060827)(-0.607314,0.780158,-0.15008)(-0.0434671,0.155996,0.986801)(-0.0719714,-0.170881,-0.0333232))

Frame 25
Affine3((0.785123,0.616242,-0.0618623)(-0.616778,0.76889,-0.168503)(-0.056273,0.170451,0.983758)(-0.0661497,-0.184141,-0.0314564))

Frame 26
Affine3((0.786665,0.614465,-0.0599242)(-0.613993,0.768502,-0.18005)(-0.0645824,0.178432,0.98183)(-0.061164,-0.190285,-0.0300824))

Frame 27
Affine3((0.792111,0.607722,-0.0568656)(-0.60633,0.772726,-0.187771)(-0.0701709,0.183215,0.980565)(-0.0570807,-0.193072,-0.0288555))

Frame 28
Affine3((0.800809,0.596579,-0.052899)(-0.594471,0.78101,-0.191384)(-0.072861,0.184709,0.980089)(-0.0541911,-0.192539,-0.0277991))

Frame 29
Affine3((0.812282,0.581271,-0.0481873)(-0.578587,0.792571,-0.192534)(-0.0737227,0.184273,0.980106)(-0.0517335,-0.189868,-0.0269184))

Frame 30
Affine3((0.825775,0.562359,-0.0429872)(-0.559354,0.806829,-0.190132)(-0.0722393,0.181052,0.980817)(-0.0502429,-0.184516,-0.0261614))

Frame 31
Affine3((0.840886,0.539915,-0.0374492)(-0.536712,0.822989,-0.186093)(-0.0696541,0.176582,0.981818)(-0.0487822,-0.177802,-0.0254938))

Frame 32
Affine3((0.856887,0.514522,-0.0318066)(-0.511307,0.840432,-0.179554)(-0.0656534,0.170121,0.983234)(-0.0477108,-0.169276,-0.0248443))

Frame 33
Affine3((0.873436,0.486233,-0.0262138)(-0.483104,0.858557,-0.171727)(-0.0609935,0.162657,0.984796)(-0.0464759,-0.1598,-0.0241736))

Frame 34
Affine3((0.889913,0.455653,-0.0208629)(-0.452755,0.876849,-0.161708)(-0.0553889,0.153351,0.986618)(-0.0454164,-0.148834,-0.0234026))

Frame 35
Affine3((0.905965,0.423055,-0.0158767)(-0.420462,0.894769,-0.150337)(-0.0493947,0.142875,0.988507)(-0.04416,-0.136993,-0.0224951))

Frame 36
Affine3((0.921222,0.388871,-0.0113722)(-0.38664,0.911915,-0.137552)(-0.0431197,0.131113,0.990429)(-0.0427135,-0.124268,-0.0213993))

Frame 37
Affine3((0.93548,0.353301,-0.00740504)(-0.351414,0.927871,-0.124756)(-0.0372055,0.119309,0.99216)(-0.0406286,-0.111688,-0.0201542))

Frame 38
Affine3((0.948452,0.316894,-0.00405431)(-0.315345,0.942389,-0.111631)(-0.0315544,0.107155,0.993741)(-0.0380919,-0.0990727,-0.0187323))

Frame 39
Affine3((0.959958,0.280141,-0.00135573)(-0.278918,0.955294,-0.0980665)(-0.0261773,0.0945179,0.995179)(-0.0352007,-0.0863575,-0.017116))

Frame 40
Affine3((0.969917,0.243436,0.0006906)(-0.242503,0.96644,-0.0847656)(-0.0213024,0.0820481,0.996401)(-0.031864,-0.0740742,-0.0153611))

Frame 41
Affine3((0.978262,0.207362,0.00210678)(-0.206679,0.975769,-0.0718238)(-0.0169492,0.0698271,0.997415)(-0.0281824,-0.0623107,-0.0134919))

Frame 42
Affine3((0.984995,0.172559,0.00293096)(-0.172095,0.983337,-0.0585859)(-0.0129916,0.0572024,0.998278)(-0.0243886,-0.0505637,-0.0114554))

Frame 43
Affine3((0.990251,0.13926,0.00324008)(-0.138957,0.989184,-0.0469721)(-0.00974637,0.0460639,0.998891)(-0.020299,-0.0402855,-0.00948924))

Frame 44
Affine3((0.994097,0.108454,0.00311998)(-0.108278,0.9935,-0.0351276)(-0.00690945,0.0345824,0.999378)(-0.0163397,-0.0300569,-0.0074085))

Frame 45
Affine3((0.996772,0.080245,0.00267602)(-0.080151,0.996456,-0.0255365)(-0.00471569,0.0252395,0.99967)(-0.0123786,-0.0217583,-0.00557071))

Frame 46
Affine3((0.998441,0.0557867,0.0020335)(-0.0557469,0.998315,-0.0160994)(-0.0029282,0.0159609,0.999868)(-0.00881615,-0.0137775,-0.00373691))

Frame 47
Affine3((0.999375,0.0353345,0.0013185)(-0.0353216,0.999338,-0.00876199)(-0.00162723,0.00870994,0.999961)(-0.00567207,-0.00758299,-0.00222838))

Frame 48
Affine3((0.999806,0.0196953,0.000659424)(-0.019693,0.999801,-0.0033254)(-0.000724769,0.00331173,0.999994)(-0.00318302,-0.0030119,-0.00106949))

Frame 49
Affine3((0.999956,0.00943588,0.000178096)(-0.00943573,0.999955,-0.000981006)(-0.000187326,0.000979275,1)(-0.00151099,-0.000968419,-0.000494421))

Frame 50
Affine3((0.999983,0.00575222,-4.93695e-006)(-0.00575227,0.999983,-0.00030746)(3.13098e-006,0.000307475,1)(-0.000909835,-0.00036487,-0.000315189))

