Frame 1
Affine3((1,-7.32224e-009,-4.01122e-009)(-7.32224e-009,1,1.50015e-008)(-4.01122e-009,1.50015e-008,1)(0,0,0))

Frame 2
Affine3((0.999933,-0.002725,-0.011222)(0.00276065,0.999991,0.0031647)(0.0112132,-0.00319548,0.999932)(-0.000299364,-0.00055287,-0.00245512))

Frame 3
Affine3((0.999256,-0.00925044,-0.0374388)(0.00949442,0.999935,0.00634357)(0.0373777,-0.00669429,0.999279)(-0.000947028,-0.00210243,-0.00782214))

Frame 4
Affine3((0.997348,-0.0169569,-0.0707746)(0.0173038,0.999841,0.00429164)(0.0706906,-0.00550491,0.997483)(-0.00192967,-0.00416922,-0.0140848))

Frame 5
Affine3((0.994015,-0.0250623,-0.106331)(0.0250018,0.999686,-0.00190242)(0.106346,-0.000767435,0.994329)(-0.00318785,-0.00637851,-0.020411))

Frame 6
Affine3((0.989577,-0.0328628,-0.140205)(0.0317836,0.999445,-0.00993005)(0.140453,0.00537037,0.990073)(-0.00458196,-0.00842629,-0.0262607))

Frame 7
Affine3((0.985058,-0.0392599,-0.167688)(0.0368405,0.999168,-0.0175158)(0.168236,0.0110764,0.985685)(-0.0058476,-0.0100335,-0.0309227))

Frame 8
Affine3((0.982177,-0.0426924,-0.183047)(0.0391601,0.998971,-0.0228705)(0.183835,0.0152947,0.982838)(-0.00659436,-0.0108804,-0.0334285))

Frame 9
Affine3((0.98154,-0.0433186,-0.186286)(0.0392779,0.998907,-0.0253283)(0.18718,0.0175438,0.982169)(-0.00671954,-0.0110466,-0.0338417))

Frame 10
Affine3((0.981841,-0.0424932,-0.184886)(0.0377476,0.998863,-0.0291145)(0.185913,0.0216068,0.982329)(-0.00652674,-0.0109126,-0.0332273))

Frame 11
Affine3((0.983434,-0.0401607,-0.176764)(0.0352727,0.998906,-0.0307098)(0.177804,0.0239661,0.983774)(-0.00601904,-0.0104118,-0.0314991))

Frame 12
Affine3((0.985818,-0.0365267,-0.163796)(0.0316818,0.998983,-0.0320951)(0.164802,0.0264505,0.985972)(-0.00528523,-0.00961708,-0.0288425))

Frame 13
Affine3((0.988658,-0.0320193,-0.14673)(0.0272508,0.999037,-0.0343941)(0.14769,0.0300055,0.988578)(-0.00433443,-0.00865181,-0.0253222))

Frame 14
Affine3((0.991813,-0.0263088,-0.124958)(0.0220675,0.999136,-0.0352051)(0.125776,0.0321594,0.991537)(-0.00332583,-0.00738794,-0.0210049))

Frame 15
Affine3((0.994863,-0.0194548,-0.0993392)(0.0160141,0.999248,-0.0353167)(0.0999515,0.0335445,0.994427)(-0.00235428,-0.00583834,-0.0159858))

Frame 16
Affine3((0.997467,-0.0124492,-0.0700276)(0.00994094,0.9993,-0.0360523)(0.0704274,0.0352649,0.996893)(-0.00130406,-0.00426731,-0.0102332))

Frame 17
Affine3((0.999295,-0.00440864,-0.0372742)(0.0030374,0.999319,-0.0367649)(0.037411,0.0366258,0.998628)(-0.000423193,-0.00247554,-0.00379312))

Frame 18
Affine3((0.999992,0.00373407,-0.00154738)(-0.00378702,0.999354,-0.0357469)(0.00141286,0.0357525,0.99936)(0.000249803,-0.000562027,0.00305055))

Frame 19
Affine3((0.999244,0.0127134,0.0367299)(-0.0114002,0.999296,-0.0357447)(-0.0371585,0.035299,0.998686)(0.000634894,0.00148182,0.0104976))

Frame 20
Affine3((0.996851,0.021251,0.0764027)(-0.0186173,0.999213,-0.0350203)(-0.0770868,0.0334876,0.996462)(0.000745267,0.00349075,0.0181313))

Frame 21
Affine3((0.992724,0.0301928,0.116562)(-0.0261921,0.999019,-0.0357036)(-0.117526,0.0323909,0.992541)(0.000510618,0.00549697,0.0260033))

Frame 22
Affine3((0.987414,0.0377504,0.153586)(-0.0327774,0.998857,-0.0347849)(-0.154724,0.029313,0.987523)(-3.55542e-005,0.00731904,0.0331035))

Frame 23
Affine3((0.981778,0.0437864,0.184917)(-0.0382176,0.998705,-0.0335745)(-0.186148,0.0258957,0.98218)(-0.000733286,0.00883152,0.0390663))

Frame 24
Affine3((0.977141,0.0477085,0.207169)(-0.0419643,0.998605,-0.0320364)(-0.208408,0.0226104,0.977781)(-0.00135992,0.00988471,0.0432318))

Frame 25
Affine3((0.974951,0.0488424,0.216992)(-0.0434149,0.998615,-0.0297126)(-0.218143,0.0195477,0.975721)(-0.00168484,0.0103494,0.0449041))

Frame 26
Affine3((0.974628,0.048715,0.218466)(-0.0436059,0.998652,-0.0281502)(-0.219543,0.0179096,0.975438)(-0.00173998,0.0104381,0.0450362))

Frame 27
Affine3((0.975258,0.0476629,0.215869)(-0.0429897,0.998729,-0.0262949)(-0.216848,0.0163642,0.976068)(-0.00166121,0.0103322,0.0443516))

Frame 28
Affine3((0.976562,0.0461448,0.210233)(-0.0418853,0.998818,-0.024671)(-0.211123,0.0152871,0.97734)(-0.00148246,0.0100867,0.0430991))

Frame 29
Affine3((0.978408,0.0441004,0.201926)(-0.0402943,0.998925,-0.022923)(-0.20272,0.0142916,0.979133)(-0.00123976,0.00972474,0.0413136))

Frame 30
Affine3((0.980592,0.0417112,0.191571)(-0.03835,0.999039,-0.0212212)(-0.192272,0.0134626,0.981249)(-0.000957608,0.00927114,0.03914))

Frame 31
Affine3((0.982963,0.0389797,0.179623)(-0.0360867,0.999161,-0.0193463)(-0.180226,0.0125347,0.983545)(-0.000662968,0.00874399,0.0366405))

Frame 32
Affine3((0.985342,0.036112,0.166725)(-0.0336484,0.999279,-0.0175786)(-0.167239,0.0117109,0.985847)(-0.000379264,0.00817036,0.0339667))

Frame 33
Affine3((0.987612,0.0332641,0.153349)(-0.0311637,0.999385,-0.0160813)(-0.15379,0.0111032,0.988041)(-0.00012137,0.00757123,0.0312278))

Frame 34
Affine3((0.989733,0.03037,0.139665)(-0.0286083,0.999484,-0.014605)(-0.140036,0.0104595,0.990091)(9.97782e-005,0.00695322,0.0284325))

Frame 35
Affine3((0.991562,0.0279155,0.126589)(-0.0262912,0.999549,-0.0144843)(-0.126936,0.0110339,0.991849)(0.00029318,0.00634278,0.0258829))

Frame 36
Affine3((0.993256,0.0251717,0.113177)(-0.0237916,0.999625,-0.0135284)(-0.113475,0.0107445,0.993483)(0.000440672,0.00571162,0.023194))

Frame 37
Affine3((0.99478,0.0220607,0.0996299)(-0.0210354,0.999714,-0.0113298)(-0.0998514,0.00917489,0.99496)(0.000531569,0.00508257,0.0203579))

Frame 38
Affine3((0.995977,0.0198395,0.0873853)(-0.0189174,0.999756,-0.0113671)(-0.0875895,0.00966827,0.99611)(0.00058721,0.00450496,0.0179884))

Frame 39
Affine3((0.997038,0.0168797,0.0750318)(-0.0162247,0.999825,-0.00933135)(-0.0751762,0.00808639,0.997137)(0.000619814,0.003891,0.015399))

Frame 40
Affine3((0.997858,0.0147482,0.0637295)(-0.0142165,0.99986,-0.00878991)(-0.0638502,0.00786507,0.997929)(0.000586435,0.00336929,0.0131612))

Frame 41
Affine3((0.998522,0.0122218,0.0529492)(-0.0118548,0.999904,-0.0072382)(-0.0530326,0.00659984,0.998571)(0.000561967,0.00281211,0.0109259))

Frame 42
Affine3((0.999019,0.00999272,0.0431347)(-0.00972734,0.999932,-0.00635853)(-0.0431953,0.00593273,0.999049)(0.000523329,0.00229718,0.00893799))

Frame 43
Affine3((0.999382,0.00854186,0.0341067)(-0.00834156,0.999947,-0.00601008)(-0.0341562,0.00572189,0.9994)(0.000390097,0.00190634,0.00717201))

Frame 44
Affine3((0.999641,0.00656808,0.0259582)(-0.00644977,0.999968,-0.00463865)(-0.0259879,0.00446959,0.999652)(0.000314057,0.00147288,0.00546347))

Frame 45
Affine3((0.999813,0.00444795,0.0188387)(-0.00438807,0.999985,-0.00321902)(-0.0188527,0.00313576,0.999817)(0.000290528,0.00102047,0.00394043))

Frame 46
Affine3((0.999912,0.00360065,0.0127785)(-0.00355315,0.999987,-0.00374147)(-0.0127919,0.00369574,0.999911)(0.000173658,0.000746325,0.00282803))

Frame 47
Affine3((0.999966,0.00247862,0.00782289)(-0.0024524,0.999991,-0.00335987)(-0.00783117,0.00334059,0.999964)(0.000107259,0.000474371,0.00183248))

Frame 48
Affine3((0.99999,0.00161619,0.00409611)(-0.00160412,0.999994,-0.00295189)(-0.00410088,0.00294533,0.999987)(5.09024e-005,0.000262707,0.00107406))

Frame 49
Affine3((0.999998,0.00088995,0.00171415)(-0.000887321,0.999998,-0.00152739)(-0.00171548,0.00152589,0.999997)(-6.03497e-006,0.000145562,0.000481389))

Frame 50
Affine3((0.999999,0.00067897,0.000845391)(-0.000678074,0.999999,-0.00106567)(-0.00084609,0.00106515,0.999999)(-3.28422e-005,0.000112072,0.000273194))

