Frame 1
Affine3((1,1.11454e-008,-1.65074e-009)(-9.38665e-009,1,5.3901e-009)(3.00047e-008,4.80722e-009,1)(0,0,0))

Frame 2
Affine3((0.999809,-0.0195669,4.17645e-007)(0.0195669,0.999809,-3.57402e-007)(-3.78142e-007,3.47872e-007,1)(0.00312481,0.000398621,-1.19209e-007))

Frame 3
Affine3((0.99755,-0.0699519,-4.61824e-007)(0.0699519,0.99755,-2.20133e-007)(4.00191e-007,1.78712e-007,1)(0.0112075,0.00114436,0))

Frame 4
Affine3((0.99013,-0.140153,-1.18901e-006)(0.140153,0.99013,-4.1988e-006)(1.75813e-006,3.96544e-006,1)(0.0225633,0.0014977,-4.76837e-007))

Frame 5
Affine3((0.97539,-0.220488,-2.65942e-006)(0.220488,0.97539,-7.1594e-006)(4.22273e-006,6.40042e-006,1)(0.035694,0.000907719,-2.38419e-007))

Frame 6
Affine3((0.953248,-0.302188,-1.84877e-006)(0.302188,0.953248,-8.43031e-006)(4.24774e-006,7.51032e-006,1)(0.0492079,-0.00083147,-9.53674e-007))

Frame 7
Affine3((0.926023,-0.377466,-1.04112e-007)(0.377466,0.926023,-5.17956e-006)(2.0538e-006,4.76524e-006,1)(0.0618114,-0.00351764,-7.15256e-007))

Frame 8
Affine3((0.898221,-0.439543,7.33798e-009)(0.439543,0.898222,-4.92906e-006)(2.12901e-006,4.39526e-006,1)(0.0723204,-0.00658835,-7.15256e-007))

Frame 9
Affine3((0.875895,-0.482502,1.1439e-006)(0.482502,0.875895,3.88103e-007)(-1.18971e-006,2.17928e-007,1)(0.0796642,-0.00920099,0))

Frame 10
Affine3((0.865736,-0.500501,3.82153e-008)(0.500501,0.865736,6.69529e-007)(-3.17189e-007,-6.07027e-007,1)(0.0827564,-0.0104252,1.19209e-007))

Frame 11
Affine3((0.867579,-0.497299,-2.4169e-006)(0.497299,0.867579,-4.68849e-006)(4.44548e-006,2.8705e-006,1)(0.0822001,-0.0102052,-5.96046e-007))

Frame 12
Affine3((0.876249,-0.481859,-1.44019e-006)(0.481859,0.876249,-4.35895e-006)(3.36481e-006,3.18221e-006,1)(0.079549,-0.00916156,0))

Frame 13
Affine3((0.890341,-0.455295,-3.40172e-006)(0.455295,0.890341,-8.96593e-006)(7.08112e-006,6.46005e-006,1)(0.0749998,-0.0075009,-4.76837e-007))

Frame 14
Affine3((0.908181,-0.418578,4.87737e-007)(0.418578,0.908181,-4.90629e-006)(1.60416e-006,4.59767e-006,1)(0.0687595,-0.00545931,0))

Frame 15
Affine3((0.927991,-0.372603,6.90335e-007)(0.372603,0.927991,-7.18552e-006)(2.0553e-006,6.93233e-006,1)(0.0609932,-0.0033115,-2.38419e-007))

Frame 16
Affine3((0.947979,-0.318334,-1.89448e-006)(0.318334,0.947979,-1.14057e-005)(5.40221e-006,1.02267e-005,1)(0.0518973,-0.00131862,-9.53674e-007))

Frame 17
Affine3((0.966443,-0.256882,-2.47476e-006)(0.256882,0.966443,-1.67317e-005)(6.73897e-006,1.55015e-005,1)(0.0416916,0.000271454,-2.14577e-006))

Frame 18
Affine3((0.981876,-0.189525,-1.63989e-006)(0.189525,0.981876,-1.71715e-005)(4.85591e-006,1.65618e-005,1)(0.0306142,0.00125325,-2.38419e-006))

Frame 19
Affine3((0.993048,-0.117712,-2.29323e-006)(0.117712,0.993048,-1.30006e-005)(3.78297e-006,1.26511e-005,1)(0.0189188,0.00146343,-1.66893e-006))

Frame 20
Affine3((0.999073,-0.043038,-3.48185e-006)(0.043038,0.999073,-1.8683e-005)(4.27526e-006,1.85344e-005,1)(0.00687859,0.000779048,-2.26498e-006))

Frame 21
Affine3((0.999463,0.0327646,-3.59811e-006)(-0.0327646,0.999463,-1.52629e-005)(3.07918e-006,1.53641e-005,1)(-0.00521638,-0.000818968,-1.19209e-006))

Frame 22
Affine3((0.994157,0.107946,-3.11197e-006)(-0.107946,0.994157,-1.48088e-005)(1.44705e-006,1.50669e-005,1)(-0.0170865,-0.00331482,-1.19209e-006))

Frame 23
Affine3((0.983525,0.180773,-5.17534e-006)(-0.180773,0.983525,-1.35549e-005)(2.60693e-006,1.42732e-005,1)(-0.0284675,-0.00660774,-9.53674e-007))

Frame 24
Affine3((0.968351,0.249592,-1.67495e-006)(-0.249592,0.968351,-7.18477e-006)(-1.44723e-007,7.36349e-006,1)(-0.0391055,-0.0105303,-2.38419e-007))

Frame 25
Affine3((0.949781,0.312917,-2.2709e-006)(-0.312917,0.949781,-1.0372e-005)(-1.07193e-006,1.05683e-005,1)(-0.0487944,-0.0148852,-7.15256e-007))

Frame 26
Affine3((0.929264,0.369417,-2.62742e-006)(-0.369417,0.929264,-7.78612e-006)(-4.56041e-007,8.21234e-006,1)(-0.0573541,-0.0193944,-3.57628e-007))

Frame 27
Affine3((0.908472,0.417947,-6.63149e-006)(-0.417947,0.908472,-1.17771e-005)(1.12179e-006,1.34612e-005,1)(-0.0646381,-0.0237813,-7.15256e-007))

Frame 28
Affine3((0.88921,0.457499,-2.65446e-006)(-0.457499,0.88921,-3.99529e-006)(5.3378e-007,4.76441e-006,1)(-0.0705217,-0.0277116,1.19209e-007))

Frame 29
Affine3((0.8733,0.487183,-2.10025e-006)(-0.487183,0.8733,-7.77771e-007)(1.49397e-006,1.70764e-006,1)(-0.074907,-0.030897,0))

Frame 30
Affine3((0.862495,0.506066,4.73836e-007)(-0.506066,0.862495,1.81881e-006)(5.23451e-007,-1.80318e-006,1)(-0.0776796,-0.0330307,3.57628e-007))

Frame 31
Affine3((0.857696,0.514158,-2.10109e-006)(-0.514158,0.857696,-2.13091e-006)(7.25949e-007,2.90623e-006,1)(-0.0788646,-0.033979,-2.38419e-007))

Frame 32
Affine3((0.858289,0.513166,-9.60779e-007)(-0.513166,0.858289,2.66614e-006)(2.18475e-006,-1.79629e-006,1)(-0.0787213,-0.0338574,4.76837e-007))

Frame 33
Affine3((0.86345,0.504435,-2.30758e-006)(-0.504435,0.86345,1.86315e-006)(2.96766e-006,-4.40058e-007,1)(-0.0774432,-0.0328445,2.38419e-007))

Frame 34
Affine3((0.872276,0.489013,-3.18207e-006)(-0.489013,0.872276,-3.09922e-006)(1.2245e-006,4.2756e-006,1)(-0.0751756,-0.0311037,-2.38419e-007))

Frame 35
Affine3((0.883855,0.46776,-5.27409e-007)(-0.46776,0.883855,1.31003e-006)(1.13637e-006,-9.1072e-007,1)(-0.0720408,-0.0287852,1.19209e-007))

Frame 36
Affine3((0.897269,0.441485,-1.20291e-006)(-0.441485,0.897269,2.5263e-006)(2.16415e-006,-1.73906e-006,1)(-0.0681465,-0.0260686,3.57628e-007))

Frame 37
Affine3((0.911674,0.410914,-2.36605e-006)(-0.410914,0.911674,-8.46704e-007)(1.80186e-006,1.74334e-006,1)(-0.0635875,-0.0231044,0))

Frame 38
Affine3((0.926306,0.376771,-4.00848e-007)(-0.376771,0.926306,-6.11595e-007)(9.04593e-008,7.19525e-007,1)(-0.0584623,-0.0200206,1.19209e-007))

Frame 39
Affine3((0.940494,0.339811,-7.29248e-007)(-0.339811,0.940494,1.9594e-006)(1.37652e-006,-1.59206e-006,1)(-0.0528816,-0.0169446,3.57628e-007))

Frame 40
Affine3((0.953681,0.300818,5.03654e-007)(-0.300818,0.953681,2.53846e-006)(3.18723e-007,-2.57967e-006,1)(-0.0469521,-0.0139845,3.57628e-007))

Frame 41
Affine3((0.965436,0.260641,-2.71571e-006)(-0.260641,0.965436,-4.05488e-006)(1.52871e-006,4.62072e-006,1)(-0.0408046,-0.0112366,-3.57628e-007))

Frame 42
Affine3((0.975473,0.220119,-2.25866e-006)(-0.220119,0.975473,1.44461e-006)(2.56958e-006,-9.15961e-007,1)(-0.0345646,-0.00874053,9.53674e-007))

Frame 43
Affine3((0.98363,0.180198,-1.27504e-007)(-0.180198,0.98363,2.50314e-006)(5.45739e-007,-2.42626e-006,1)(-0.0283757,-0.00656208,1.07288e-006))

Frame 44
Affine3((0.989888,0.141849,-6.48476e-007)(-0.141849,0.989888,1.24011e-006)(7.86429e-007,-1.12099e-006,1)(-0.0223984,-0.00472403,8.34465e-007))

Frame 45
Affine3((0.994356,0.106098,-1.08574e-006)(-0.106098,0.994356,-3.71845e-006)(7.11705e-007,3.8163e-006,1)(-0.0167952,-0.00323254,-3.57628e-007))

Frame 46
Affine3((0.997259,0.0739947,-7.93768e-007)(-0.0739947,0.997259,3.39003e-007)(8.55939e-007,-3.01569e-007,1)(-0.0117401,-0.00206065,0))

Frame 47
Affine3((0.998909,0.0467015,1.04548e-006)(-0.0467015,0.998909,1.19185e-006)(-1.03863e-006,-1.24433e-006,1)(-0.00742186,-0.0011974,2.38419e-007))

Frame 48
Affine3((0.999676,0.0254419,-2.03935e-006)(-0.0254419,0.999676,-5.02099e-006)(1.96117e-006,5.06785e-006,1)(-0.00405183,-0.000615686,-5.96046e-007))

Frame 49
Affine3((0.999933,0.0115497,-3.18763e-006)(-0.0115498,0.999933,-4.95943e-006)(3.17264e-006,4.96863e-006,1)(-0.00184369,-0.000269771,-5.96046e-007))

Frame 50
Affine3((0.999979,0.00653236,-3.53235e-007)(-0.00653237,0.999979,-3.02368e-007)(2.39842e-007,3.23722e-007,1)(-0.00104162,-0.000147283,-1.19209e-007))

