Frame 1
Affine3((1,-1.08179e-008,-1.65716e-008)(-4.08586e-009,1,-4.65784e-010)(-1.22809e-008,-1.66717e-008,1)(0,0,0))

Frame 2
Affine3((0.999808,-0.0195685,-1.12742e-005)(0.0195684,0.999809,-5.79396e-006)(1.14453e-005,5.60648e-006,1)(0.0031139,0.000393521,-2.74181e-006))

Frame 3
Affine3((0.99755,-0.0699515,-2.43871e-005)(0.0699516,0.99755,-1.11844e-005)(2.5156e-005,9.48686e-006,1)(0.0111844,0.00113518,-6.25849e-006))

Frame 4
Affine3((0.990129,-0.140158,3.85376e-006)(0.140158,0.990129,3.26575e-007)(-3.8646e-006,2.343e-007,1)(0.0225697,0.00150182,2.98023e-007))

Frame 5
Affine3((0.975388,-0.220495,-1.6005e-006)(0.220495,0.975388,-2.01804e-006)(2.0504e-006,1.64071e-006,1)(0.0356981,0.000912614,-1.13249e-006))

Frame 6
Affine3((0.953246,-0.302196,-9.78196e-007)(0.302196,0.953246,-1.53764e-006)(1.40803e-006,1.18039e-006,1)(0.049213,-0.000824392,-1.01328e-006))

Frame 7
Affine3((0.926022,-0.37747,-9.63951e-006)(0.37747,0.926022,-6.17695e-006)(1.1257e-005,2.0924e-006,1)(0.0618041,-0.00351457,-3.21865e-006))

Frame 8
Affine3((0.898218,-0.43955,-2.16309e-005)(0.43955,0.898218,-8.11454e-006)(2.29407e-005,-2.22781e-006,1)(0.0723027,-0.00658154,-5.84126e-006))

Frame 9
Affine3((0.875895,-0.482501,-3.92313e-005)(0.482501,0.875895,-1.92004e-005)(4.36619e-005,-2.09465e-006,1)(0.0796217,-0.0091989,-9.89437e-006))

Frame 10
Affine3((0.865735,-0.500502,-3.03255e-006)(0.500502,0.865735,-1.15325e-006)(3.24643e-006,-5.24527e-007,1)(0.0827534,-0.0104252,-7.7486e-007))

Frame 11
Affine3((0.867575,-0.497307,-3.66394e-005)(0.497307,0.867575,-1.87555e-005)(4.11347e-005,-1.92091e-006,1)(0.0821672,-0.0102013,-9.11951e-006))

Frame 12
Affine3((0.876248,-0.481861,-1.56813e-005)(0.481861,0.876248,-1.02518e-005)(1.8679e-005,1.42839e-006,1)(0.0795354,-0.00916006,-4.47035e-006))

Frame 13
Affine3((0.890338,-0.4553,-2.14927e-005)(0.4553,0.890338,-1.19514e-005)(2.45617e-005,8.51671e-007,1)(0.0749854,-0.00749539,-6.19888e-006))

Frame 14
Affine3((0.908181,-0.418578,-2.20097e-005)(0.418578,0.908181,-1.61438e-005)(2.6714e-005,5.45786e-006,1)(0.0687359,-0.00546045,-6.61612e-006))

Frame 15
Affine3((0.927993,-0.372599,-1.79413e-005)(0.372599,0.927993,-1.89139e-005)(2.36519e-005,1.08529e-005,1)(0.0609727,-0.00331511,-5.96046e-006))

Frame 16
Affine3((0.947977,-0.318337,-3.69353e-005)(0.318337,0.947977,-2.75739e-005)(4.38871e-005,1.43846e-005,1)(0.0518623,-0.00132293,-1.0848e-005))

Frame 17
Affine3((0.966441,-0.256888,-7.52033e-006)(0.256888,0.966441,-1.59269e-005)(1.14035e-005,1.34553e-005,1)(0.0416888,0.000273667,-3.8743e-006))

Frame 18
Affine3((0.981875,-0.18953,-3.68372e-005)(0.18953,0.981875,-3.06991e-005)(4.20022e-005,2.31611e-005,1)(0.0305804,0.00124748,-1.12653e-005))

Frame 19
Affine3((0.993048,-0.117713,-3.17257e-005)(0.117713,0.993048,-2.79439e-005)(3.47848e-005,2.40527e-005,1)(0.0188899,0.00145173,-1.00136e-005))

Frame 20
Affine3((0.999073,-0.0430432,-2.20287e-005)(0.0430432,0.999073,-2.26186e-005)(2.29769e-005,2.16646e-005,1)(0.00686201,0.000776256,-7.689e-006))

Frame 21
Affine3((0.999463,0.032765,-3.28454e-005)(-0.032765,0.999463,-2.90262e-005)(3.19076e-005,3.00927e-005,1)(-0.00524269,-0.0008328,-1.0252e-005))

Frame 22
Affine3((0.994157,0.107947,-3.61685e-005)(-0.107947,0.994157,-3.27025e-005)(3.24706e-005,3.64275e-005,1)(-0.0171155,-0.00333508,-1.07884e-005))

Frame 23
Affine3((0.983525,0.180773,-1.02692e-005)(-0.180773,0.983525,-1.37923e-005)(7.62936e-006,1.54132e-005,1)(-0.0284716,-0.00660884,-4.23193e-006))

Frame 24
Affine3((0.96835,0.249597,-1.91137e-005)(-0.249597,0.96835,-2.13227e-005)(1.31838e-005,2.54397e-005,1)(-0.0391183,-0.0105481,-5.84126e-006))

Frame 25
Affine3((0.949781,0.312917,-3.54575e-005)(-0.312917,0.949781,-2.49601e-005)(2.59084e-005,3.4826e-005,1)(-0.0488197,-0.0149084,-9.65595e-006))

Frame 26
Affine3((0.929265,0.369413,-3.24352e-005)(-0.369413,0.929265,-1.94229e-005)(2.30163e-005,3.00616e-005,1)(-0.0573757,-0.0194151,-8.52346e-006))

Frame 27
Affine3((0.908475,0.41794,-1.36359e-005)(-0.41794,0.908475,-1.14288e-005)(7.63397e-006,1.61341e-005,1)(-0.064643,-0.023782,-3.57628e-006))

Frame 28
Affine3((0.88921,0.457498,-2.26408e-005)(-0.457498,0.889211,-1.0843e-005)(1.51878e-005,2.00073e-005,1)(-0.0705351,-0.0277261,-5.72205e-006))

Frame 29
Affine3((0.873299,0.487184,-1.5575e-005)(-0.487184,0.873299,-8.70894e-006)(9.32793e-006,1.51896e-005,1)(-0.0749142,-0.0309095,-3.8147e-006))

Frame 30
Affine3((0.862494,0.506067,-2.98832e-005)(-0.506067,0.862494,-1.09098e-005)(2.02937e-005,2.45358e-005,1)(-0.0776985,-0.033057,-7.09295e-006))

Frame 31
Affine3((0.857699,0.514153,-2.10612e-005)(-0.514153,0.857699,-6.45639e-006)(1.47487e-005,1.63472e-005,1)(-0.0788774,-0.0339908,-5.00679e-006))

Frame 32
Affine3((0.858289,0.513167,-2.29665e-005)(-0.513167,0.858289,-7.89349e-006)(1.56362e-005,1.85008e-005,1)(-0.0787341,-0.0338771,-5.30481e-006))

Frame 33
Affine3((0.863449,0.504436,-1.23669e-005)(-0.504436,0.863449,-2.51589e-006)(9.43741e-006,8.44553e-006,1)(-0.077449,-0.0328526,-2.6226e-006))

Frame 34
Affine3((0.872281,0.489005,-3.31234e-005)(-0.489005,0.872281,-1.42275e-005)(2.1975e-005,2.86658e-005,1)(-0.0751939,-0.0311254,-7.62939e-006))

Frame 35
Affine3((0.883854,0.467762,-1.23178e-005)(-0.467762,0.883854,-3.21759e-006)(9.40794e-006,8.59828e-006,1)(-0.0720489,-0.0287947,-2.563e-006))

Frame 36
Affine3((0.897269,0.441484,-3.06047e-005)(-0.441484,0.897269,-1.25286e-005)(2.1947e-005,2.47874e-005,1)(-0.0681647,-0.0260944,-7.09295e-006))

Frame 37
Affine3((0.911676,0.410911,-2.78601e-005)(-0.410911,0.911676,-1.01551e-005)(2.1236e-005,2.07138e-005,1)(-0.0636051,-0.023122,-6.55651e-006))

Frame 38
Affine3((0.926307,0.376769,-1.8572e-005)(-0.376769,0.926307,-5.31737e-006)(1.52025e-005,1.19234e-005,1)(-0.0584764,-0.0200317,-4.29153e-006))

Frame 39
Affine3((0.940494,0.339811,-2.77351e-005)(-0.339811,0.940494,-1.00679e-005)(2.27072e-005,1.88788e-005,1)(-0.0529015,-0.0169653,-6.55651e-006))

Frame 40
Affine3((0.953679,0.300826,-1.75669e-005)(-0.300826,0.953679,-9.24615e-006)(1.40116e-005,1.4089e-005,1)(-0.046966,-0.0140016,-4.35114e-006))

Frame 41
Affine3((0.965437,0.260638,-2.16007e-005)(-0.260638,0.965437,-1.12215e-005)(1.79367e-005,1.64696e-005,1)(-0.0408191,-0.0112464,-5.24521e-006))

Frame 42
Affine3((0.975473,0.22012,-2.03025e-005)(-0.22012,0.975473,-1.0827e-005)(1.74794e-005,1.50784e-005,1)(-0.0345783,-0.00875618,-4.88758e-006))

Frame 43
Affine3((0.98363,0.1802,-4.29258e-005)(-0.1802,0.98363,-2.24146e-005)(3.82267e-005,2.9795e-005,1)(-0.0284113,-0.00659378,-1.06096e-005))

Frame 44
Affine3((0.989888,0.141854,-2.21015e-005)(-0.141854,0.989888,-1.093e-005)(2.0318e-005,1.39721e-005,1)(-0.0224171,-0.00473901,-5.54323e-006))

Frame 45
Affine3((0.994356,0.106094,-1.72642e-005)(-0.106094,0.994356,-8.73629e-006)(1.62621e-005,1.05595e-005,1)(-0.0168093,-0.00323906,-4.23193e-006))

Frame 46
Affine3((0.997258,0.0739985,-1.22912e-005)(-0.0739986,0.997258,-6.21378e-006)(1.17717e-005,7.10792e-006,1)(-0.0117506,-0.00206794,-3.15905e-006))

Frame 47
Affine3((0.998909,0.0466996,-2.29988e-005)(-0.0466996,0.998909,-1.1592e-005)(2.24016e-005,1.26339e-005,1)(-0.00744399,-0.00121172,-5.72205e-006))

Frame 48
Affine3((0.999677,0.0254317,-3.22172e-005)(-0.0254317,0.999677,-1.6425e-005)(3.18192e-005,1.72532e-005,1)(-0.00407839,-0.000626645,-7.98702e-006))

Frame 49
Affine3((0.999933,0.0115403,-6.09673e-006)(-0.0115402,0.999933,-2.92336e-006)(6.11297e-006,3.0303e-006,1)(-0.00184457,-0.000266859,-1.49012e-006))

Frame 50
Affine3((0.999979,0.00653499,-2.62719e-005)(-0.00653498,0.999979,-1.36369e-005)(2.61798e-005,1.37975e-005,1)(-0.00106633,-0.000160323,-6.3777e-006))

