Frame 1
Affine3((1,2.17219e-009,1.14759e-008)(-1.90868e-008,1,-4.34287e-009)(4.15013e-009,7.78278e-009,1)(0,0,0))

Frame 2
Affine3((0.999809,-0.0195367,1.26556e-006)(0.0195367,0.999809,-7.10687e-006)(-1.13705e-006,7.12684e-006,1)(0.00312185,0.000397176,-3.57628e-007))

Frame 3
Affine3((0.997552,-0.0699312,-6.62208e-008)(0.0699313,0.997552,-3.89963e-006)(3.23451e-007,3.89387e-006,1)(0.0112054,0.00114411,-4.76837e-007))

Frame 4
Affine3((0.990129,-0.140159,2.48978e-006)(0.140159,0.990129,-1.09279e-006)(-2.30834e-006,1.44432e-006,1)(0.0225687,0.00150047,3.57628e-007))

Frame 5
Affine3((0.975389,-0.220491,9.04253e-007)(0.220491,0.975389,-2.73061e-006)(-2.97337e-007,2.86342e-006,1)(0.0356998,0.000912488,-2.38419e-007))

Frame 6
Affine3((0.953247,-0.302191,1.78658e-006)(0.302191,0.953247,-2.39774e-006)(-9.85295e-007,2.83068e-006,1)(0.0492146,-0.000824805,-1.19209e-007))

Frame 7
Affine3((0.926025,-0.377463,1.91755e-006)(0.377463,0.926025,-2.00772e-006)(-1.00281e-006,2.59279e-006,1)(0.0618152,-0.00351331,0))

Frame 8
Affine3((0.898224,-0.439537,2.75678e-006)(0.439537,0.898224,-1.9134e-006)(-1.62968e-006,2.94899e-006,1)(0.0723253,-0.00658339,2.38419e-007))

Frame 9
Affine3((0.875906,-0.482482,1.75445e-006)(0.482482,0.875906,-2.68184e-006)(-2.65236e-007,3.21156e-006,1)(0.0796625,-0.00919926,0))

Frame 10
Affine3((0.865733,-0.500506,1.27771e-006)(0.500506,0.865733,4.92343e-007)(-1.36091e-006,2.19025e-007,1)(0.0827579,-0.0104267,2.38419e-007))

Frame 11
Affine3((0.86758,-0.497298,2.33292e-006)(0.497298,0.86758,-1.48604e-006)(-1.30459e-006,2.45908e-006,1)(0.0822072,-0.0102032,2.38419e-007))

Frame 12
Affine3((0.876248,-0.48186,4.30654e-007)(0.48186,0.876248,-2.61231e-006)(8.63936e-007,2.4995e-006,1)(0.079552,-0.00916078,-3.57628e-007))

Frame 13
Affine3((0.890342,-0.455291,-1.70234e-007)(0.455292,0.890342,-5.94355e-006)(2.84505e-006,5.2093e-006,1)(0.0750052,-0.00749747,-1.43051e-006))

Frame 14
Affine3((0.908183,-0.418573,2.29122e-006)(0.418573,0.908183,-6.06682e-006)(4.66303e-007,6.47957e-006,1)(0.0687607,-0.00546014,-1.07288e-006))

Frame 15
Affine3((0.927995,-0.372592,3.1947e-006)(0.372592,0.927995,-8.15031e-006)(6.54453e-008,8.76693e-006,1)(0.0609946,-0.00331151,-1.07288e-006))

Frame 16
Affine3((0.947984,-0.318317,1.86215e-006)(0.318317,0.947984,-1.19733e-005)(2.03816e-006,1.19498e-005,1)(0.0519003,-0.00131598,-1.90735e-006))

Frame 17
Affine3((0.966446,-0.256868,3.47477e-006)(0.256868,0.966446,-1.39805e-005)(2.13311e-007,1.44155e-005,1)(0.0416983,0.00027699,-1.66893e-006))

Frame 18
Affine3((0.981877,-0.18952,1.36446e-006)(0.18952,0.981877,-1.44897e-005)(1.3891e-006,1.44766e-005,1)(0.0306178,0.00125735,-2.26498e-006))

Frame 19
Affine3((0.993049,-0.117704,1.4758e-006)(0.117704,0.993049,-1.46848e-005)(2.49397e-007,1.47709e-005,1)(0.0189219,0.0014624,-2.14577e-006))

Frame 20
Affine3((0.999073,-0.0430361,-9.46673e-008)(0.0430361,0.999073,-1.55191e-005)(7.28603e-007,1.55198e-005,1)(0.0068824,0.000783384,-2.6226e-006))

Frame 21
Affine3((0.999462,0.0327819,8.03468e-007)(-0.0327819,0.999462,-1.75115e-005)(-1.37743e-006,1.74801e-005,1)(-0.00521362,-0.000818104,-2.5034e-006))

Frame 22
Affine3((0.994156,0.107956,-1.36111e-006)(-0.107956,0.994156,-1.70095e-005)(-4.98495e-007,1.70543e-005,1)(-0.0170858,-0.00331569,-2.98023e-006))

Frame 23
Affine3((0.983523,0.180785,-2.3644e-006)(-0.180785,0.983523,-1.34071e-005)(-1.22385e-007,1.36086e-005,1)(-0.0284663,-0.006605,-2.74181e-006))

Frame 24
Affine3((0.968345,0.249616,-1.03004e-006)(-0.249616,0.968345,-1.60578e-005)(-3.03286e-006,1.58089e-005,1)(-0.0391061,-0.010537,-2.74181e-006))

Frame 25
Affine3((0.949772,0.312941,-3.92697e-006)(-0.312941,0.949772,-1.09921e-005)(2.54836e-007,1.16856e-005,1)(-0.0488006,-0.0148831,-2.02656e-006))

Frame 26
Affine3((0.929261,0.369424,-2.2757e-006)(-0.369423,0.929261,-7.90755e-006)(-8.14569e-007,8.19323e-006,1)(-0.0573554,-0.0193931,-1.19209e-006))

Frame 27
Affine3((0.908466,0.417958,-1.05825e-006)(-0.417958,0.908467,-6.56092e-006)(-1.79026e-006,6.40218e-006,1)(-0.0646377,-0.0237704,-8.34465e-007))

Frame 28
Affine3((0.889203,0.457513,-2.16328e-006)(-0.457513,0.889203,-3.71972e-006)(2.35581e-007,4.29352e-006,1)(-0.0705247,-0.0277092,-8.34465e-007))

Frame 29
Affine3((0.873295,0.487191,-6.59167e-008)(-0.487191,0.873295,3.55954e-007)(2.57322e-007,-2.79237e-007,1)(-0.0749076,-0.0308939,1.19209e-007))

Frame 30
Affine3((0.862488,0.506077,-6.40084e-007)(-0.506077,0.862488,-2.29103e-006)(-6.26841e-007,2.29166e-006,1)(-0.077681,-0.0330346,-2.38419e-007))

Frame 31
Affine3((0.857684,0.514177,1.15281e-006)(-0.514177,0.857684,-2.56953e-006)(-2.32224e-006,1.61258e-006,1)(-0.0788666,-0.0339741,0))

Frame 32
Affine3((0.85828,0.513181,2.42155e-006)(-0.513181,0.85828,-2.5802e-006)(-3.41755e-006,9.70685e-007,1)(-0.0787186,-0.0338591,2.38419e-007))

Frame 33
Affine3((0.863442,0.504448,3.09513e-006)(-0.504448,0.863442,-6.93708e-007)(-3.03693e-006,-9.71172e-007,1)(-0.0774395,-0.0328422,5.96046e-007))

Frame 34
Affine3((0.872276,0.489014,-1.60333e-006)(-0.489014,0.872276,6.87949e-007)(1.74494e-006,1.7492e-007,1)(-0.0751773,-0.0310974,0))

Frame 35
Affine3((0.883843,0.467783,-9.69191e-007)(-0.467783,0.883843,-2.92154e-006)(-5.21462e-007,3.03391e-006,1)(-0.0720438,-0.0287873,-3.57628e-007))

Frame 36
Affine3((0.897258,0.441507,1.70923e-006)(-0.441507,0.897258,-2.62338e-006)(-2.71199e-006,1.60035e-006,1)(-0.068146,-0.0260696,1.19209e-007))

Frame 37
Affine3((0.911665,0.410934,1.23834e-006)(-0.410934,0.911665,-3.39166e-006)(-2.54241e-006,2.57686e-006,1)(-0.063587,-0.0231019,0))

Frame 38
Affine3((0.926301,0.376784,-2.67039e-006)(-0.376784,0.926301,-2.8752e-006)(1.37886e-006,3.66628e-006,1)(-0.0584663,-0.0200221,-7.15256e-007))

Frame 39
Affine3((0.940486,0.339832,1.02136e-006)(-0.339832,0.940486,-6.55908e-006)(-3.205e-006,5.81859e-006,1)(-0.0528803,-0.0169504,-5.96046e-007))

Frame 40
Affine3((0.953678,0.30083,4.1115e-007)(-0.30083,0.953678,-3.26757e-006)(-1.38075e-006,3.00001e-006,1)(-0.046952,-0.0139909,-2.38419e-007))

Frame 41
Affine3((0.965437,0.260637,-9.67517e-008)(-0.260637,0.965437,-3.37533e-006)(-7.99701e-007,3.29147e-006,1)(-0.0408015,-0.0112348,-4.76837e-007))

Frame 42
Affine3((0.975468,0.220141,1.96037e-007)(-0.220141,0.975468,-2.47276e-006)(-7.69946e-007,2.38014e-006,1)(-0.0345645,-0.00874084,-2.38419e-007))

Frame 43
Affine3((0.983626,0.18022,3.5329e-007)(-0.18022,0.983626,-3.66286e-006)(-1.01341e-006,3.5332e-006,1)(-0.0283772,-0.00656606,-3.57628e-007))

Frame 44
Affine3((0.989887,0.141859,8.90223e-007)(-0.141859,0.989887,-3.54706e-006)(-1.40443e-006,3.39729e-006,1)(-0.0223972,-0.0047286,-2.38419e-007))

Frame 45
Affine3((0.994353,0.10612,8.62843e-007)(-0.10612,0.994353,-5.25372e-006)(-1.40967e-006,5.12427e-006,1)(-0.0167962,-0.00322939,-3.57628e-007))

Frame 46
Affine3((0.997258,0.0740071,5.74704e-007)(-0.0740072,0.997258,-6.4375e-007)(-6.26133e-007,6.11341e-007,1)(-0.0117401,-0.00206015,0))

Frame 47
Affine3((0.998908,0.046712,3.74707e-006)(-0.046712,0.998908,-4.65745e-006)(-3.963e-006,4.46627e-006,1)(-0.00742011,-0.00120227,3.57628e-007))

Frame 48
Affine3((0.999676,0.0254481,7.58672e-007)(-0.0254481,0.999676,-2.52259e-006)(-8.4299e-007,2.5014e-006,1)(-0.0040496,-0.000609934,0))

Frame 49
Affine3((0.999933,0.0115645,2.56737e-006)(-0.0115644,0.999933,-4.5783e-006)(-2.65468e-006,4.57311e-006,1)(-0.00183879,-0.000264458,0))

Frame 50
Affine3((0.999978,0.00656065,-1.28814e-006)(-0.00656064,0.999978,-1.76602e-006)(1.2438e-006,1.79791e-006,1)(-0.0010463,-0.000144131,-3.57628e-007))

