Frame 1
Affine3((1,4.54931e-009,-1.16147e-009)(-1.57816e-009,1,1.31175e-011)(-1.06883e-009,1.60401e-009,1)(0,0,0))

Frame 2
Affine3((0.997024,-0.0769747,0.00427339)(0.0769307,0.99699,0.00966428)(-0.00500444,-0.00930678,0.999944)(0.0159636,0.025087,7.65324e-005))

Frame 3
Affine3((0.961254,-0.275313,0.013918)(0.274693,0.96088,0.0353984)(-0.0231192,-0.0302037,0.999276)(0.0697764,0.0827992,0.0013448))

Frame 4
Affine3((0.844896,-0.534446,0.0227854)(0.531809,0.843798,0.0720054)(-0.0577092,-0.0487196,0.997144)(0.169125,0.138668,0.0057708))

Frame 5
Affine3((0.62643,-0.779043,0.0260395)(0.772415,0.624895,0.113497)(-0.104691,-0.0509847,0.993197)(0.304958,0.157534,0.014303))

Frame 6
Affine3((0.332154,-0.942963,0.0222629)(0.93081,0.331507,0.153936)(-0.152536,-0.0304079,0.98783)(0.449313,0.120487,0.0261496))

Frame 7
Affine3((0.0226124,-0.999653,0.0135035)(0.981649,0.0247594,0.189085)(-0.189354,0.00898005,0.981868)(0.570638,0.0346132,0.0393618))

Frame 8
Affine3((-0.240786,-0.970571,0.0038193)(0.94758,-0.234227,0.217326)(-0.210035,0.0559481,0.976092)(0.651286,-0.0729569,0.051852))

Frame 9
Affine3((-0.420147,-0.907453,-0.00223686)(0.880833,-0.408412,0.239444)(-0.218198,0.0986315,0.970908)(0.693527,-0.16995,0.0621493))

Frame 10
Affine3((-0.500966,-0.865467,-0.000260986)(0.836245,-0.484129,0.257512)(-0.222994,0.128787,0.966275)(0.712468,-0.230345,0.0695257))

Frame 11
Affine3((-0.507449,-0.861624,0.0100396)(0.829913,-0.485572,0.274708)(-0.23182,0.147732,0.961475)(0.724941,-0.255215,0.0751654))

Frame 12
Affine3((-0.472115,-0.881169,0.0254932)(0.846351,-0.444992,0.292699)(-0.246573,0.159764,0.955865)(0.738658,-0.258784,0.0807822))

Frame 13
Affine3((-0.396888,-0.916741,0.045464)(0.877647,-0.364529,0.311214)(-0.268729,0.163418,0.949252)(0.754957,-0.241328,0.0867423))

Frame 14
Affine3((-0.282743,-0.956675,0.0694925)(0.911623,-0.245481,0.329671)(-0.298329,0.156563,0.941535)(0.772623,-0.203113,0.0932204))

Frame 15
Affine3((-0.131995,-0.986473,0.0972007)(0.933337,-0.0906578,0.347367)(-0.333856,0.136572,0.932678)(0.788404,-0.144548,0.100279))

Frame 16
Affine3((0.0490782,-0.990529,0.12823)(0.926926,0.0929891,0.363539)(-0.372021,0.101018,0.922711)(0.797552,-0.0669725,0.107883))

Frame 17
Affine3((0.249199,-0.954774,0.162193)(0.878348,0.293365,0.377413)(-0.407926,0.0484109,0.91173)(0.794558,0.0268647,0.115918))

Frame 18
Affine3((0.452084,-0.869571,0.19866)(0.778356,0.493365,0.388268)(-0.435639,-0.0209018,0.899879)(0.774209,0.132301,0.124223))

Frame 19
Affine3((0.638309,-0.732357,0.237097)(0.625153,0.672901,0.39546)(-0.449161,-0.104204,0.887354)(0.732727,0.242863,0.132599))

Frame 20
Affine3((0.78856,-0.54911,0.276861)(0.425755,0.81235,0.398523)(-0.443741,-0.196385,0.874372)(0.668885,0.350921,0.140856))

Frame 21
Affine3((0.887809,-0.333385,0.317254)(0.194905,0.896866,0.397042)(-0.416902,-0.290663,0.861225)(0.584305,0.448846,0.14874))

Frame 22
Affine3((0.928109,-0.103957,0.357501)(-0.0475844,0.91923,0.390836)(-0.369256,-0.37975,0.848198)(0.483626,0.530291,0.156025))

Frame 23
Affine3((0.910182,0.119114,0.396713)(-0.280915,0.881352,0.379877)(-0.304395,-0.457199,0.835651)(0.37361,0.591249,0.162447))

Frame 24
Affine3((0.842631,0.318702,0.434054)(-0.487726,0.793346,0.364315)(-0.228247,-0.518682,0.823937)(0.262013,0.630647,0.167747))

Frame 25
Affine3((0.739536,0.483225,0.468594)(-0.656665,0.670904,0.344499)(-0.147911,-0.562478,0.813475)(0.15636,0.650177,0.171628))

Frame 26
Affine3((0.617408,0.607762,0.499433)(-0.783471,0.532044,0.321095)(-0.0705708,-0.589538,0.804652)(0.0630703,0.653795,0.173847))

Frame 27
Affine3((0.491588,0.694218,0.52574)(-0.870825,0.393495,0.294662)(-0.00231664,-0.60268,0.79798)(-0.0132242,0.646263,0.173989))

Frame 28
Affine3((0.375336,0.748534,0.546644)(-0.92543,0.269563,0.266298)(0.0519781,-0.605832,0.793893)(-0.0694233,0.63269,0.171789))

Frame 29
Affine3((0.277946,0.779505,0.561353)(-0.956461,0.170408,0.236947)(0.0890418,-0.602771,0.79293)(-0.103834,0.616946,0.16682))

Frame 30
Affine3((0.206373,0.796002,0.569026)(-0.972631,0.10343,0.208064)(0.106765,-0.596391,0.795562)(-0.115747,0.601461,0.158805))

Frame 31
Affine3((0.160808,0.806398,0.569089)(-0.981472,0.0697908,0.178443)(0.104179,-0.58724,0.80268)(-0.104508,0.585235,0.146588))

Frame 32
Affine3((0.137425,0.815761,0.561826)(-0.987013,0.0651463,0.146837)(0.0831831,-0.574709,0.814119)(-0.0723466,0.566222,0.130204))

Frame 33
Affine3((0.135622,0.82559,0.54773)(-0.989634,0.0865276,0.114618)(0.0472336,-0.557597,0.828767)(-0.0239172,0.542451,0.111121))

Frame 34
Affine3((0.154502,0.835491,0.527336)(-0.987992,0.130401,0.082866)(0.000468772,-0.533807,0.845606)(0.0354979,0.511089,0.0906487))

Frame 35
Affine3((0.193127,0.843484,0.501235)(-0.979773,0.193081,0.0525908)(-0.0524192,-0.501253,0.863712)(0.100003,0.469625,0.0699568))

Frame 36
Affine3((0.250123,0.84642,0.470118)(-0.962361,0.270645,0.0247377)(-0.106297,-0.458611,0.882257)(0.163264,0.416759,0.0500612))

Frame 37
Affine3((0.323233,0.840503,0.434828)(-0.933377,0.358898,9.97482e-005)(-0.155975,-0.405891,0.900513)(0.219062,0.353033,0.031794))

Frame 38
Affine3((0.408905,0.822057,0.396256)(-0.891132,0.453269,-0.020756)(-0.196673,-0.344629,0.917906)(0.261953,0.280918,0.015765))

Frame 39
Affine3((0.502533,0.788132,0.355398)(-0.834856,0.549195,-0.0374092)(-0.224666,-0.277907,0.933966)(0.288028,0.204736,0.00239837))

Frame 40
Affine3((0.598775,0.737072,0.313359)(-0.764771,0.642386,-0.0496524)(-0.237895,-0.209917,0.948336)(0.295616,0.130006,-0.00807011))

Frame 41
Affine3((0.69183,0.669209,0.271165)(-0.682366,0.728743,-0.0575292)(-0.236109,-0.145234,0.960812)(0.285417,0.0623317,-0.0156075))

Frame 42
Affine3((0.776467,0.586738,0.229864)(-0.590142,0.804972,-0.0612632)(-0.22098,-0.0880835,0.971293)(0.260415,0.00654577,-0.0203359))

Frame 43
Affine3((0.848575,0.493602,0.19047)(-0.491543,0.868693,-0.0613099)(-0.195722,-0.0415979,0.979777)(0.225278,-0.0342248,-0.0225328))

Frame 44
Affine3((0.90566,0.395092,0.153892)(-0.390834,0.918612,-0.0583129)(-0.164406,-0.00733445,0.986366)(0.185366,-0.0590768,-0.0225964))

Frame 45
Affine3((0.94714,0.297151,0.120943)(-0.292752,0.954715,-0.0530552)(-0.131232,0.0148443,0.991241)(0.145763,-0.0693108,-0.0210185))

Frame 46
Affine3((0.974233,0.205756,0.0923808)(-0.202196,0.978242,-0.0464781)(-0.0999339,0.0266015,0.994638)(0.110537,-0.068072,-0.0183747))

Frame 47
Affine3((0.989563,0.126581,0.0688665)(-0.124073,0.991484,-0.0395728)(-0.0732891,0.0306153,0.996841)(0.0822179,-0.0596401,-0.0152763))

Frame 48
Affine3((0.996602,0.0646332,0.0510609)(-0.0629764,0.997455,-0.0334161)(-0.0530908,0.0300869,0.998136)(0.0619016,-0.0487232,-0.0123546))

Frame 49
Affine3((0.998914,0.0243628,0.0397065)(-0.0232186,0.999309,-0.0290275)(-0.0403862,0.028074,0.99879)(0.0497137,-0.0396871,-0.0102208))

Frame 50
Affine3((0.999313,0.0100337,0.0356677)(-0.00905929,0.999584,-0.0273748)(-0.0359276,0.0270329,0.998989)(0.0455486,-0.036104,-0.00940812))

