Frame 1
Affine3((1,7.18371e-010,3.47128e-009)(-4.79752e-010,1,-1.99174e-010)(4.66554e-010,-2.83234e-009,1)(0,0,0))

Frame 2
Affine3((0.996987,-0.0774219,0.00480718)(0.0774371,0.996993,-0.0030589)(-0.00455588,0.00342193,0.999984)(0.0150448,0.0136649,0.000875711))

Frame 3
Affine3((0.960979,-0.276199,0.0152948)(0.27626,0.961081,-0.00201629)(-0.0141426,0.00616295,0.999881)(0.0600335,0.0503027,0.00285101))

Frame 4
Affine3((0.84416,-0.535499,0.0251864)(0.535533,0.844493,0.00595)(-0.0244559,0.00846538,0.999665)(0.13628,0.0883056,0.0066908))

Frame 5
Affine3((0.62498,-0.780068,0.0299097)(0.779925,0.625589,0.0188566)(-0.0334206,0.0115423,0.999375)(0.237246,0.104084,0.0129573))

Frame 6
Affine3((0.329325,-0.943792,0.0282986)(0.943314,0.330173,0.0338361)(-0.0412777,0.0155514,0.999027)(0.346243,0.0840199,0.0213111))

Frame 7
Affine3((0.0171704,-0.999597,0.0226274)(0.998605,0.0182746,0.0495321)(-0.0499257,0.0217453,0.998516)(0.444226,0.0294488,0.0307653))

Frame 8
Affine3((-0.250487,-0.96797,0.0170698)(0.966193,-0.248838,0.0674581)(-0.0610497,0.0333901,0.997576)(0.519089,-0.0464171,0.0403466))

Frame 9
Affine3((-0.436215,-0.899693,0.0163985)(0.896628,-0.433045,0.0923631)(-0.0759972,0.0549934,0.99559)(0.570273,-0.126397,0.0496389))

Frame 10
Affine3((-0.526793,-0.849622,0.0251246)(0.844203,-0.519531,0.131943)(-0.0990489,0.090717,0.990939)(0.608213,-0.195531,0.0595758))

Frame 11
Affine3((-0.548472,-0.83502,0.0438295)(0.825427,-0.532306,0.18794)(-0.133603,0.139258,0.981202)(0.646778,-0.252117,0.0732131))

Frame 12
Affine3((-0.534698,-0.842246,0.0686981)(0.825752,-0.503491,0.254223)(-0.179529,0.19266,0.964703)(0.692494,-0.29861,0.093453))

Frame 13
Affine3((-0.488989,-0.866779,0.0978988)(0.837988,-0.435628,0.32864)(-0.24221,0.242739,0.939368)(0.7508,-0.328421,0.12247))

Frame 14
Affine3((-0.41344,-0.901247,0.129695)(0.850497,-0.331378,0.408464)(-0.325149,0.27918,0.903513)(0.824033,-0.333351,0.161986))

Frame 15
Affine3((-0.310201,-0.936679,0.162505)(0.848875,-0.19595,0.490933)(-0.428004,0.290234,0.855907)(0.91006,-0.304365,0.213104))

Frame 16
Affine3((-0.182552,-0.963739,0.194634)(0.818796,-0.0394303,0.572729)(-0.544287,0.263918,0.796303)(1.00057,-0.232837,0.276137))

Frame 17
Affine3((-0.035692,-0.973735,0.224872)(0.749197,0.122845,0.650856)(-0.661385,0.191703,0.725134)(1.08176,-0.114191,0.350527))

Frame 18
Affine3((0.12338,-0.959815,0.252057)(0.635751,0.27148,0.722579)(-0.76197,0.0710934,0.643698)(1.1362,0.0498248,0.434931))

Frame 19
Affine3((0.286404,-0.917668,0.275424)(0.4832,0.386576,0.785543)(-0.82734,-0.0918979,0.554133)(1.14643,0.249121,0.527172))

Frame 20
Affine3((0.444372,-0.845972,0.294729)(0.305065,0.452233,0.838106)(-0.8423,-0.282519,0.459036)(1.09993,0.465682,0.624551))

Frame 21
Affine3((0.588834,-0.746411,0.310074)(0.120951,0.460689,0.879282)(-0.799153,-0.480247,0.361548)(0.99261,0.676984,0.723873))

Frame 22
Affine3((0.71246,-0.623469,0.322005)(-0.0483802,0.414148,0.908923)(-0.700043,-0.66315,0.2649)(0.830698,0.860759,0.821804))

Frame 23
Affine3((0.809956,-0.483845,0.331459)(-0.186084,0.323946,0.927594)(-0.556187,-0.81299,0.172346)(0.629198,1.00002,0.914974))

Frame 24
Affine3((0.878597,-0.335767,0.339599)(-0.28288,0.207027,0.936546)(-0.384767,-0.918913,0.0869117)(0.408204,1.08647,1.00024))

Frame 25
Affine3((0.918552,-0.187962,0.347753)(-0.338236,0.0815936,0.937517)(-0.204592,-0.978781,0.0113726)(0.188209,1.12126,1.07469))

Frame 26
Affine3((0.932732,-0.0486467,0.357273)(-0.359129,-0.0368472,0.93256)(-0.0322014,-0.998136,-0.051839)(-0.0138189,1.11331,1.13578))

Frame 27
Affine3((0.926246,0.0752854,0.369323)(-0.357173,-0.137665,0.923837)(0.120394,-0.987613,-0.100622)(-0.186521,1.0763,1.18129))

Frame 28
Affine3((0.905457,0.179021,0.384836)(-0.345636,-0.215236,0.913351)(0.24634,-0.960013,-0.133011)(-0.324323,1.02528,1.20918))

Frame 29
Affine3((0.876853,0.260028,0.404369)(-0.336918,-0.267639,0.902694)(0.342951,-0.927768,-0.147072)(-0.426005,0.97405,1.21747))

Frame 30
Affine3((0.846096,0.31777,0.427952)(-0.340966,-0.294464,0.892767)(0.409712,-0.901284,-0.140796)(-0.492358,0.933592,1.20415))

Frame 31
Affine3((0.815064,0.356392,0.456788)(-0.365543,-0.295354,0.882692)(0.449498,-0.886426,-0.110456)(-0.526953,0.908843,1.16498))

Frame 32
Affine3((0.783466,0.382062,0.490113)(-0.411578,-0.271891,0.869873)(0.465603,-0.883235,-0.0557691)(-0.53375,0.89843,1.09967))

Frame 33
Affine3((0.752863,0.398561,0.523782)(-0.473683,-0.224421,0.851622)(0.456971,-0.88926,0.019833)(-0.51286,0.898964,1.01253))

Frame 34
Affine3((0.724805,0.41004,0.553648)(-0.544051,-0.152383,0.825099)(0.42269,-0.899248,0.112635)(-0.464379,0.904039,0.90814))

Frame 35
Affine3((0.701631,0.419798,0.575746)(-0.613129,-0.0559713,0.787998)(0.363025,-0.90589,0.218119)(-0.389755,0.905353,0.79176))

Frame 36
Affine3((0.686289,0.429492,0.586979)(-0.671001,0.0624663,0.738821)(0.280651,-0.900908,0.331059)(-0.292926,0.894031,0.669213))

Frame 37
Affine3((0.681744,0.439223,0.585071)(-0.708658,0.197805,0.677257)(0.181737,-0.876331,0.446112)(-0.181283,0.86191,0.54635))

Frame 38
Affine3((0.690387,0.446608,0.569128)(-0.71953,0.342214,0.60429)(0.0751171,-0.826698,0.557608)(-0.0648084,0.804027,0.429054))

Frame 39
Affine3((0.712875,0.448038,0.53951)(-0.700713,0.486297,0.522031)(-0.0284724,-0.750185,0.660615)(0.0450553,0.719454,0.322314))

Frame 40
Affine3((0.747678,0.439626,0.497702)(-0.653427,0.620652,0.433388)(-0.118371,-0.649247,0.75131)(0.137509,0.61178,0.229904))

Frame 41
Affine3((0.791231,0.41806,0.446295)(-0.582488,0.737434,0.341904)(-0.186177,-0.530487,0.826996)(0.204553,0.488776,0.154232))

Frame 42
Affine3((0.838526,0.381915,0.388606)(-0.495223,0.831637,0.251263)(-0.227218,-0.403138,0.886483)(0.242424,0.360517,0.0960581))

Frame 43
Affine3((0.88427,0.332342,0.328047)(-0.399972,0.9016,0.164744)(-0.241016,-0.276888,0.930185)(0.251846,0.236973,0.0546187))

Frame 44
Affine3((0.924066,0.27266,0.267879)(-0.304582,0.94868,0.0850631)(-0.230938,-0.160195,0.95969)(0.237357,0.126324,0.0279996))

Frame 45
Affine3((0.955096,0.207717,0.211294)(-0.215561,0.976382,0.0145319)(-0.203286,-0.0594262,0.977314)(0.206185,0.0341296,0.0134332))

Frame 46
Affine3((0.976529,0.143226,0.160867)(-0.137646,0.989442,-0.0453701)(-0.165666,0.0221625,0.985933)(0.166427,-0.0375425,0.00776333))

Frame 47
Affine3((0.989297,0.0848982,0.118679)(-0.07398,0.992861,-0.0935627)(-0.125775,0.0837814,0.988515)(0.125788,-0.0892786,0.0077827))

Frame 48
Affine3((0.995529,0.0379418,0.0865056)(-0.0265494,0.991259,-0.129234)(-0.0906528,0.12636,0.987834)(0.0908946,-0.123381,0.0105147))

Frame 49
Affine3((0.997802,0.00693428,0.0658972)(0.00314009,0.988443,-0.151559)(-0.0661866,0.151433,0.986249)(0.0669967,-0.14264,0.0134506))

Frame 50
Affine3((0.998275,-0.0041941,0.0585611)(0.0134962,0.987127,-0.159369)(-0.0571388,0.159885,0.985481)(0.0582331,-0.148968,0.0147153))

