Frame 1
Affine3((1,-6.9306e-010,7.26067e-010)(6.9306e-010,1,-1.63312e-010)(-7.26067e-010,1.63312e-010,1)(0,0,0))

Frame 2
Affine3((0.999988,-0.00489186,2.28423e-008)(0.00489186,0.999988,9.15621e-008)(-2.32899e-008,-9.14493e-008,1)(0.0031245,0.000399619,0))

Frame 3
Affine3((0.999847,-0.0175008,2.04815e-007)(0.0175008,0.999847,-1.91451e-007)(-2.01433e-007,1.95007e-007,1)(0.0112087,0.00114393,0))

Frame 4
Affine3((0.999382,-0.035148,2.9101e-007)(0.035148,0.999382,-3.47969e-007)(-2.786e-007,3.57982e-007,1)(0.022567,0.00150068,-2.38419e-007))

Frame 5
Affine3((0.998456,-0.0555509,4.1402e-007)(0.0555509,0.998456,-2.42485e-007)(-3.9991e-007,2.6511e-007,1)(0.0357012,0.000913702,0))

Frame 6
Affine3((0.997056,-0.0766735,5.7657e-007)(0.0766735,0.997056,-2.58854e-007)(-5.55025e-007,3.023e-007,1)(0.049216,-0.000824869,-1.19209e-007))

Frame 7
Affine3((0.995322,-0.0966145,5.32267e-007)(0.0966145,0.995322,-1.03498e-007)(-5.19777e-007,1.54438e-007,1)(0.0618163,-0.0035136,0))

Frame 8
Affine3((0.993535,-0.113529,4.82231e-007)(0.113529,0.993535,2.31281e-007)(-5.0537e-007,-1.75038e-007,1)(0.0723263,-0.00658362,0))

Frame 9
Affine3((0.992088,-0.125544,3.9255e-007)(0.125544,0.992088,3.27085e-007)(-4.30507e-007,-2.75215e-007,1)(0.079665,-0.00920022,1.19209e-007))

Frame 10
Affine3((0.991426,-0.13067,1.58185e-007)(0.13067,0.991426,2.5309e-007)(-1.899e-007,-2.30249e-007,1)(0.0827577,-0.010425,1.19209e-007))

Frame 11
Affine3((0.991546,-0.129755,3.29044e-007)(0.129755,0.991546,-1.34461e-008)(-3.24517e-007,5.60275e-008,1)(0.0822073,-0.0102031,0))

Frame 12
Affine3((0.992111,-0.125363,3.29936e-007)(0.125363,0.992111,-3.01588e-007)(-2.89525e-007,3.4057e-007,1)(0.0795535,-0.00915984,-1.19209e-007))

Frame 13
Affine3((0.993025,-0.117902,4.00226e-007)(0.117902,0.993025,-8.66924e-007)(-2.95222e-007,9.08065e-007,1)(0.0750079,-0.00749787,-2.38419e-007))

Frame 14
Affine3((0.994177,-0.107759,2.78632e-007)(0.107759,0.994177,-1.24388e-006)(-1.4297e-007,1.26666e-006,1)(0.0687592,-0.00545903,-9.53674e-007))

Frame 15
Affine3((0.995448,-0.0953069,3.08646e-007)(0.0953069,0.995448,-1.9718e-006)(-1.19316e-007,1.99224e-006,1)(0.0609919,-0.00331191,-1.19209e-006))

Frame 16
Affine3((0.996722,-0.0809046,2.06709e-007)(0.0809046,0.996722,-2.43612e-006)(-8.93788e-009,2.44485e-006,1)(0.0518996,-0.00131729,-1.66893e-006))

Frame 17
Affine3((0.997891,-0.064904,9.34859e-008)(0.064904,0.997891,-2.93402e-006)(9.71407e-008,2.9339e-006,1)(0.0416954,0.000276472,-1.90735e-006))

Frame 18
Affine3((0.998864,-0.047652,1.14807e-007)(0.047652,0.998864,-3.48892e-006)(5.15772e-008,3.49042e-006,1)(0.0306164,0.00125668,-2.02656e-006))

Frame 19
Affine3((0.999565,-0.0294914,-1.69453e-007)(0.0294914,0.999565,-3.67024e-006)(2.7762e-007,3.66365e-006,1)(0.0189189,0.0014615,-2.02656e-006))

Frame 20
Affine3((0.999942,-0.010763,-4.68943e-007)(0.010763,0.999942,-3.67986e-006)(5.08522e-007,3.6746e-006,1)(0.00687997,0.00078363,-2.14577e-006))

Frame 21
Affine3((0.999966,0.00819313,-6.27753e-007)(-0.00819313,0.999966,-3.68931e-006)(5.97505e-007,3.69432e-006,1)(-0.00521583,-0.000818148,-2.14577e-006))

Frame 22
Affine3((0.999634,0.0270372,-7.41245e-007)(-0.0270372,0.999634,-3.44357e-006)(6.4787e-007,3.46235e-006,1)(-0.0170872,-0.00331352,-2.02656e-006))

Frame 23
Affine3((0.998968,0.0454279,-9.33493e-007)(-0.0454279,0.998968,-3.17264e-006)(7.88402e-007,3.21178e-006,1)(-0.0284662,-0.00660641,-2.02656e-006))

Frame 24
Affine3((0.998012,0.0630232,-9.55702e-007)(-0.0630232,0.998012,-3.1977e-006)(7.52273e-007,3.25157e-006,1)(-0.0391059,-0.0105377,-1.90735e-006))

Frame 25
Affine3((0.996836,0.079482,-9.32687e-007)(-0.079482,0.996836,-2.44836e-006)(7.35135e-007,2.51475e-006,1)(-0.0487958,-0.0148853,-1.19209e-006))

Frame 26
Affine3((0.995529,0.0944543,-8.19273e-007)(-0.0944543,0.995529,-1.81512e-006)(6.44165e-007,1.88439e-006,1)(-0.0573543,-0.0193941,-9.53674e-007))

Frame 27
Affine3((0.994196,0.107586,-6.47095e-007)(-0.107586,0.994196,-1.1738e-006)(5.17055e-007,1.23661e-006,1)(-0.0646359,-0.0237715,-4.76837e-007))

Frame 28
Affine3((0.992952,0.118515,-4.43138e-007)(-0.118515,0.992952,-9.29389e-007)(3.29868e-007,9.75357e-007,1)(-0.0705203,-0.0277109,-4.76837e-007))

Frame 29
Affine3((0.991919,0.126873,-2.67512e-007)(-0.126873,0.991919,-4.53102e-009)(2.64775e-007,3.84345e-008,1)(-0.0749067,-0.0308955,0))

Frame 30
Affine3((0.991214,0.132267,-1.69684e-007)(-0.132267,0.991214,-1.12609e-008)(1.66704e-007,3.36055e-008,1)(-0.07768,-0.0330335,0))

Frame 31
Affine3((0.990901,0.134596,-1.09769e-008)(-0.134596,0.990901,5.73065e-007)(8.80093e-008,-5.66372e-007,1)(-0.0788653,-0.0339729,1.19209e-007))

Frame 32
Affine3((0.990939,0.134312,-7.99921e-008)(-0.134312,0.990939,7.88097e-007)(1.85118e-007,-7.70213e-007,1)(-0.0787222,-0.0338567,2.38419e-007))

Frame 33
Affine3((0.991277,0.131798,-5.84847e-008)(-0.131798,0.991277,5.13853e-007)(1.25699e-007,-5.01662e-007,1)(-0.0774416,-0.0328431,2.38419e-007))

Frame 34
Affine3((0.991853,0.127391,1.19918e-008)(-0.127391,0.991853,4.89546e-007)(5.04695e-008,-4.87085e-007,1)(-0.0751746,-0.0310961,2.38419e-007))

Frame 35
Affine3((0.992605,0.121391,-2.01827e-007)(-0.121391,0.992605,5.88331e-007)(2.71752e-007,-5.5948e-007,1)(-0.0720426,-0.0287845,1.19209e-007))

Frame 36
Affine3((0.993473,0.114065,-7.66128e-008)(-0.114065,0.993473,4.33136e-007)(1.25518e-007,-4.2157e-007,1)(-0.0681456,-0.0260689,1.19209e-007))

Frame 37
Affine3((0.994402,0.105667,-2.58285e-007)(-0.105667,0.994402,3.33627e-007)(2.92092e-007,-3.04468e-007,1)(-0.0635872,-0.0231012,0))

Frame 38
Affine3((0.99534,0.096428,-2.11569e-007)(-0.096428,0.99534,2.74721e-007)(2.37074e-007,-2.5304e-007,1)(-0.0584639,-0.0200187,0))

Frame 39
Affine3((0.996246,0.0865731,-3.68181e-007)(-0.0865731,0.996246,3.11489e-007)(3.93765e-007,-2.78445e-007,1)(-0.0528832,-0.0169456,0))

Frame 40
Affine3((0.997084,0.0763148,-2.13728e-007)(-0.0763148,0.997084,-4.2286e-007)(1.80834e-007,4.37938e-007,1)(-0.0469527,-0.0139901,-1.19209e-007))

Frame 41
Affine3((0.997828,0.0658712,-1.97879e-007)(-0.0658712,0.997828,-5.62081e-007)(1.60424e-007,5.73895e-007,1)(-0.0408018,-0.0112339,-2.38419e-007))

Frame 42
Affine3((0.998461,0.0554549,-1.72415e-007)(-0.0554549,0.998461,-5.70567e-007)(1.40509e-007,5.7925e-007,1)(-0.0345616,-0.00874438,-1.19209e-007))

Frame 43
Affine3((0.998974,0.0452835,-1.23816e-007)(-0.0452835,0.998974,-8.91286e-008)(1.19653e-007,9.4644e-008,1)(-0.0283764,-0.00656507,-1.19209e-007))

Frame 44
Affine3((0.999367,0.0355763,-9.30738e-008)(-0.0355763,0.999367,-4.0928e-007)(7.84542e-008,4.12332e-007,1)(-0.0223982,-0.00472736,-1.19209e-007))

Frame 45
Affine3((0.999647,0.0265714,-1.03636e-007)(-0.0265714,0.999647,-8.73658e-008)(1.01278e-007,9.00887e-008,1)(-0.0167948,-0.00322832,0))

Frame 46
Affine3((0.999829,0.0185162,-2.59761e-008)(-0.0185162,0.999829,-1.08607e-007)(2.39607e-008,1.09069e-007,1)(-0.0117399,-0.00206135,-1.19209e-007))

Frame 47
Affine3((0.999932,0.0116796,7.27453e-008)(-0.0116796,0.999932,-1.79688e-007)(-7.4839e-008,1.78826e-007,1)(-0.00742281,-0.00119963,-1.19209e-007))

Frame 48
Affine3((0.99998,0.00635975,5.18941e-008)(-0.00635975,0.99998,6.34143e-008)(-5.14897e-008,-6.3743e-008,1)(-0.00404864,-0.000609122,0))

Frame 49
Affine3((0.999996,0.00288549,1.01006e-007)(-0.00288549,0.999996,7.85668e-009)(-1.00983e-007,-8.1481e-009,1)(-0.00183842,-0.00026384,0))

Frame 50
Affine3((0.999999,0.00163459,7.09261e-008)(-0.00163459,0.999999,1.68365e-007)(-7.06507e-008,-1.68481e-007,1)(-0.00104168,-0.000145826,0))

