Frame 1
Affine3((1,2.75998e-014,-1.12103e-013)(-1.31287e-014,1,-1.16865e-014)(-1.12103e-013,-2.53873e-014,1)(0,0,0))

Frame 2
Affine3((1,-2.27796e-007,8.35789e-006)(2.27797e-007,1,-1.56135e-007)(-8.35789e-006,1.56137e-007,1)(8.24034e-006,0.000102097,3.49581e-005))

Frame 3
Affine3((1,-2.52709e-007,3.81854e-006)(2.52709e-007,1,-1.99286e-007)(-3.81854e-006,1.99287e-007,1)(1.33812e-005,0.000242174,8.0049e-005))

Frame 4
Affine3((1,7.47402e-008,1.45533e-005)(-7.47421e-008,1,1.29454e-007)(-1.45533e-005,-1.29455e-007,1)(8.9556e-006,6.58669e-005,2.39015e-005))

Frame 5
Affine3((1,-4.80508e-007,8.09181e-006)(4.80511e-007,1,-3.55427e-007)(-8.09181e-006,3.5543e-007,1)(-6.79493e-006,-0.000209531,-6.7234e-005))

Frame 6
Affine3((1,-5.05419e-007,2.61718e-006)(5.0542e-007,1,-3.98576e-007)(-2.61718e-006,3.98578e-007,1)(7.19726e-006,0.000124846,4.1306e-005))

Frame 7
Affine3((1,-1.77974e-007,-5.98098e-006)(1.77974e-007,1,-6.98432e-008)(5.98098e-006,6.98422e-008,1)(-8.58307e-006,-0.000128459,-4.29749e-005))

Frame 8
Affine3((1,-3.52357e-007,8.09181e-006)(3.5236e-007,1,-3.71882e-007)(-8.09181e-006,3.71885e-007,1)(-7.7039e-006,-0.000227617,-7.33733e-005))

Frame 9
Affine3((1,-6.79801e-007,1.09751e-005)(6.79808e-007,1,-7.0061e-007)(-1.09751e-005,7.00617e-007,1)(-8.12113e-006,-0.000260513,-8.34465e-005))

Frame 10
Affine3((1,-3.02533e-007,7.61126e-006)(3.02535e-007,1,-2.85584e-007)(-7.61126e-006,2.85586e-007,1)(2.11596e-006,-2.00719e-005,-5.48363e-006))

Frame 11
Affine3((1,1.24561e-007,7.13072e-006)(-1.24563e-007,1,2.15747e-007)(-7.13072e-006,-2.15748e-007,1)(-9.045e-006,-0.000245987,-7.96318e-005))

Frame 12
Affine3((1,3.52359e-007,1.69044e-005)(-3.52365e-007,1,3.71881e-007)(-1.69044e-005,-3.71887e-007,1)(-8.04663e-007,-0.000157481,-4.91142e-005))

Frame 13
Affine3((1,-2.27797e-007,-4.80543e-007)(2.27797e-007,1,-1.56138e-007)(4.80543e-007,1.56138e-007,1)(-5.39422e-006,-0.000108903,-3.5733e-005))

Frame 14
Affine3((1,-8.32862e-007,4.54734e-007)(8.32863e-007,1,-7.27309e-007)(-4.54734e-007,7.2731e-007,1)(-6.61612e-006,-0.000141649,-4.62234e-005))

Frame 15
Affine3((1,-6.05067e-007,-3.81854e-006)(6.05065e-007,1,-5.71176e-007)(3.81854e-006,5.71174e-007,1)(-2.63751e-006,-2.86438e-005,-9.65595e-006))

Frame 16
Affine3((1,4.98209e-008,1.42872e-005)(-4.98222e-008,1,8.62922e-008)(-1.42872e-005,-8.62929e-008,1)(8.31485e-006,5.13457e-005,1.90437e-005))

Frame 17
Affine3((1,-5.30331e-007,9.35277e-007)(5.30332e-007,1,-4.41726e-007)(-9.35277e-007,4.41727e-007,1)(4.32134e-007,3.22238e-007,1.19209e-007))

Frame 18
Affine3((1,-2.77621e-007,-4.29908e-006)(2.7762e-007,1,-2.42438e-007)(4.29908e-006,2.42436e-007,1)(-1.31726e-005,-0.000239449,-7.9155e-005))

Frame 19
Affine3((1,-2.27797e-007,6.95005e-007)(2.27797e-007,1,-1.56139e-007)(-6.95005e-007,1.56139e-007,1)(-5.78165e-006,-0.000124604,-4.07398e-005))

Frame 20
Affine3((1,-2.5271e-007,4.54734e-007)(2.5271e-007,1,-1.99289e-007)(-4.54734e-007,1.99289e-007,1)(-1.27405e-005,-0.000266526,-8.70228e-005))

Frame 21
Affine3((1,-5.3033e-007,1.09751e-005)(5.30335e-007,1,-4.4172e-007)(-1.09751e-005,4.41726e-007,1)(-4.14252e-006,-0.000179878,-5.74589e-005))

Frame 22
Affine3((1,-5.30331e-007,-3.12353e-006)(5.3033e-007,1,-4.41729e-007)(3.12353e-006,4.41727e-007,1)(-1.3411e-006,-5.87665e-006,-2.5332e-006))

Frame 23
Affine3((1,-2.52709e-007,-3.12353e-006)(2.52709e-007,1,-1.99289e-007)(3.12353e-006,1.99289e-007,1)(-3.38256e-006,-4.6026e-005,-1.54376e-005))

Frame 24
Affine3((1,-4.80508e-007,1.17555e-006)(4.80508e-007,1,-3.55429e-007)(-1.17555e-006,3.5543e-007,1)(-8.55327e-006,-0.000188431,-6.17206e-005))

Frame 25
Affine3((1,-5.80155e-007,-5.98098e-006)(5.80152e-007,1,-5.28029e-007)(5.98098e-006,5.28025e-007,1)(-2.5928e-006,-9.52184e-006,-3.93391e-006))

Frame 26
Affine3((1,-5.30331e-007,-7.63707e-006)(5.30328e-007,1,-4.41731e-007)(7.63707e-006,4.41727e-007,1)(-2.98023e-007,5.41229e-005,1.68383e-005))

Frame 27
Affine3((1,-1.77974e-007,-2.40272e-006)(1.77973e-007,1,-6.98419e-008)(2.40272e-006,6.98415e-008,1)(-2.08616e-006,-2.42591e-005,-8.31485e-006))

Frame 28
Affine3((1,-4.80508e-007,-5.98098e-006)(4.80505e-007,1,-3.55432e-007)(5.98098e-006,3.55429e-007,1)(-2.6077e-006,-8.92952e-006,-3.9041e-006))

Frame 29
Affine3((1,-5.80154e-007,1.21506e-005)(5.80161e-007,1,-5.28016e-007)(-1.21506e-005,5.28023e-007,1)(6.34789e-006,2.76789e-005,1.08182e-005))

Frame 30
Affine3((1,-2.27797e-007,7.61126e-006)(2.27798e-007,1,-1.56137e-007)(-7.61126e-006,1.56139e-007,1)(2.11596e-006,-1.99042e-005,-5.48363e-006))

Frame 31
Affine3((1,-3.02533e-007,-1.92217e-006)(3.02533e-007,1,-2.85587e-007)(1.92217e-006,2.85586e-007,1)(-1.00583e-005,-0.000197373,-6.49095e-005))

Frame 32
Affine3((1,-2.02886e-007,-4.77962e-006)(2.02886e-007,1,-1.12992e-007)(4.77962e-006,1.12991e-007,1)(-1.30236e-005,-0.000234982,-7.78437e-005))

Frame 33
Affine3((1,-4.80507e-007,1.45533e-005)(4.80513e-007,1,-3.55422e-007)(-1.45533e-005,3.55429e-007,1)(1.02967e-005,9.20705e-005,3.23355e-005))

Frame 34
Affine3((1,-8.32863e-007,-5.01989e-006)(8.3286e-007,1,-7.27316e-007)(5.01989e-006,7.27311e-007,1)(-9.0301e-006,-0.000144748,-4.80115e-005))

Frame 35
Affine3((1,-6.05069e-007,1.33262e-005)(6.05077e-007,1,-5.71169e-007)(-1.33262e-005,5.71178e-007,1)(3.50177e-006,-3.82438e-005,-1.04606e-005))

Frame 36
Affine3((1,-3.52357e-007,2.61718e-006)(3.52358e-007,1,-3.71884e-007)(-2.61718e-006,3.71885e-007,1)(-3.8892e-006,-0.000101017,-3.25739e-005))

Frame 37
Affine3((1,4.98236e-008,-5.50044e-006)(-4.98231e-008,1,8.62978e-008)(5.50044e-006,-8.62975e-008,1)(-4.35114e-006,-4.94551e-005,-1.69277e-005))

Frame 38
Affine3((1,-8.07959e-007,8.35789e-006)(8.07964e-007,1,-6.84169e-007)(-8.35789e-006,6.84175e-007,1)(-4.78327e-006,-0.000169426,-5.39124e-005))

Frame 39
Affine3((1,-2.77621e-007,5.47463e-006)(2.77622e-007,1,-2.42435e-007)(-5.47463e-006,2.42437e-007,1)(-3.8892e-006,-0.000123549,-3.96967e-005))

Frame 40
Affine3((1,-9.57423e-007,1.17555e-006)(9.57424e-007,1,-9.43056e-007)(-1.17555e-006,9.43057e-007,1)(-8.44896e-006,-0.000184061,-5.98729e-005))

Frame 41
Affine3((1,-3.02534e-007,4.54734e-007)(3.02534e-007,1,-2.85587e-007)(-4.54734e-007,2.85587e-007,1)(-6.63102e-006,-0.000141572,-4.61936e-005))

Frame 42
Affine3((1,3.27452e-007,6.16963e-006)(-3.27454e-007,1,3.28745e-007)(-6.16963e-006,-3.28747e-007,1)(8.37445e-006,0.000123497,4.14848e-005))

Frame 43
Affine3((1,-6.79803e-007,-3.33799e-006)(6.79801e-007,1,-7.00624e-007)(3.33799e-006,7.00622e-007,1)(5.36442e-007,3.65879e-005,1.15037e-005))

Frame 44
Affine3((1,-5.30331e-007,1.89636e-006)(5.30332e-007,1,-4.41725e-007)(-1.89636e-006,4.41726e-007,1)(1.28895e-005,0.000249622,8.2165e-005))

Frame 45
Affine3((1,-4.80508e-007,-2.40272e-006)(4.80507e-007,1,-3.55431e-007)(2.40272e-006,3.5543e-007,1)(3.74019e-006,9.56692e-005,3.1054e-005))

Frame 46
Affine3((1,-2.77621e-007,2.85745e-006)(2.77622e-007,1,-2.42436e-007)(-2.85745e-006,2.42437e-007,1)(-3.9041e-006,-0.000103049,-3.32892e-005))

Frame 47
Affine3((1,-3.27445e-007,-1.20136e-006)(3.27445e-007,1,-3.28736e-007)(1.20136e-006,3.28736e-007,1)(-9.49204e-006,-0.000189396,-6.22571e-005))

Frame 48
Affine3((1,-4.80508e-007,-1.20136e-006)(4.80507e-007,1,-3.5543e-007)(1.20136e-006,3.55429e-007,1)(-5.54323e-006,-0.00010423,-3.41535e-005))

Frame 49
Affine3((1,-3.27445e-007,-2.40272e-007)(3.27445e-007,1,-3.28736e-007)(2.40272e-007,3.28736e-007,1)(-8.12113e-006,-0.000168296,-5.50151e-005))

Frame 50
Affine3((1,-6.54892e-007,4.54734e-007)(6.54892e-007,1,-6.57474e-007)(-4.54734e-007,6.57474e-007,1)(-9.92417e-006,-0.000213088,-6.97374e-005))

