Frame 1
Affine3((1,-2.77224e-009,2.90427e-009)(-3.36606e-008,1,-6.53247e-010)(5.13323e-011,2.00462e-009,1)(0,0,0))

Frame 2
Affine3((0.999809,-0.0195663,9.31597e-008)(0.0195663,0.999809,3.65797e-007)(-1.30091e-007,-3.72701e-007,1)(0.0031245,0.000399619,0))

Frame 3
Affine3((0.99755,-0.0699496,8.05732e-007)(0.0699497,0.99755,-7.80026e-007)(-7.71496e-007,8.22641e-007,1)(0.0112087,0.00114393,0))

Frame 4
Affine3((0.990129,-0.140158,1.1144e-006)(0.140158,0.990129,-1.43193e-006)(-9.3742e-007,1.56928e-006,1)(0.022567,0.00150068,-2.38419e-007))

Frame 5
Affine3((0.975389,-0.220491,1.59964e-006)(0.220492,0.975389,-1.06044e-006)(-1.36078e-006,1.38102e-006,1)(0.0357012,0.000913702,0))

Frame 6
Affine3((0.953246,-0.302196,2.2201e-006)(0.302196,0.953246,-1.2092e-006)(-1.77989e-006,1.81627e-006,1)(0.049216,-0.000824869,-1.19209e-007))

Frame 7
Affine3((0.926022,-0.377469,2.07911e-006)(0.377469,0.926022,-6.17754e-007)(-1.70298e-006,1.33981e-006,1)(0.0618163,-0.0035136,0))

Frame 8
Affine3((0.898219,-0.439549,2.02148e-006)(0.439549,0.898219,7.00154e-007)(-2.11494e-006,2.54438e-007,1)(0.0723263,-0.00658362,0))

Frame 9
Affine3((0.875897,-0.482499,1.72203e-006)(0.482499,0.875897,1.10086e-006)(-2.04798e-006,-1.38755e-007,1)(0.079665,-0.00920022,1.19209e-007))

Frame 10
Affine3((0.865735,-0.500502,7.596e-007)(0.500502,0.865735,9.20998e-007)(-1.13159e-006,-4.17193e-007,1)(0.0827577,-0.010425,1.19209e-007))

Frame 11
Affine3((0.867577,-0.497303,1.29807e-006)(0.497303,0.867577,-2.2411e-007)(-1.03611e-006,8.42241e-007,1)(0.0822073,-0.0102031,0))

Frame 12
Affine3((0.876249,-0.481859,1.1581e-006)(0.481859,0.876249,-1.36228e-006)(-3.49192e-007,1.75266e-006,1)(0.0795535,-0.00915984,-1.19209e-007))

Frame 13
Affine3((0.890338,-0.455299,1.18089e-006)(0.455299,0.890339,-3.63226e-006)(5.98911e-007,3.77567e-006,1)(0.0750079,-0.00749787,-2.38419e-007))

Frame 14
Affine3((0.908182,-0.418575,5.7188e-007)(0.418575,0.908182,-5.06666e-006)(1.59218e-006,4.83852e-006,1)(0.0687592,-0.00545903,-9.53674e-007))

Frame 15
Affine3((0.927993,-0.372598,4.77262e-007)(0.372598,0.927993,-7.96895e-006)(2.49503e-006,7.56926e-006,1)(0.0609919,-0.00331191,-1.19209e-006))

Frame 16
Affine3((0.947978,-0.318335,3.57515e-008)(0.318335,0.947978,-9.77942e-006)(3.05377e-006,9.27788e-006,1)(0.0518996,-0.00131729,-1.66893e-006))

Frame 17
Affine3((0.966442,-0.256886,-3.88563e-007)(0.256886,0.966442,-1.17356e-005)(3.3507e-006,1.12381e-005,1)(0.0416954,0.000276472,-1.90735e-006))

Frame 18
Affine3((0.981876,-0.189527,-2.06309e-007)(0.189527,0.981875,-1.39617e-005)(2.82203e-006,1.36562e-005,1)(0.0306164,0.00125668,-2.02656e-006))

Frame 19
Affine3((0.993048,-0.117709,-1.11048e-006)(0.117709,0.993048,-1.46546e-005)(2.81865e-006,1.4419e-005,1)(0.0189189,0.0014615,-2.02656e-006))

Frame 20
Affine3((0.999073,-0.0430396,-2.03409e-006)(0.0430396,0.999073,-1.46984e-005)(2.63956e-006,1.45979e-005,1)(0.00687997,0.00078363,-2.14577e-006))

Frame 21
Affine3((0.999463,0.032767,-2.39002e-006)(-0.0327669,0.999463,-1.47773e-005)(1.86195e-006,1.48384e-005,1)(-0.00521583,-0.000818148,-2.14577e-006))

Frame 22
Affine3((0.994156,0.107951,-2.59148e-006)(-0.107951,0.994156,-1.38494e-005)(1.05389e-006,1.40535e-005,1)(-0.0170872,-0.00331352,-2.02656e-006))

Frame 23
Affine3((0.983525,0.180775,-3.15361e-006)(-0.180775,0.983525,-1.28471e-005)(7.55784e-007,1.31821e-005,1)(-0.0284662,-0.00660641,-2.02656e-006))

Frame 24
Affine3((0.968351,0.249593,-3.00909e-006)(-0.249593,0.968351,-1.30063e-005)(-3.69137e-007,1.3321e-005,1)(-0.0391059,-0.0105377,-1.90735e-006))

Frame 25
Affine3((0.94978,0.312918,-2.94054e-006)(-0.312918,0.94978,-1.0059e-005)(-3.9422e-007,1.04493e-005,1)(-0.0487958,-0.0148853,-1.19209e-006))

Frame 26
Affine3((0.929264,0.369417,-2.57666e-006)(-0.369417,0.929264,-7.53754e-006)(-4.21506e-007,7.93484e-006,1)(-0.0573543,-0.0193941,-9.53674e-007))

Frame 27
Affine3((0.908474,0.417941,-2.06822e-006)(-0.41794,0.908474,-4.94642e-006)(-2.12388e-007,5.30737e-006,1)(-0.0646359,-0.0237715,-4.76837e-007))

Frame 28
Affine3((0.889211,0.457497,-1.31947e-006)(-0.457497,0.889211,-3.90143e-006)(-6.16001e-007,4.05627e-006,1)(-0.0705203,-0.0277109,-4.76837e-007))

Frame 29
Affine3((0.873298,0.487186,-1.0591e-006)(-0.487186,0.873298,-1.53738e-007)(8.23437e-007,6.26933e-007,1)(-0.0749067,-0.0308955,0))

Frame 30
Affine3((0.862493,0.506069,-6.66816e-007)(-0.506069,0.862493,-1.34422e-007)(4.68466e-007,4.07484e-007,1)(-0.07768,-0.0330335,0))

Frame 31
Affine3((0.857697,0.514156,-3.52037e-007)(-0.514156,0.857697,2.26549e-006)(1.45836e-006,-1.78397e-006,1)(-0.0788653,-0.0339729,1.19209e-007))

Frame 32
Affine3((0.858285,0.513173,-7.40474e-007)(-0.513173,0.858285,3.08085e-006)(2.22749e-006,-2.28217e-006,1)(-0.0787222,-0.0338567,2.38419e-007))

Frame 33
Affine3((0.863449,0.504437,-5.02797e-007)(-0.504437,0.863449,2.00665e-006)(1.44655e-006,-1.48855e-006,1)(-0.0774416,-0.0328431,2.38419e-007))

Frame 34
Affine3((0.87228,0.489007,-2.01878e-007)(-0.489007,0.87228,1.94834e-006)(1.12087e-006,-1.62768e-006,1)(-0.0751746,-0.0310961,2.38419e-007))

Frame 35
Affine3((0.883852,0.467767,-1.08701e-006)(-0.467766,0.883852,2.23792e-006)(1.98456e-006,-1.48271e-006,1)(-0.0720426,-0.0287845,1.19209e-007))

Frame 36
Affine3((0.897267,0.441488,-5.02074e-007)(-0.441488,0.897267,1.68628e-006)(1.17137e-006,-1.30276e-006,1)(-0.0681456,-0.0260689,1.19209e-007))

Frame 37
Affine3((0.911674,0.410915,-1.16837e-006)(-0.410914,0.911674,1.21787e-006)(1.56584e-006,-6.69622e-007,1)(-0.0635872,-0.0231012,0))

Frame 38
Affine3((0.926305,0.376775,-9.48297e-007)(-0.376775,0.926305,1.01216e-006)(1.23129e-006,-6.00963e-007,1)(-0.0584639,-0.0200187,0))

Frame 39
Affine3((0.94049,0.339821,-1.57506e-006)(-0.339821,0.94049,1.11378e-006)(1.8225e-006,-5.52965e-007,1)(-0.0528832,-0.0169456,0))

Frame 40
Affine3((0.95368,0.300824,-7.23335e-007)(-0.300824,0.95368,-1.75175e-006)(1.50485e-007,1.85972e-006,1)(-0.0469527,-0.0139901,-1.19209e-007))

Frame 41
Affine3((0.965438,0.260631,-6.41696e-007)(-0.260631,0.965438,-2.29558e-006)(6.8014e-009,2.37549e-006,1)(-0.0408018,-0.0112339,-2.38419e-007))

Frame 42
Affine3((0.975474,0.220116,-5.62035e-007)(-0.220116,0.975474,-2.317e-006)(-1.01251e-008,2.36279e-006,1)(-0.0345616,-0.00874438,-1.19209e-007))

Frame 43
Affine3((0.983629,0.180206,-4.78611e-007)(-0.180206,0.983629,-3.78576e-007)(3.67705e-007,4.32707e-007,1)(-0.0283764,-0.00656507,-1.19209e-007))

Frame 44
Affine3((0.989887,0.141855,-3.13817e-007)(-0.141855,0.989887,-1.64933e-006)(6.9323e-008,1.6693e-006,1)(-0.0223982,-0.00472736,-1.19209e-007))

Frame 45
Affine3((0.994356,0.106098,-4.05111e-007)(-0.106098,0.994356,-3.60355e-007)(3.68884e-007,4.03053e-007,1)(-0.0167948,-0.00322832,0))

Frame 46
Affine3((0.997258,0.0740013,-9.58426e-008)(-0.0740013,0.997258,-4.36278e-007)(4.64006e-008,4.398e-007,1)(-0.0117399,-0.00206135,-1.19209e-007))

Frame 47
Affine3((0.998909,0.0467025,2.99356e-007)(-0.0467025,0.998909,-7.15303e-007)(-3.54023e-007,7.03151e-007,1)(-0.00742281,-0.00119963,-1.19209e-007))

Frame 48
Affine3((0.999676,0.0254364,2.05959e-007)(-0.0254363,0.999676,2.54972e-007)(-2.09574e-007,-2.71193e-007,1)(-0.00404864,-0.000609122,0))

Frame 49
Affine3((0.999933,0.0115417,4.03931e-007)(-0.0115416,0.999933,3.25924e-008)(-4.39502e-007,-6.34613e-008,1)(-0.00183842,-0.00026384,0))

Frame 50
Affine3((0.999979,0.00653833,2.82603e-007)(-0.00653833,0.999979,6.73924e-007)(-3.11896e-007,-6.80646e-007,1)(-0.00104168,-0.000145826,0))

