Frame 1
Affine3((1,1.45378e-008,-6.68325e-010)(-5.83196e-009,1,2.5541e-009)(8.58096e-011,-4.77868e-009,1)(0,0,0))

Frame 2
Affine3((0.997116,-0.0758336,0.0030672)(0.0758127,0.997101,0.0064412)(-0.00354675,-0.0061901,0.999974)(0.01436,0.0217614,-8.79765e-005))

Frame 3
Affine3((0.962377,-0.271537,0.00990263)(0.271235,0.962201,0.0245056)(-0.0161825,-0.0208976,0.999651)(0.0622267,0.0729097,0.000507414))

Frame 4
Affine3((0.849043,-0.528095,0.0155489)(0.526778,0.848442,0.0514897)(-0.0403838,-0.0355262,0.998552)(0.150424,0.124774,0.00342304))

Frame 5
Affine3((0.635411,-0.77201,0.0159353)(0.768557,0.634295,0.0836021)(-0.0746493,-0.0408745,0.996372)(0.272742,0.147137,0.00966728))

Frame 6
Affine3((0.345942,-0.938199,0.0102959)(0.931395,0.344717,0.116935)(-0.113258,-0.0308634,0.993086)(0.407446,0.121532,0.0189751))

Frame 7
Affine3((0.0388266,-0.999245,0.0011098)(0.988055,0.0385576,0.149202)(-0.149132,-0.00469647,0.988806)(0.528031,0.0497859,0.0302527))

Frame 8
Affine3((-0.225922,-0.974119,-0.00715051)(0.957784,-0.223461,0.180873)(-0.17779,0.0340145,0.98348)(0.617351,-0.0491131,0.0424091))

Frame 9
Affine3((-0.41061,-0.911763,-0.00934546)(0.889619,-0.402843,0.215165)(-0.199944,0.0800349,0.976533)(0.674443,-0.149892,0.0551217))

Frame 10
Affine3((-0.500981,-0.865458,-0.000246179)(0.836241,-0.484142,0.257504)(-0.222978,0.128799,0.966277)(0.712456,-0.230361,0.0695189))

Frame 11
Affine3((-0.522133,-0.852625,0.0201891)(0.813676,-0.490909,0.311352)(-0.255556,0.178995,0.95008)(0.749691,-0.288838,0.0887469))

Frame 12
Affine3((-0.507023,-0.860633,0.0473045)(0.807789,-0.455312,0.37439)(-0.300674,0.228037,0.926064)(0.795257,-0.332265,0.115545))

Frame 13
Affine3((-0.459192,-0.884802,0.079169)(0.810836,-0.381057,0.444231)(-0.362889,0.26818,0.892408)(0.853952,-0.354308,0.151916))

Frame 14
Affine3((-0.380973,-0.917507,0.114196)(0.810841,-0.272195,0.518119)(-0.444294,0.289984,0.847651)(0.926978,-0.347414,0.199341))

Frame 15
Affine3((-0.27482,-0.949648,0.150472)(0.793712,-0.13574,0.592955)(-0.542673,0.282388,0.791052)(1.01056,-0.30291,0.258658))

Frame 16
Affine3((-0.144715,-0.971725,0.18657)(0.746062,0.0166994,0.665667)(-0.649961,0.235525,0.72255)(1.09506,-0.213879,0.329873))

Frame 17
Affine3((0.0035865,-0.975284,0.220925)(0.658654,0.168538,0.733328)(-0.752437,0.142883,0.642979)(1.16555,-0.0772734,0.412177))

Frame 18
Affine3((0.16247,-0.953899,0.252348)(0.52965,0.300089,0.793358)(-0.832511,0.00475915,0.553988)(1.20415,0.102834,0.503892))

Frame 19
Affine3((0.323133,-0.903973,0.280033)(0.366285,0.392311,0.843758)(-0.872594,-0.170074,0.45788)(1.1942,0.313967,0.602658))

Frame 20
Affine3((0.476688,-0.825024,0.303486)(0.184176,0.431304,0.883208)(-0.859562,-0.36512,0.357547)(1.12463,0.536489,0.705534))

Frame 21
Affine3((0.61488,-0.719553,0.322749)(0.00390506,0.41203,0.911162)(-0.788611,-0.558995,0.256159)(0.993744,0.746927,0.80924))

Frame 22
Affine3((0.73103,-0.592593,0.338273)(-0.154058,0.33961,0.927864)(-0.664726,-0.73041,0.156971)(0.810154,0.923292,0.910391))

Frame 23
Affine3((0.820586,-0.451112,0.350908)(-0.274323,0.22775,0.934279)(-0.501384,-0.862918,0.0631382)(0.590886,1.04991,1.00567))

Frame 24
Affine3((0.881588,-0.303183,0.361778)(-0.349834,0.0948777,0.931995)(-0.31689,-0.948197,-0.0224209)(0.357163,1.12046,1.09199))

Frame 25
Affine3((0.914775,-0.157104,0.372163)(-0.382497,-0.0405236,0.923068)(-0.129937,-0.98675,-0.0971618)(0.129582,1.13829,1.16662))

Frame 26
Affine3((0.923367,-0.0205271,0.383369)(-0.381383,-0.163614,0.909823)(0.0440484,-0.986311,-0.158904)(-0.0756503,1.1142,1.22718))

Frame 27
Affine3((0.912495,0.10033,0.396595)(-0.359693,-0.265032,0.894639)(0.194869,-0.959006,-0.205752)(-0.248548,1.06321,1.27163))

Frame 28
Affine3((0.888347,0.20114,0.412773)(-0.331613,-0.340756,0.879726)(0.317603,-0.918383,-0.236009)(-0.385066,1.00114,1.29811))

Frame 29
Affine3((0.857161,0.279773,0.432437)(-0.309917,-0.390428,0.866901)(0.411371,-0.877093,-0.247954)(-0.485468,0.942115,1.30481))

Frame 30
Affine3((0.824404,0.335945,0.455522)(-0.304646,-0.414913,0.857344)(0.477022,-0.84557,-0.239711)(-0.551696,0.897256,1.28982))

Frame 31
Affine3((0.791574,0.374075,0.483196)(-0.323216,-0.414763,0.85059)(0.518596,-0.829481,-0.207409)(-0.588289,0.871395,1.24873))

Frame 32
Affine3((0.758317,0.400238,0.514552)(-0.36606,-0.391686,0.844146)(0.539402,-0.828488,-0.150511)(-0.599292,0.862856,1.18103))

Frame 33
Affine3((0.726329,0.418161,0.545516)(-0.428066,-0.345761,0.834991)(0.537779,-0.839994,-0.0721362)(-0.584264,0.868106,1.09081))

Frame 34
Affine3((0.697422,0.431853,0.571931)(-0.501576,-0.275884,0.819945)(0.511882,-0.858715,0.0241997)(-0.542529,0.880659,0.982482))

Frame 35
Affine3((0.674151,0.444371,0.589962)(-0.577207,-0.181385,0.796198)(0.460818,-0.877288,0.134214)(-0.474529,0.892101,0.861181))

Frame 36
Affine3((0.659649,0.457135,0.596566)(-0.644826,-0.0635173,0.761685)(0.386085,-0.887127,0.252873)(-0.383248,0.893193,0.732614))

Frame 37
Affine3((0.657008,0.469691,0.589687)(-0.694761,0.0735837,0.715467)(0.292657,-0.879759,0.374668)(-0.275154,0.875325,0.60281))

Frame 38
Affine3((0.668457,0.479464,0.568577)(-0.719442,0.222992,0.657782)(0.188594,-0.848757,0.494007)(-0.15964,0.83259,0.477652))

Frame 39
Affine3((0.694446,0.482565,0.533737)(-0.714591,0.375635,0.590134)(0.0842875,-0.79122,0.605695)(-0.0479918,0.763126,0.362439))

Frame 40
Affine3((0.733108,0.474739,0.487006)(-0.680042,0.521992,0.514847)(-0.0097951,-0.708623,0.705519)(0.04904,0.669784,0.261246))

Frame 41
Affine3((0.780494,0.452801,0.431045)(-0.619401,0.653491,0.435077)(-0.0846805,-0.606565,0.790511)(0.122874,0.559506,0.17678))

Frame 42
Affine3((0.831273,0.415531,0.369214)(-0.539232,0.764083,0.354126)(-0.13496,-0.493468,0.859229)(0.16907,0.441748,0.110085))

Frame 43
Affine3((0.879945,0.364212,0.305035)(-0.447589,0.850802,0.275317)(-0.159251,-0.378794,0.911677)(0.187554,0.326441,0.060717))

Frame 44
Affine3((0.921952,0.302418,0.241967)(-0.352629,0.913813,0.201491)(-0.160178,-0.27109,0.949133)(0.182304,0.221957,0.0269336))

Frame 45
Affine3((0.954526,0.235324,0.183037)(-0.26152,0.955694,0.135114)(-0.143131,-0.176838,0.973777)(0.159818,0.134007,0.00614971))

Frame 46
Affine3((0.976923,0.168854,0.130801)(-0.179928,0.980584,0.077981)(-0.115094,-0.0997163,0.988337)(0.127756,0.0650632,-0.00472128))

Frame 47
Affine3((0.990215,0.108868,0.0873053)(-0.111974,0.993212,0.0314884)(-0.0832846,-0.0409562,0.995684)(0.0935076,0.0149337,-0.00883532))

Frame 48
Affine3((0.996685,0.060671,0.0541993)(-0.0605851,0.998158,-0.00322842)(-0.0542954,-6.59428e-005,0.998525)(0.0634019,-0.018316,-0.00911975))

Frame 49
Affine3((0.999036,0.0288781,0.0330558)(-0.0280552,0.999291,-0.0250947)(-0.0337571,0.0241431,0.999138)(0.0425447,-0.0371863,-0.00805891))

Frame 50
Affine3((0.999521,0.017476,0.0255527)(-0.0166348,0.999324,-0.0327724)(-0.0261082,0.0323316,0.999136)(0.0348603,-0.0434088,-0.00744981))

