Frame 1
Affine3((1,-1.08179e-008,-1.65716e-008)(-4.08586e-009,1,-4.65784e-010)(-1.22809e-008,-1.66717e-008,1)(0,0,0))

Frame 2
Affine3((0.999946,-0.0103768,-3.65841e-006)(0.0103768,0.999946,-1.52287e-006)(3.71955e-006,1.51646e-006,1)(0.00165211,0.00021718,-8.9407e-007))

Frame 3
Affine3((0.999323,-0.0367906,-2.88976e-005)(0.0367906,0.999323,-1.12814e-005)(2.9316e-005,1.02306e-005,1)(0.00585349,0.000688799,-6.67572e-006))

Frame 4
Affine3((0.997303,-0.0733876,-1.0393e-005)(0.0733876,0.997304,-3.9812e-006)(1.06367e-005,3.18886e-006,1)(0.0117517,0.00117753,-1.78814e-006))

Frame 5
Affine3((0.993324,-0.115358,-3.38144e-005)(0.115358,0.993324,-1.3162e-005)(3.51159e-005,9.17209e-006,1)(0.0185081,0.00145755,-7.03335e-006))

Frame 6
Affine3((0.987374,-0.158409,-3.49689e-005)(0.158409,0.987374,-1.57074e-005)(3.70377e-005,9.9529e-006,1)(0.0255023,0.00145353,-6.02007e-006))

Frame 7
Affine3((0.980097,-0.198519,-9.68143e-006)(0.198519,0.980097,-5.48815e-006)(1.06135e-005,3.44599e-006,1)(0.0320826,0.00117957,8.34465e-007))

Frame 8
Affine3((0.9728,-0.231645,-1.85283e-005)(0.231645,0.9728,-7.28772e-006)(1.97103e-005,2.78657e-006,1)(0.0375165,0.000743568,-8.34465e-007))

Frame 9
Affine3((0.967358,-0.253412,-4.23515e-005)(0.253412,0.967358,-1.58211e-005)(4.49431e-005,4.55464e-006,1)(0.0410836,0.000351951,-6.49691e-006))

Frame 10
Affine3((0.965983,-0.258605,-4.55051e-005)(0.258605,0.965983,-2.08212e-005)(4.93522e-005,8.32643e-006,1)(0.0419371,0.000242703,-6.79493e-006))

Frame 11
Affine3((0.968673,-0.248339,-3.18823e-005)(0.248339,0.968673,-1.31559e-005)(3.4173e-005,4.79628e-006,1)(0.0402555,0.000449754,-3.39746e-006))

Frame 12
Affine3((0.973467,-0.228827,-4.15561e-005)(0.228827,0.973467,-1.77144e-005)(4.45312e-005,7.74133e-006,1)(0.03703,0.000784114,-5.96046e-006))

Frame 13
Affine3((0.979539,-0.201255,-4.57043e-005)(0.201255,0.979539,-2.41268e-005)(4.96097e-005,1.44599e-005,1)(0.0324947,0.00113996,-7.21216e-006))

Frame 14
Affine3((0.986009,-0.166691,-5.67048e-005)(0.166691,0.986009,-2.86109e-005)(6.07081e-005,1.87647e-005,1)(0.0268305,0.0014093,-1.00732e-005))

Frame 15
Affine3((0.99201,-0.126161,-3.17459e-005)(0.126161,0.99201,-1.89982e-005)(3.3853e-005,1.48307e-005,1)(0.020262,0.00148127,-4.41074e-006))

Frame 16
Affine3((0.996739,-0.0806938,-5.3505e-005)(0.0806938,0.996739,-2.97988e-005)(5.56842e-005,2.53533e-005,1)(0.012887,0.00122706,-9.95398e-006))

Frame 17
Affine3((0.99951,-0.0313064,-4.64973e-005)(0.0313064,0.99951,-2.96862e-005)(4.74353e-005,2.82653e-005,1)(0.00495847,0.000581916,-8.64267e-006))

Frame 18
Affine3((0.99978,0.0209571,-3.29781e-005)(-0.0209571,0.99978,-2.15729e-005)(3.25383e-005,2.2304e-005,1)(-0.00336723,-0.000515995,-5.42402e-006))

Frame 19
Affine3((0.997181,0.0750307,-4.51732e-005)(-0.0750306,0.997181,-2.7108e-005)(4.29639e-005,3.04239e-005,1)(-0.0119429,-0.00212532,-8.58307e-006))

Frame 20
Affine3((0.991533,0.129854,-4.65295e-005)(-0.129854,0.991533,-3.03064e-005)(4.2225e-005,3.61039e-005,1)(-0.0205599,-0.00423364,-9.47714e-006))

Frame 21
Affine3((0.982858,0.184363,-3.34844e-005)(-0.184363,0.982858,-2.35412e-005)(2.86013e-005,2.93383e-005,1)(-0.0290486,-0.00680678,-6.31809e-006))

Frame 22
Affine3((0.971382,0.237522,-4.37153e-005)(-0.237522,0.971382,-2.88674e-005)(3.56571e-005,3.84541e-005,1)(-0.0372805,-0.00981256,-8.82149e-006))

Frame 23
Affine3((0.957527,0.288344,-3.07282e-005)(-0.288344,0.957527,-2.068e-005)(2.34699e-005,2.86397e-005,1)(-0.0450691,-0.0131282,-5.90086e-006))

Frame 24
Affine3((0.9419,0.335892,-3.36897e-005)(-0.335892,0.9419,-2.1579e-005)(2.45287e-005,3.1646e-005,1)(-0.052309,-0.0166661,-6.61612e-006))

Frame 25
Affine3((0.925279,0.379287,-2.82852e-005)(-0.379287,0.925279,-1.39267e-005)(2.09311e-005,2.36187e-005,1)(-0.0588607,-0.0202614,-6.07967e-006))

Frame 26
Affine3((0.908579,0.417712,-2.88584e-005)(-0.417712,0.908579,-1.3961e-005)(2.04168e-005,2.47914e-005,1)(-0.0646209,-0.0237689,-6.31809e-006))

Frame 27
Affine3((0.892831,0.450391,-2.59629e-005)(-0.450391,0.892831,-1.04644e-005)(1.84792e-005,2.10711e-005,1)(-0.0694844,-0.0269936,-5.90086e-006))

Frame 28
Affine3((0.879143,0.476558,-2.59665e-005)(-0.476558,0.879143,-1.05623e-005)(1.77808e-005,2.16516e-005,1)(-0.073356,-0.0297515,-5.96046e-006))

Frame 29
Affine3((0.868655,0.495418,-1.9414e-005)(-0.495418,0.868655,-6.52283e-006)(1.36499e-005,1.52727e-005,1)(-0.0761292,-0.0318316,-4.41074e-006))

Frame 30
Affine3((0.862494,0.506067,-2.98832e-005)(-0.506067,0.862494,-1.09098e-005)(2.02937e-005,2.45358e-005,1)(-0.0776985,-0.033057,-7.09295e-006))

Frame 31
Affine3((0.861347,0.508017,-2.80137e-005)(-0.508017,0.861347,-9.98212e-006)(1.90619e-005,2.28431e-005,1)(-0.0779829,-0.0332809,-6.61612e-006))

Frame 32
Affine3((0.864693,0.502301,-7.71992e-006)(-0.502301,0.864693,-4.76565e-006)(4.30019e-006,8.04523e-006,1)(-0.0771311,-0.0326071,-1.72853e-006))

Frame 33
Affine3((0.871732,0.489982,-1.62866e-005)(-0.489982,0.871733,-9.13243e-006)(9.72856e-006,1.59672e-005,1)(-0.0753264,-0.0312216,-3.8743e-006))

Frame 34
Affine3((0.881632,0.471937,-1.26215e-005)(-0.471937,0.881632,-6.63457e-006)(7.97372e-006,1.17827e-005,1)(-0.0726646,-0.0292435,-3.09944e-006))

Frame 35
Affine3((0.893571,0.448923,-2.21158e-005)(-0.448923,0.893571,-1.11128e-005)(1.47551e-005,1.9863e-005,1)(-0.0692631,-0.0268421,-5.48363e-006))

Frame 36
Affine3((0.906769,0.421627,-3.18351e-005)(-0.421627,0.906769,-1.62282e-005)(2.20215e-005,2.81747e-005,1)(-0.065207,-0.0241467,-7.92742e-006))

Frame 37
Affine3((0.92051,0.390718,-2.61853e-005)(-0.390718,0.92051,-1.33889e-005)(1.89246e-005,2.26032e-005,1)(-0.0605769,-0.0212719,-6.55651e-006))

Frame 38
Affine3((0.934158,0.356859,-2.18363e-005)(-0.356859,0.934158,-9.43931e-006)(1.69987e-005,1.65728e-005,1)(-0.0554756,-0.0183468,-5.66244e-006))

Frame 39
Affine3((0.94717,0.320733,-1.75418e-005)(-0.320733,0.94717,-7.46519e-006)(1.4201e-005,1.27058e-005,1)(-0.0499978,-0.0154756,-4.64916e-006))

Frame 40
Affine3((0.959103,0.283056,-8.43072e-006)(-0.283056,0.959103,-8.4386e-006)(5.71553e-006,1.05142e-005,1)(-0.0442438,-0.0127431,-2.38419e-006))

Frame 41
Affine3((0.969631,0.244573,-2.35061e-005)(-0.244574,0.969631,-1.5163e-005)(1.9133e-005,2.04852e-005,1)(-0.0383509,-0.0102294,-6.25849e-006))

Frame 42
Affine3((0.978536,0.206074,-7.3718e-006)(-0.206074,0.978537,-6.77715e-006)(5.84676e-006,8.15031e-006,1)(-0.032395,-0.00795335,-2.26498e-006))

Frame 43
Affine3((0.985721,0.168385,-1.14127e-005)(-0.168385,0.985721,-9.10487e-006)(9.71743e-006,1.09017e-005,1)(-0.0265464,-0.00598238,-3.21865e-006))

Frame 44
Affine3((0.991201,0.132366,-1.66472e-005)(-0.132366,0.991201,-6.86356e-006)(1.55742e-005,8.99313e-006,1)(-0.020929,-0.00431742,-4.41074e-006))

Frame 45
Affine3((0.995094,0.0989308,-4.60462e-005)(-0.0989308,0.995094,-2.33135e-005)(4.35028e-005,2.77533e-005,1)(-0.0157088,-0.00298014,-1.15633e-005))

Frame 46
Affine3((0.997614,0.0690333,-1.92569e-005)(-0.0690333,0.997614,-7.95446e-006)(1.86634e-005,9.28538e-006,1)(-0.0109733,-0.00190423,-5.06639e-006))

Frame 47
Affine3((0.999045,0.0436842,-1.92463e-005)(-0.0436842,0.999045,-9.79992e-006)(1.87951e-005,1.05927e-005,1)(-0.00696279,-0.00112165,-4.76837e-006))

Frame 48
Affine3((0.999712,0.0239892,-2.08462e-005)(-0.0239893,0.999712,-1.04581e-005)(2.06402e-005,1.09525e-005,1)(-0.00383839,-0.000582972,-5.1856e-006))

Frame 49
Affine3((0.999938,0.0111528,-2.0848e-005)(-0.0111527,0.999938,-1.1107e-005)(2.06975e-005,1.13376e-005,1)(-0.00179629,-0.000265135,-5.126e-006))

Frame 50
Affine3((0.999979,0.00653499,-2.62719e-005)(-0.00653498,0.999979,-1.36369e-005)(2.61798e-005,1.37975e-005,1)(-0.00106633,-0.000160323,-6.3777e-006))

