Frame 1
Affine3((1,1.11454e-008,-1.65074e-009)(-9.38665e-009,1,5.3901e-009)(3.00047e-008,4.80722e-009,1)(0,0,0))

Frame 2
Affine3((0.999946,-0.0103704,-3.52504e-006)(0.0103704,0.999946,-3.51174e-006)(3.52469e-006,3.47449e-006,1)(0.00165113,0.000215203,-2.38419e-007))

Frame 3
Affine3((0.999323,-0.036791,-6.43565e-007)(0.036791,0.999323,-5.5054e-007)(6.11709e-007,5.47131e-007,1)(0.00588112,0.000699088,-1.19209e-007))

Frame 4
Affine3((0.997304,-0.0733871,-7.50408e-006)(0.0733871,0.997303,-4.21536e-006)(7.81745e-006,3.63913e-006,1)(0.0117538,0.00117664,1.19209e-007))

Frame 5
Affine3((0.993325,-0.115353,-8.53615e-006)(0.115353,0.993325,-5.36796e-006)(9.09092e-006,4.36387e-006,1)(0.0185323,0.00146267,2.38419e-007))

Frame 6
Affine3((0.987375,-0.158403,-1.58875e-005)(0.158403,0.987375,-8.25636e-006)(1.69963e-005,5.62902e-006,1)(0.0255194,0.0014573,-1.19209e-007))

Frame 7
Affine3((0.980096,-0.198525,-1.56005e-005)(0.198525,0.980096,-3.51125e-006)(1.59915e-005,3.70378e-007,1)(0.0320785,0.00118317,5.96046e-007))

Frame 8
Affine3((0.972799,-0.23165,-1.71474e-005)(0.23165,0.972799,-3.16457e-006)(1.73759e-005,-8.15904e-007,1)(0.0375199,0.00074783,8.34465e-007))

Frame 9
Affine3((0.967359,-0.253408,-2.43474e-005)(0.253408,0.967359,-1.04191e-005)(2.62079e-005,3.89849e-006,1)(0.0410996,0.000352636,-1.19209e-007))

Frame 10
Affine3((0.965984,-0.258601,-2.4248e-005)(0.258601,0.965984,-1.01956e-005)(2.60748e-005,3.56477e-006,1)(0.0419585,0.000247553,-1.19209e-007))

Frame 11
Affine3((0.968674,-0.248335,-2.28277e-005)(0.248335,0.968674,-9.3977e-006)(2.4468e-005,3.45562e-006,1)(0.0402644,0.000451639,-1.19209e-007))

Frame 12
Affine3((0.973467,-0.228827,-2.21783e-005)(0.228827,0.973467,-1.07507e-005)(2.40506e-005,5.38148e-006,1)(0.0370491,0.000785947,-9.53674e-007))

Frame 13
Affine3((0.979539,-0.201255,-2.31434e-005)(0.201255,0.979539,-1.03095e-005)(2.47517e-005,5.44304e-006,1)(0.0325182,0.00114937,-9.53674e-007))

Frame 14
Affine3((0.986009,-0.166689,-2.23787e-005)(0.166689,0.98601,-1.20238e-005)(2.40641e-005,8.10706e-006,1)(0.0268651,0.00141999,-1.19209e-006))

Frame 15
Affine3((0.99201,-0.12616,-2.34304e-005)(0.12616,0.99201,-1.31746e-005)(2.49257e-005,1.01369e-005,1)(0.0202697,0.00148541,-5.96046e-007))

Frame 16
Affine3((0.99674,-0.0806834,-2.60126e-005)(0.0806833,0.99674,-1.97191e-005)(2.75187e-005,1.75376e-005,1)(0.012911,0.00123371,-1.3113e-006))

Frame 17
Affine3((0.99951,-0.0312911,-2.45243e-005)(0.0312911,0.99951,-2.13466e-005)(2.51981e-005,2.0557e-005,1)(0.00497665,0.000588328,-1.66893e-006))

Frame 18
Affine3((0.99978,0.0209578,-1.90453e-005)(-0.0209578,0.99978,-1.3562e-005)(1.87651e-005,1.39607e-005,1)(-0.00335435,-0.000507593,-7.15256e-007))

Frame 19
Affine3((0.997181,0.0750382,-2.03887e-005)(-0.0750382,0.997181,-1.83192e-005)(1.89619e-005,1.9803e-005,1)(-0.0119216,-0.00211549,-1.19209e-006))

Frame 20
Affine3((0.991533,0.129855,-1.81116e-005)(-0.129855,0.991533,-1.35774e-005)(1.62129e-005,1.58196e-005,1)(-0.0205361,-0.0042145,-7.15256e-007))

Frame 21
Affine3((0.982858,0.184365,-1.85069e-005)(-0.184365,0.982858,-1.39375e-005)(1.55453e-005,1.7117e-005,1)(-0.0290376,-0.00679547,-7.15256e-007))

Frame 22
Affine3((0.971382,0.237522,-1.50625e-005)(-0.237522,0.971382,-1.11725e-005)(1.1999e-005,1.4425e-005,1)(-0.0372584,-0.00978935,-4.76837e-007))

Frame 23
Affine3((0.957525,0.288348,-1.36418e-005)(-0.288348,0.957525,-1.13525e-005)(9.82768e-006,1.48059e-005,1)(-0.045057,-0.0131149,-7.15256e-007))

Frame 24
Affine3((0.941898,0.335899,-1.30106e-005)(-0.335899,0.941898,-1.24202e-005)(8.05178e-006,1.60641e-005,1)(-0.0522946,-0.0166522,-5.96046e-007))

Frame 25
Affine3((0.925277,0.379292,-1.10518e-005)(-0.379292,0.925277,-9.3407e-006)(6.68956e-006,1.28315e-005,1)(-0.0588481,-0.0202517,-2.38419e-007))

Frame 26
Affine3((0.90858,0.417711,-7.06241e-006)(-0.417711,0.90858,-4.15553e-006)(4.69487e-006,6.72438e-006,1)(-0.0646064,-0.023751,1.19209e-007))

Frame 27
Affine3((0.892828,0.450398,-8.80684e-006)(-0.450398,0.892828,-4.74924e-006)(5.67642e-006,8.21279e-006,1)(-0.0694739,-0.0269821,1.19209e-007))

Frame 28
Affine3((0.879144,0.476557,-3.93216e-006)(-0.476557,0.879144,-2.34484e-006)(2.33326e-006,3.93219e-006,1)(-0.0733414,-0.029734,4.76837e-007))

Frame 29
Affine3((0.868653,0.495421,-3.06416e-006)(-0.495421,0.868653,-2.71009e-006)(1.27874e-006,3.85728e-006,1)(-0.0761182,-0.0318212,-2.38419e-007))

Frame 30
Affine3((0.862495,0.506066,4.73836e-007)(-0.506066,0.862495,1.81881e-006)(5.23451e-007,-1.80318e-006,1)(-0.0776796,-0.0330307,3.57628e-007))

Frame 31
Affine3((0.861347,0.508017,-5.60972e-007)(-0.508017,0.861347,1.11048e-006)(1.10145e-006,-6.669e-007,1)(-0.0779663,-0.033258,1.19209e-007))

Frame 32
Affine3((0.864694,0.502298,6.01662e-007)(-0.502298,0.864694,1.3754e-006)(2.61305e-007,-1.48343e-006,1)(-0.077127,-0.032598,1.19209e-007))

Frame 33
Affine3((0.871733,0.489982,-8.15434e-007)(-0.489982,0.871733,4.92508e-007)(9.35723e-007,-3.39595e-008,1)(-0.0753183,-0.0312069,0))

Frame 34
Affine3((0.88163,0.47194,-1.99938e-006)(-0.47194,0.88163,-2.47684e-006)(6.24703e-007,3.11695e-006,1)(-0.0726582,-0.0292361,-2.38419e-007))

Frame 35
Affine3((0.89357,0.448924,4.28487e-008)(-0.448924,0.89357,-1.57217e-006)(-7.479e-007,1.37631e-006,1)(-0.0692486,-0.0268253,-2.38419e-007))

Frame 36
Affine3((0.906768,0.42163,-6.65664e-007)(-0.42163,0.906768,3.46642e-007)(7.34397e-007,-2.97913e-008,1)(-0.0651877,-0.0241201,1.19209e-007))

Frame 37
Affine3((0.920507,0.390727,-1.3342e-006)(-0.390727,0.920506,-3.21989e-006)(-5.53305e-008,3.48623e-006,1)(-0.0605604,-0.0212549,-4.76837e-007))

Frame 38
Affine3((0.934157,0.356863,-1.06336e-006)(-0.356863,0.934157,-4.16459e-006)(-4.82846e-007,4.25917e-006,1)(-0.0554598,-0.0183358,-4.76837e-007))

Frame 39
Affine3((0.947168,0.320737,-2.54944e-006)(-0.320737,0.947168,-4.98639e-006)(8.31881e-007,5.54564e-006,1)(-0.0499861,-0.0154696,-5.96046e-007))

Frame 40
Affine3((0.959103,0.283056,-6.86822e-007)(-0.283056,0.959103,-3.55251e-006)(-2.51894e-007,3.59732e-006,1)(-0.0442383,-0.0127371,2.38419e-007))

Frame 41
Affine3((0.969631,0.244573,5.8668e-007)(-0.244573,0.969631,-2.83619e-006)(-1.23942e-006,2.60048e-006,1)(-0.0383317,-0.0102128,-2.38419e-007))

Frame 42
Affine3((0.978535,0.20608,-1.74309e-006)(-0.20608,0.978535,-6.6393e-006)(3.59092e-007,6.85925e-006,1)(-0.0323907,-0.0079529,-8.34465e-007))

Frame 43
Affine3((0.985721,0.168388,-7.66883e-007)(-0.168388,0.985721,-3.12585e-006)(1.97736e-007,3.1923e-006,1)(-0.0265379,-0.00597586,-4.76837e-007))

Frame 44
Affine3((0.991201,0.132369,3.65199e-007)(-0.132369,0.991201,-3.05371e-006)(-7.83565e-007,2.97262e-006,1)(-0.0209137,-0.00431132,-2.38419e-007))

Frame 45
Affine3((0.995094,0.0989297,1.24748e-006)(-0.0989297,0.995094,2.16503e-007)(-1.21715e-006,-3.35632e-007,1)(-0.0156665,-0.00295284,0))

Frame 46
Affine3((0.997614,0.0690351,5.86073e-007)(-0.0690352,0.997614,-1.5323e-006)(-7.27635e-007,1.50216e-006,1)(-0.0109551,-0.00189687,-2.38419e-007))

Frame 47
Affine3((0.999045,0.04368,9.11635e-007)(-0.04368,0.999045,1.62171e-006)(-7.80994e-007,-1.68508e-006,1)(-0.00694355,-0.00110874,2.38419e-007))

Frame 48
Affine3((0.999712,0.023995,-1.71647e-006)(-0.0239951,0.999712,-3.6287e-006)(1.56219e-006,3.67258e-006,1)(-0.00382166,-0.00057666,-3.57628e-007))

Frame 49
Affine3((0.999938,0.0111495,-1.18922e-006)(-0.0111495,0.999938,-7.98083e-007)(1.17132e-006,8.0449e-007,1)(-0.00177805,-0.00025557,0))

Frame 50
Affine3((0.999979,0.00653236,-3.53235e-007)(-0.00653237,0.999979,-3.02368e-007)(2.39842e-007,3.23722e-007,1)(-0.00104162,-0.000147283,-1.19209e-007))

