Frame 1
Affine3((1,-2.77224e-009,2.90427e-009)(-3.36606e-008,1,-6.53247e-010)(5.13323e-011,2.00462e-009,1)(0,0,0))

Frame 2
Affine3((0.999946,-0.0103733,-4.02499e-007)(0.0103733,0.999946,-7.79578e-008)(3.88128e-007,6.71498e-008,1)(0.00165528,0.000219271,0))

Frame 3
Affine3((0.999323,-0.0367858,-2.02819e-006)(0.0367859,0.999323,-1.83468e-007)(2.03444e-006,1.12116e-007,1)(0.0058792,0.000699852,0))

Frame 4
Affine3((0.997304,-0.073386,-5.16482e-006)(0.0733861,0.997304,-2.01086e-006)(5.27046e-006,1.61409e-006,1)(0.0117565,0.0011793,-3.57628e-007))

Frame 5
Affine3((0.993325,-0.115351,-7.90857e-006)(0.115351,0.993325,-2.48864e-006)(8.12674e-006,1.55275e-006,1)(0.0185332,0.00146629,-1.19209e-007))

Frame 6
Affine3((0.987374,-0.158405,-1.1031e-005)(0.158405,0.987374,-3.56373e-006)(1.14372e-005,1.75703e-006,1)(0.0255263,0.00146206,-2.38419e-007))

Frame 7
Affine3((0.980098,-0.198516,-1.41202e-005)(0.198516,0.980098,-5.3279e-006)(1.4881e-005,2.41323e-006,1)(0.0320788,0.00118108,-3.57628e-007))

Frame 8
Affine3((0.972801,-0.231642,-1.66871e-005)(0.231642,0.972801,-6.34616e-006)(1.76816e-005,2.29687e-006,1)(0.0375188,0.000744563,-4.76837e-007))

Frame 9
Affine3((0.967359,-0.253408,-1.92107e-005)(0.253409,0.967359,-6.572e-006)(2.02362e-005,1.48402e-006,1)(0.041107,0.000355821,-1.19209e-007))

Frame 10
Affine3((0.965984,-0.2586,-2.06359e-005)(0.2586,0.965984,-7.68742e-006)(2.19158e-005,2.08485e-006,1)(0.0419634,0.00024968,-4.76837e-007))

Frame 11
Affine3((0.968675,-0.248333,-2.15275e-005)(0.248333,0.968675,-8.51492e-006)(2.29369e-005,2.89366e-006,1)(0.0402663,0.000452839,-5.96046e-007))

Frame 12
Affine3((0.973467,-0.228827,-2.18315e-005)(0.228827,0.973467,-1.0508e-005)(2.36145e-005,5.22437e-006,1)(0.0370496,0.000786263,-1.07288e-006))

Frame 13
Affine3((0.97954,-0.20125,-2.20924e-005)(0.20125,0.97954,-1.13568e-005)(2.38904e-005,6.67592e-006,1)(0.0325186,0.00114835,-1.19209e-006))

Frame 14
Affine3((0.98601,-0.166685,-2.19841e-005)(0.166685,0.98601,-1.21239e-005)(2.3687e-005,8.2882e-006,1)(0.026865,0.00142017,-1.54972e-006))

Frame 15
Affine3((0.99201,-0.12616,-2.14008e-005)(0.12616,0.99201,-1.31048e-005)(2.28395e-005,1.02948e-005,1)(0.0202718,0.00148566,-1.66893e-006))

Frame 16
Affine3((0.996739,-0.0806912,-2.03253e-005)(0.0806913,0.996739,-1.43029e-005)(2.14222e-005,1.26178e-005,1)(0.0129189,0.0012394,-1.66893e-006))

Frame 17
Affine3((0.99951,-0.0313011,-1.96389e-005)(0.0313011,0.99951,-1.42786e-005)(2.00322e-005,1.36539e-005,1)(0.00498369,0.00059662,-1.66893e-006))

Frame 18
Affine3((0.99978,0.0209627,-1.90593e-005)(-0.0209626,0.99978,-1.4041e-005)(1.87437e-005,1.4428e-005,1)(-0.00335514,-0.00050769,-1.78814e-006))

Frame 19
Affine3((0.997181,0.0750381,-1.79407e-005)(-0.0750381,0.997181,-1.37792e-005)(1.68588e-005,1.50708e-005,1)(-0.0119193,-0.00210954,-1.78814e-006))

Frame 20
Affine3((0.991533,0.129858,-1.67283e-005)(-0.129858,0.991533,-1.39985e-005)(1.47545e-005,1.60565e-005,1)(-0.0205351,-0.00421463,-1.78814e-006))

Frame 21
Affine3((0.982858,0.184365,-1.45818e-005)(-0.184365,0.982858,-1.31187e-005)(1.18702e-005,1.55665e-005,1)(-0.0290333,-0.00679359,-1.3113e-006))

Frame 22
Affine3((0.97138,0.23753,-1.34439e-005)(-0.237529,0.97138,-1.10143e-005)(1.04322e-005,1.38765e-005,1)(-0.0372577,-0.00978841,-1.3113e-006))

Frame 23
Affine3((0.957525,0.288349,-1.16428e-005)(-0.288349,0.957525,-1.05118e-005)(8.09004e-006,1.34209e-005,1)(-0.0450552,-0.0131132,-1.07288e-006))

Frame 24
Affine3((0.941901,0.335891,-9.76063e-006)(-0.335891,0.941901,-9.23078e-006)(6.07293e-006,1.19611e-005,1)(-0.0522918,-0.0166472,-9.53674e-007))

Frame 25
Affine3((0.925275,0.379296,-8.20277e-006)(-0.379296,0.925275,-5.59773e-006)(5.43407e-006,8.25063e-006,1)(-0.0588472,-0.0202458,-4.76837e-007))

Frame 26
Affine3((0.908578,0.417714,-6.25033e-006)(-0.417714,0.908578,-5.54029e-006)(3.36428e-006,7.65116e-006,1)(-0.0646052,-0.0237522,-5.96046e-007))

Frame 27
Affine3((0.892827,0.4504,-4.78067e-006)(-0.4504,0.892827,-1.42949e-006)(3.60431e-006,3.41583e-006,1)(-0.0694717,-0.0269758,-1.19209e-007))

Frame 28
Affine3((0.879139,0.476565,-3.41894e-006)(-0.476565,0.879139,-7.49223e-007)(2.63434e-006,2.28707e-006,1)(-0.0733429,-0.0297323,-2.38419e-007))

Frame 29
Affine3((0.86865,0.495426,-2.17752e-006)(-0.495426,0.86865,1.40873e-006)(2.57365e-006,-1.85749e-007,1)(-0.0761202,-0.0318159,1.19209e-007))

Frame 30
Affine3((0.862493,0.506069,-6.66816e-007)(-0.506069,0.862493,-1.34422e-007)(4.68466e-007,4.07484e-007,1)(-0.07768,-0.0330335,0))

Frame 31
Affine3((0.861346,0.508018,1.34952e-007)(-0.508018,0.861346,5.86995e-007)(1.40676e-007,-6.26612e-007,1)(-0.0779654,-0.0332581,1.19209e-007))

Frame 32
Affine3((0.864691,0.502304,5.01583e-007)(-0.502304,0.864691,1.74018e-006)(4.37636e-007,-1.76136e-006,1)(-0.0771278,-0.0325976,1.19209e-007))

Frame 33
Affine3((0.87173,0.489987,5.51426e-007)(-0.489987,0.87173,2.52451e-006)(7.3215e-007,-2.51562e-006,1)(-0.0753186,-0.0312038,2.38419e-007))

Frame 34
Affine3((0.881629,0.471943,7.81423e-007)(-0.471943,0.881629,2.50155e-006)(4.69587e-007,-2.5864e-006,1)(-0.0726583,-0.029229,2.38419e-007))

Frame 35
Affine3((0.893571,0.448922,1.20729e-006)(-0.448922,0.893571,2.00059e-007)(-1.00175e-006,-7.57042e-007,1)(-0.0692481,-0.0268226,1.19209e-007))

Frame 36
Affine3((0.906766,0.421635,7.91009e-007)(-0.421635,0.906766,1.29876e-006)(-1.49917e-007,-1.50877e-006,1)(-0.0651871,-0.0241179,1.19209e-007))

Frame 37
Affine3((0.920508,0.390724,6.43161e-007)(-0.390724,0.920508,7.41582e-007)(-3.13268e-007,-9.6681e-007,1)(-0.0605597,-0.021249,0))

Frame 38
Affine3((0.934158,0.35686,7.67048e-007)(-0.35686,0.934158,-8.29316e-007)(-1.02804e-006,4.80108e-007,1)(-0.0554588,-0.0183313,-1.19209e-007))

Frame 39
Affine3((0.947169,0.320734,7.57743e-007)(-0.320734,0.947169,-1.1904e-006)(-1.116e-006,8.68444e-007,1)(-0.0499836,-0.015464,-1.19209e-007))

Frame 40
Affine3((0.959104,0.283053,7.97556e-007)(-0.283053,0.959104,-2.18426e-006)(-1.41752e-006,1.8476e-006,1)(-0.0442368,-0.0127352,-1.19209e-007))

Frame 41
Affine3((0.969632,0.24457,7.68335e-007)(-0.24457,0.969632,-2.53999e-006)(-1.39914e-006,2.24951e-006,1)(-0.0383314,-0.0102125,-2.38419e-007))

Frame 42
Affine3((0.978536,0.206077,2.3403e-007)(-0.206077,0.978536,-1.06675e-006)(-4.41287e-007,9.94391e-007,1)(-0.0323895,-0.00794575,-1.19209e-007))

Frame 43
Affine3((0.985721,0.168386,2.99973e-007)(-0.168386,0.985721,-8.9364e-007)(-4.46491e-007,8.19186e-007,1)(-0.0265371,-0.00597268,-2.38419e-007))

Frame 44
Affine3((0.9912,0.132371,1.25804e-007)(-0.132371,0.9912,-4.41619e-007)(-2.22923e-007,4.00516e-007,1)(-0.0209145,-0.0043079,0))

Frame 45
Affine3((0.995094,0.0989338,6.04299e-007)(-0.0989338,0.995094,-1.36078e-006)(-7.51726e-007,1.28861e-006,1)(-0.0156674,-0.00295478,-1.19209e-007))

Frame 46
Affine3((0.997614,0.0690351,2.21797e-007)(-0.0690351,0.997614,-3.75181e-007)(-2.48602e-007,3.58503e-007,1)(-0.0109557,-0.00189546,0))

Frame 47
Affine3((0.999045,0.0436873,5.01512e-007)(-0.0436873,0.999045,-4.5492e-007)(-5.35539e-007,4.33287e-007,1)(-0.00694481,-0.0011113,-1.19209e-007))

Frame 48
Affine3((0.999712,0.0239927,2.71453e-008)(-0.0239926,0.999712,5.63543e-007)(-3.57758e-008,-5.89594e-007,1)(-0.00381942,-0.000571348,-1.19209e-007))

Frame 49
Affine3((0.999938,0.0111524,2.59544e-007)(-0.0111524,0.999938,2.78549e-007)(-2.88893e-007,-2.83966e-007,1)(-0.00177674,-0.000254229,0))

Frame 50
Affine3((0.999979,0.00653833,2.82603e-007)(-0.00653833,0.999979,6.73924e-007)(-3.11896e-007,-6.80646e-007,1)(-0.00104168,-0.000145826,0))

