Frame 1
Affine3((1,4.54931e-009,-1.16147e-009)(-1.57816e-009,1,1.31175e-011)(-1.06883e-009,1.60401e-009,1)(0,0,0))

Frame 2
Affine3((0.998196,-0.0596822,0.00660662)(0.0596155,0.998172,0.0098868)(-0.00718462,-0.00947511,0.999929)(0.0162876,0.0234144,-0.000405431))

Frame 3
Affine3((0.976295,-0.215335,0.0218952)(0.214434,0.976019,0.0374748)(-0.0294398,-0.0318914,0.999058)(0.0669925,0.0798657,4.47035e-005))

Frame 4
Affine3((0.9054,-0.422944,0.0370141)(0.419291,0.90445,0.0785192)(-0.0666866,-0.0555716,0.996225)(0.153476,0.142545,0.00442219))

Frame 5
Affine3((0.774815,-0.630623,0.0444641)(0.621847,0.772922,0.126085)(-0.11388,-0.0700429,0.991022)(0.265969,0.186101,0.0142477))

Frame 6
Affine3((0.603943,-0.795937,0.0416888)(0.780401,0.601163,0.171979)(-0.161946,-0.0713314,0.984218)(0.383916,0.198681,0.0282812))

Frame 7
Affine3((0.431696,-0.901482,0.031126)(0.879016,0.42818,0.209743)(-0.202407,-0.063185,0.977261)(0.485875,0.18599,0.0434513))

Frame 8
Affine3((0.297674,-0.954503,0.0177054)(0.926342,0.293277,0.236387)(-0.230825,-0.053965,0.971498)(0.558082,0.165329,0.0566019))

Frame 9
Affine3((0.232419,-0.972596,0.00616367)(0.9409,0.226441,0.251856)(-0.24635,-0.0527367,0.967745)(0.594546,0.156406,0.0656064))

Frame 10
Affine3((0.258668,-0.965966,-0.000257846)(0.933412,0.249882,0.257492)(-0.248664,-0.0668455,0.96628)(0.590954,0.174456,0.0695096))

Frame 11
Affine3((0.364277,-0.931287,-0.00276372)(0.899868,0.35122,0.258616)(-0.239875,-0.0966949,0.965976)(0.552441,0.217801,0.0705804))

Frame 12
Affine3((0.515143,-0.857094,-0.00411559)(0.828248,0.496559,0.259682)(-0.220529,-0.137182,0.965685)(0.486136,0.272484,0.0713669))

Frame 13
Affine3((0.688553,-0.725171,-0.00456801)(0.700914,0.663879,0.260738)(-0.186047,-0.182734,0.965399)(0.389337,0.324701,0.0719458))

Frame 14
Affine3((0.848609,-0.529003,-0.00430807)(0.51151,0.818416,0.261825)(-0.13498,-0.224391,0.965106)(0.26746,0.357615,0.0723768))

Frame 15
Affine3((0.958196,-0.286093,-0.00348256)(0.276903,0.924217,0.262958)(-0.0720116,-0.252929,0.964801)(0.13648,0.359324,0.0727009))

Frame 16
Affine3((0.999398,-0.0346374,-0.0022074)(0.0339902,0.96389,0.264124)(-0.0070209,-0.26404,0.964486)(0.016826,0.330807,0.0729399))

Frame 17
Affine3((0.982402,0.18678,-0.000591991)(-0.179932,0.94722,0.265328)(0.0501188,-0.260552,0.964158)(-0.0773174,0.28512,0.0731238))

Frame 18
Affine3((0.934221,0.356693,0.00127368)(-0.344105,0.900301,0.266554)(0.093931,-0.249458,0.963819)(-0.142875,0.23852,0.0732684))

Frame 19
Affine3((0.8816,0.471986,0.00328161)(-0.455522,0.848986,0.267811)(0.123617,-0.237597,0.963466)(-0.184512,0.202926,0.073403))

Frame 20
Affine3((0.84228,0.539014,0.00532599)(-0.520347,0.810452,0.269087)(0.140725,-0.229418,0.963101)(-0.20881,0.18418,0.073545))

Frame 21
Affine3((0.811687,0.584044,0.00754004)(-0.563963,0.780288,0.270363)(0.15202,-0.223702,0.962729)(-0.225993,0.174159,0.07366))

Frame 22
Affine3((0.778866,0.62711,0.0100671)(-0.605688,0.747899,0.27164)(0.162819,-0.217669,0.962346)(-0.242328,0.163502,0.0737188))

Frame 23
Affine3((0.74469,0.667288,0.0128158)(-0.644608,0.714137,0.272926)(0.172968,-0.211507,0.96195)(-0.257576,0.152574,0.0737461))

Frame 24
Affine3((0.710148,0.703877,0.0157142)(-0.680031,0.679968,0.27423)(0.182339,-0.20543,0.961536)(-0.271545,0.141752,0.0737634))

Frame 25
Affine3((0.676368,0.736327,0.0186984)(-0.711419,0.64649,0.275561)(0.190815,-0.199683,0.961102)(-0.284073,0.131456,0.0737921))

Frame 26
Affine3((0.644604,0.764208,0.0217051)(-0.738353,0.61493,0.276941)(0.198294,-0.194543,0.960642)(-0.295032,0.122154,0.0738523))

Frame 27
Affine3((0.616209,0.787196,0.0246783)(-0.760526,0.586604,0.278381)(0.204664,-0.190309,0.960154)(-0.304295,0.114343,0.0739642))

Frame 28
Affine3((0.592606,0.805021,0.0275475)(-0.777682,0.562901,0.279916)(0.209832,-0.187303,0.959629)(-0.311764,0.108553,0.0741559))

Frame 29
Affine3((0.575329,0.817363,0.0302344)(-0.789522,0.545317,0.281577)(0.213663,-0.18587,0.959062)(-0.317299,0.105358,0.0744565))

Frame 30
Affine3((0.565966,0.823782,0.0326393)(-0.795629,0.535395,0.283419)(0.216,-0.186374,0.958441)(-0.320728,0.105371,0.0749081))

Frame 31
Affine3((0.566687,0.823148,0.0359612)(-0.795632,0.53536,0.283477)(0.214092,-0.189255,0.958304)(-0.318759,0.109579,0.0743464))

Frame 32
Affine3((0.577813,0.815125,0.0412714)(-0.789837,0.545714,0.279918)(0.205646,-0.194338,0.959136)(-0.308682,0.118058,0.0717199))

Frame 33
Affine3((0.598053,0.800008,0.0481581)(-0.778343,0.56543,0.272894)(0.191088,-0.200689,0.960838)(-0.290994,0.129594,0.0672644))

Frame 34
Affine3((0.625924,0.777864,0.0560915)(-0.760923,0.593362,0.262523)(0.170925,-0.207001,0.963294)(-0.266222,0.142487,0.0612613))

Frame 35
Affine3((0.659797,0.748673,0.0644706)(-0.737151,0.628207,0.248928)(0.145865,-0.211766,0.966374)(-0.235089,0.154755,0.0540265))

Frame 36
Affine3((0.697918,0.712484,0.072644)(-0.706564,0.668433,0.232304)(0.116955,-0.213456,0.969927)(-0.198716,0.16434,0.0459213))

Frame 37
Affine3((0.738532,0.669458,0.0799806)(-0.668766,0.71233,0.212926)(0.0855724,-0.210741,0.973789)(-0.158644,0.1694,0.0373266))

Frame 38
Affine3((0.779897,0.619987,0.0858831)(-0.623622,0.757984,0.191195)(0.0534402,-0.202671,0.977788)(-0.116877,0.168519,0.0286429))

Frame 39
Affine3((0.820373,0.564723,0.0898653)(-0.571388,0.803382,0.167611)(0.0224575,-0.188851,0.981749)(-0.0756911,0.160942,0.0202546))

Frame 40
Affine3((0.858511,0.504553,0.0915712)(-0.512766,0.846571,0.142787)(-0.005478,-0.169539,0.985508)(-0.0374306,0.146729,0.0125146))

Frame 41
Affine3((0.893049,0.440699,0.0908213)(-0.449044,0.885762,0.117411)(-0.0287032,-0.145636,0.988922)(-0.00421305,0.126731,0.00572038))

Frame 42
Affine3((0.92303,0.374615,0.0876291)(-0.381963,0.919565,0.0922184)(-0.0460343,-0.118592,0.991876)(0.0223739,0.102513,8.95262e-005))

Frame 43
Affine3((0.947815,0.308037,0.0822234)(-0.313695,0.94709,0.0679394)(-0.0569451,-0.0901871,0.994295)(0.0415032,0.0760739,-0.00426006))

Frame 44
Affine3((0.967132,0.242957,0.0750161)(-0.246696,0.968035,0.0452723)(-0.061619,-0.0622905,0.996154)(0.0531825,0.0495399,-0.00731611))

Frame 45
Affine3((0.981131,0.181505,0.0666267)(-0.183484,0.982709,0.0248351)(-0.060967,-0.0365914,0.997469)(0.0582794,0.0248521,-0.00917745))

Frame 46
Affine3((0.990344,0.126013,0.0577915)(-0.126632,0.991924,0.0071711)(-0.0564211,-0.0144201,0.998303)(0.0582665,0.00350044,-0.0100391))

Frame 47
Affine3((0.99567,0.0787572,0.0493815)(-0.0784927,0.996888,-0.00727442)(-0.0498007,0.00336683,0.998754)(0.0550685,-0.0135665,-0.0101773))

Frame 48
Affine3((0.998217,0.0421306,0.0422961)(-0.0413953,0.998979,-0.0181151)(-0.0430161,0.016332,0.998941)(0.050688,-0.0259395,-0.00991249))

Frame 49
Affine3((0.999128,0.0184417,0.0374479)(-0.0175134,0.999535,-0.0249677)(-0.037891,0.0242901,0.998987)(0.0470151,-0.0334978,-0.00956631))

Frame 50
Affine3((0.999313,0.0100337,0.0356677)(-0.00905929,0.999584,-0.0273748)(-0.0359276,0.0270329,0.998989)(0.0455486,-0.036104,-0.00940812))

