Frame 1
Affine3((1,2.17219e-009,1.14759e-008)(-1.90868e-008,1,-4.34287e-009)(4.15013e-009,7.78278e-009,1)(0,0,0))

Frame 2
Affine3((0.999946,-0.0103607,1.13996e-007)(0.0103607,0.999946,-1.03685e-006)(-1.02167e-007,1.03714e-006,1)(0.00165415,0.000221059,-1.19209e-007))

Frame 3
Affine3((0.999324,-0.0367645,6.66955e-007)(0.0367645,0.999324,-7.78241e-006)(-3.58842e-007,7.79222e-006,1)(0.00587925,0.000695311,-3.57628e-007))

Frame 4
Affine3((0.997308,-0.0733296,-2.89867e-006)(0.0733296,0.997308,-1.24506e-005)(3.80217e-006,1.22032e-005,1)(0.011752,0.00117927,-7.15256e-007))

Frame 5
Affine3((0.99333,-0.115304,-6.3803e-006)(0.115304,0.99333,-1.27036e-005)(7.79564e-006,1.18867e-005,1)(0.0185288,0.00146477,-1.3113e-006))

Frame 6
Affine3((0.987382,-0.158358,-8.54294e-006)(0.158358,0.987382,-1.37637e-005)(1.06213e-005,1.22495e-005,1)(0.0255227,0.00146063,-1.19209e-006))

Frame 7
Affine3((0.980106,-0.198476,-1.27393e-005)(0.198476,0.980106,-1.46866e-005)(1.53805e-005,1.1865e-005,1)(0.0320749,0.00117946,-7.15256e-007))

Frame 8
Affine3((0.972809,-0.231607,-1.597e-005)(0.231607,0.972809,-1.57639e-005)(1.91754e-005,1.16497e-005,1)(0.0375141,0.00074213,-1.07288e-006))

Frame 9
Affine3((0.967368,-0.253375,-1.50813e-005)(0.253375,0.967368,-1.58062e-005)(1.85736e-005,1.14748e-005,1)(0.0411061,0.000352375,-5.96046e-007))

Frame 10
Affine3((0.966,-0.258544,-1.71929e-005)(0.258544,0.966,-2.11061e-005)(2.20534e-005,1.59423e-005,1)(0.0419589,0.00024724,-1.43051e-006))

Frame 11
Affine3((0.968683,-0.248301,-1.59101e-005)(0.248301,0.968683,-1.75544e-005)(1.97796e-005,1.30645e-005,1)(0.0402673,0.000449128,-7.15256e-007))

Frame 12
Affine3((0.973475,-0.228794,-2.02831e-005)(0.228794,0.973475,-1.91465e-005)(2.4129e-005,1.39961e-005,1)(0.0370464,0.000784002,-1.78814e-006))

Frame 13
Affine3((0.979549,-0.201204,-1.75842e-005)(0.201204,0.979549,-2.20159e-005)(2.16436e-005,1.8039e-005,1)(0.0325173,0.00114609,-1.54972e-006))

Frame 14
Affine3((0.986018,-0.166638,-1.75284e-005)(0.166638,0.986018,-2.32825e-005)(2.11459e-005,2.00484e-005,1)(0.0268637,0.00141753,-1.78814e-006))

Frame 15
Affine3((0.992016,-0.126112,-1.68243e-005)(0.126112,0.992016,-2.30165e-005)(1.96027e-005,2.06974e-005,1)(0.0202709,0.00148448,-1.78814e-006))

Frame 16
Affine3((0.996742,-0.0806544,-1.62625e-005)(0.0806544,0.996742,-2.28846e-005)(1.80492e-005,2.14914e-005,1)(0.0129188,0.0012372,-1.54972e-006))

Frame 17
Affine3((0.999511,-0.0312574,-1.68851e-005)(0.0312574,0.999511,-2.3519e-005)(1.75704e-005,2.29839e-005,1)(0.00498137,0.000595205,-2.02656e-006))

Frame 18
Affine3((0.999779,0.0210105,-1.6322e-005)(-0.0210105,0.999779,-2.32634e-005)(1.58082e-005,2.362e-005,1)(-0.00335765,-0.000508294,-2.14577e-006))

Frame 19
Affine3((0.997176,0.0751002,-1.21851e-005)(-0.0751003,0.997176,-2.79021e-005)(1.00362e-005,2.87447e-005,1)(-0.01192,-0.0021129,-1.78814e-006))

Frame 20
Affine3((0.991526,0.129905,-1.37405e-005)(-0.129905,0.991526,-2.491e-005)(1.03763e-005,2.64856e-005,1)(-0.020537,-0.0042173,-3.21865e-006))

Frame 21
Affine3((0.98285,0.184406,-1.22734e-005)(-0.184406,0.98285,-2.31383e-005)(7.78864e-006,2.50179e-005,1)(-0.0290355,-0.00679693,-2.98023e-006))

Frame 22
Affine3((0.97137,0.237571,-1.14008e-005)(-0.237571,0.97137,-2.03682e-005)(6.22229e-006,2.24979e-005,1)(-0.0372606,-0.00979052,-2.6226e-006))

Frame 23
Affine3((0.957518,0.288374,-1.02066e-005)(-0.288374,0.957518,-1.57924e-005)(5.20993e-006,1.80611e-005,1)(-0.0450566,-0.0131141,-2.02656e-006))

Frame 24
Affine3((0.941884,0.335938,-8.62105e-006)(-0.335938,0.941884,-1.77255e-005)(2.17571e-006,1.95899e-005,1)(-0.052296,-0.016649,-2.02656e-006))

Frame 25
Affine3((0.925267,0.379316,-5.67804e-006)(-0.379316,0.925267,-1.44787e-005)(-2.5728e-007,1.55583e-005,1)(-0.0588456,-0.0202505,-1.43051e-006))

Frame 26
Affine3((0.908558,0.417759,-4.43523e-006)(-0.417759,0.908558,-1.42214e-005)(-1.91465e-006,1.47647e-005,1)(-0.0646089,-0.023754,-1.3113e-006))

Frame 27
Affine3((0.892808,0.450438,-5.67722e-006)(-0.450438,0.892808,-9.95556e-006)(5.74643e-007,1.14444e-005,1)(-0.0694775,-0.0269793,-1.07288e-006))

Frame 28
Affine3((0.879131,0.476579,-6.59226e-007)(-0.476579,0.879131,-4.80647e-006)(-1.73652e-006,4.53726e-006,1)(-0.0733417,-0.0297326,-1.19209e-007))

Frame 29
Affine3((0.868649,0.495427,-1.72322e-007)(-0.495427,0.868649,-3.44863e-006)(-1.57467e-006,3.07086e-006,1)(-0.0761166,-0.031819,-1.19209e-007))

Frame 30
Affine3((0.862488,0.506077,-6.40084e-007)(-0.506077,0.862488,-2.29103e-006)(-6.26841e-007,2.29166e-006,1)(-0.077681,-0.0330346,-2.38419e-007))

Frame 31
Affine3((0.861341,0.508028,8.36221e-007)(-0.508028,0.861341,-2.67617e-006)(-2.06804e-006,1.89362e-006,1)(-0.0779653,-0.0332599,-1.19209e-007))

Frame 32
Affine3((0.864688,0.50231,3.63703e-006)(-0.50231,0.864688,3.66302e-007)(-2.98892e-006,-2.14902e-006,1)(-0.0771261,-0.0325962,8.34465e-007))

Frame 33
Affine3((0.871725,0.489996,-1.70885e-006)(-0.489996,0.871725,-1.64854e-006)(6.56667e-007,2.27576e-006,1)(-0.0753215,-0.0312076,-4.76837e-007))

Frame 34
Affine3((0.881626,0.471949,9.69495e-007)(-0.471949,0.881626,-2.41429e-006)(-2.00677e-006,1.66853e-006,1)(-0.0726577,-0.0292326,-1.19209e-007))

Frame 35
Affine3((0.893571,0.448922,1.74529e-006)(-0.448922,0.893571,5.38872e-007)(-1.33062e-006,-1.25808e-006,1)(-0.0692477,-0.0268224,4.76837e-007))

Frame 36
Affine3((0.906759,0.42165,1.51998e-006)(-0.42165,0.906759,-1.78749e-006)(-2.14125e-006,9.84729e-007,1)(-0.0651889,-0.0241182,0))

Frame 37
Affine3((0.920511,0.390717,-1.06764e-008)(-0.390717,0.920511,-9.07034e-007)(-3.46097e-007,8.38599e-007,1)(-0.0605587,-0.0212518,-2.38419e-007))

Frame 38
Affine3((0.934151,0.356877,2.23141e-006)(-0.356877,0.934151,-4.03732e-006)(-3.57041e-006,2.97357e-006,1)(-0.0554594,-0.0183318,-1.19209e-007))

Frame 39
Affine3((0.947166,0.320743,4.65683e-009)(-0.320743,0.947166,-2.16478e-006)(-6.95568e-007,2.05823e-006,1)(-0.0499858,-0.0154643,-3.57628e-007))

Frame 40
Affine3((0.959098,0.283073,-5.86606e-007)(-0.283073,0.959098,-2.88143e-006)(-2.67679e-007,2.92714e-006,1)(-0.0442414,-0.0127338,-4.76837e-007))

Frame 41
Affine3((0.969628,0.244585,3.79678e-007)(-0.244585,0.969628,-2.52926e-006)(-9.89447e-007,2.35689e-006,1)(-0.0383341,-0.0102106,-3.57628e-007))

Frame 42
Affine3((0.978535,0.206081,-5.48007e-007)(-0.206081,0.978535,-2.18547e-006)(8.2599e-008,2.25194e-006,1)(-0.032391,-0.00794637,-3.57628e-007))

Frame 43
Affine3((0.985719,0.168397,2.19009e-006)(-0.168397,0.985719,-4.67162e-006)(-2.95785e-006,4.23854e-006,1)(-0.026536,-0.00597464,-2.38419e-007))

Frame 44
Affine3((0.991198,0.132388,1.30138e-006)(-0.132388,0.991198,-6.58822e-006)(-2.18663e-006,6.35881e-006,1)(-0.0209149,-0.00431152,-5.96046e-007))

Frame 45
Affine3((0.995094,0.0989349,-2.00787e-007)(-0.0989349,0.995094,6.58675e-007)(2.55493e-007,-6.29147e-007,1)(-0.0156689,-0.00295226,0))

Frame 46
Affine3((0.997614,0.0690369,1.47365e-006)(-0.0690369,0.997614,5.14017e-007)(-1.42496e-006,-6.17378e-007,1)(-0.0109547,-0.00189388,3.57628e-007))

Frame 47
Affine3((0.999045,0.043703,-4.81436e-007)(-0.043703,0.999045,-3.66651e-006)(3.31955e-007,3.69165e-006,1)(-0.00694799,-0.00111179,-5.96046e-007))

Frame 48
Affine3((0.999712,0.0240082,1.89936e-006)(-0.0240082,0.999712,-3.36418e-006)(-2.01352e-006,3.32571e-006,1)(-0.00381924,-0.000572518,0))

Frame 49
Affine3((0.999938,0.0111721,2.23386e-006)(-0.0111721,0.999938,-3.95875e-006)(-2.26656e-006,3.93257e-006,1)(-0.00177702,-0.000255175,-1.19209e-007))

Frame 50
Affine3((0.999978,0.00656065,-1.28814e-006)(-0.00656064,0.999978,-1.76602e-006)(1.2438e-006,1.79791e-006,1)(-0.0010463,-0.000144131,-3.57628e-007))

