Frame 1
Affine3((1,-6.9306e-010,7.26067e-010)(6.9306e-010,1,-1.63312e-010)(-7.26067e-010,1.63312e-010,1)(0,0,0))

Frame 2
Affine3((0.999997,-0.00259337,-1.00574e-007)(0.00259337,0.999997,-1.97503e-008)(1.00625e-007,1.94895e-008,1)(0.00165528,0.000219271,0))

Frame 3
Affine3((0.999958,-0.0091984,-5.06604e-007)(0.0091984,0.999958,-5.05291e-008)(5.07048e-007,4.5867e-008,1)(0.0058792,0.000699852,0))

Frame 4
Affine3((0.999831,-0.018362,-1.28176e-006)(0.018362,0.999831,-5.26339e-007)(1.2912e-006,5.02715e-007,1)(0.0117565,0.0011793,-3.57628e-007))

Frame 5
Affine3((0.999582,-0.0288981,-1.95834e-006)(0.0288981,0.999582,-6.79036e-007)(1.97714e-006,6.2216e-007,1)(0.0185332,0.00146629,-1.19209e-007))

Frame 6
Affine3((0.999209,-0.0397583,-2.72015e-006)(0.0397583,0.999209,-9.99872e-007)(2.75775e-006,8.90932e-007,1)(0.0255263,0.00146206,-2.38419e-007))

Frame 7
Affine3((0.998752,-0.0499401,-3.45913e-006)(0.0499401,0.998752,-1.5066e-006)(3.53005e-006,1.33197e-006,1)(0.0320788,0.00118108,-3.57628e-007))

Frame 8
Affine3((0.998293,-0.0584081,-4.07199e-006)(0.0584081,0.998293,-1.8275e-006)(4.17177e-006,1.58654e-006,1)(0.0375188,0.000744563,-4.76837e-007))

Frame 9
Affine3((0.997949,-0.0640067,-4.68766e-006)(0.0640067,0.997949,-1.94703e-006)(4.80267e-006,1.643e-006,1)(0.041107,0.000355821,-1.19209e-007))

Frame 10
Affine3((0.997863,-0.0653466,-5.02236e-006)(0.0653466,0.997863,-2.25487e-006)(5.15898e-006,1.92186e-006,1)(0.0419634,0.00024968,-4.76837e-007))

Frame 11
Affine3((0.998033,-0.0626986,-5.23782e-006)(0.0626986,0.998033,-2.46198e-006)(5.38187e-006,2.12873e-006,1)(0.0402663,0.000452839,-5.96046e-007))

Frame 12
Affine3((0.998335,-0.0576861,-5.29725e-006)(0.0576861,0.998335,-2.93747e-006)(5.45787e-006,2.627e-006,1)(0.0370496,0.000786263,-1.07288e-006))

Frame 13
Affine3((0.998717,-0.0506368,-5.37225e-006)(0.0506368,0.998717,-3.11523e-006)(5.5231e-006,2.8392e-006,1)(0.0325186,0.00114835,-1.19209e-006))

Frame 14
Affine3((0.999124,-0.0418544,-5.36435e-006)(0.0418544,0.999124,-3.25835e-006)(5.49603e-006,3.03097e-006,1)(0.026865,0.00142017,-1.54972e-006))

Frame 15
Affine3((0.9995,-0.031619,-5.24393e-006)(0.031619,0.9995,-3.44373e-006)(5.3502e-006,3.2762e-006,1)(0.0202718,0.00148566,-1.66893e-006))

Frame 16
Affine3((0.999796,-0.0201934,-5.00808e-006)(0.0201934,0.999796,-3.67761e-006)(5.08133e-006,3.57573e-006,1)(0.0129189,0.0012394,-1.66893e-006))

Frame 17
Affine3((0.999969,-0.00782647,-4.88164e-006)(0.00782647,0.999969,-3.60797e-006)(4.90972e-006,3.56965e-006,1)(0.00498369,0.00059662,-1.66893e-006))

Frame 18
Affine3((0.999986,0.00524104,-4.78316e-006)(-0.00524104,0.999986,-3.48523e-006)(4.76483e-006,3.51025e-006,1)(-0.00335514,-0.00050769,-1.78814e-006))

Frame 19
Affine3((0.999824,0.0187761,-4.54906e-006)(-0.0187761,0.999824,-3.35998e-006)(4.48517e-006,3.4448e-006,1)(-0.0119193,-0.00210954,-1.78814e-006))

Frame 20
Affine3((0.99947,0.0325507,-4.29377e-006)(-0.0325507,0.99947,-3.36164e-006)(4.18207e-006,3.49963e-006,1)(-0.0205351,-0.00421463,-1.78814e-006))

Frame 21
Affine3((0.998926,0.0463398,-3.79351e-006)(-0.0463398,0.998926,-3.10722e-006)(3.64545e-006,3.27967e-006,1)(-0.0290333,-0.00679359,-1.3113e-006))

Frame 22
Affine3((0.998203,0.0599197,-3.51993e-006)(-0.0599197,0.998203,-2.54724e-006)(3.36097e-006,2.75358e-006,1)(-0.0372577,-0.00978841,-1.3113e-006))

Frame 23
Affine3((0.997328,0.0730604,-3.09492e-006)(-0.0730604,0.997328,-2.40827e-006)(2.9107e-006,2.62795e-006,1)(-0.0450552,-0.0131132,-1.07288e-006))

Frame 24
Affine3((0.996335,0.0855331,-2.6286e-006)(-0.0855331,0.996335,-2.09052e-006)(2.44016e-006,2.3077e-006,1)(-0.0522918,-0.0166472,-9.53674e-007))

Frame 25
Affine3((0.995274,0.0971056,-2.17689e-006)(-0.0971056,0.995274,-1.19369e-006)(2.05069e-006,1.39943e-006,1)(-0.0588472,-0.0202458,-4.76837e-007))

Frame 26
Affine3((0.994202,0.107524,-1.70245e-006)(-0.107524,0.994202,-1.20903e-006)(1.56258e-006,1.38507e-006,1)(-0.0646052,-0.0237522,-5.96046e-007))

Frame 27
Affine3((0.993186,0.116538,-1.22867e-006)(-0.116538,0.993186,-2.15655e-007)(1.19517e-006,3.57372e-007,1)(-0.0694717,-0.0269758,-1.19209e-007))

Frame 28
Affine3((0.992299,0.123867,-8.71354e-007)(-0.123867,0.992299,-7.99899e-008)(8.54735e-007,1.87306e-007,1)(-0.0733429,-0.0297323,-2.38419e-007))

Frame 29
Affine3((0.991616,0.129219,-4.94307e-007)(-0.129219,0.991616,4.19574e-007)(5.4438e-007,-3.52182e-007,1)(-0.0761202,-0.0318159,1.19209e-007))

Frame 30
Affine3((0.991214,0.132267,-1.69684e-007)(-0.132267,0.991214,-1.12609e-008)(1.66704e-007,3.36055e-008,1)(-0.07768,-0.0330335,0))

Frame 31
Affine3((0.991139,0.132827,5.29312e-008)(-0.132827,0.991139,1.40967e-007)(-3.3738e-008,-1.46749e-007,1)(-0.0779654,-0.0332581,1.19209e-007))

Frame 32
Affine3((0.991358,0.131186,1.81384e-007)(-0.131186,0.991358,4.14835e-007)(-1.25396e-007,-4.35045e-007,1)(-0.0771278,-0.0325976,1.19209e-007))

Frame 33
Affine3((0.991817,0.127669,2.17304e-007)(-0.127669,0.991817,6.08363e-007)(-1.37857e-007,-6.31127e-007,1)(-0.0753186,-0.0312038,2.38419e-007))

Frame 34
Affine3((0.992461,0.122564,2.70533e-007)(-0.122564,0.992461,5.96729e-007)(-1.95356e-007,-6.25387e-007,1)(-0.0726583,-0.029229,2.38419e-007))

Frame 35
Affine3((0.993234,0.116127,3.05589e-007)(-0.116127,0.993234,1.46266e-008)(-3.01822e-007,-5.00148e-008,1)(-0.0692481,-0.0268226,1.19209e-007))

Frame 36
Affine3((0.994086,0.108597,2.31843e-007)(-0.108597,0.994086,3.01294e-007)(-1.97752e-007,-3.2469e-007,1)(-0.0651871,-0.0241179,1.19209e-007))

Frame 37
Affine3((0.994969,0.100186,1.78555e-007)(-0.100186,0.994969,1.68354e-007)(-1.6079e-007,-1.85396e-007,1)(-0.0605597,-0.021249,0))

Frame 38
Affine3((0.995842,0.0910996,1.72077e-007)(-0.0910996,0.995842,-2.23936e-007)(-1.91762e-007,2.07329e-007,1)(-0.0554588,-0.0183313,-1.19209e-007))

Frame 39
Affine3((0.99667,0.0815355,1.6454e-007)(-0.0815355,0.99667,-3.12055e-007)(-1.89436e-007,2.976e-007,1)(-0.0499836,-0.015464,-1.19209e-007))

Frame 40
Affine3((0.997428,0.0716824,1.59733e-007)(-0.0716824,0.997428,-5.58953e-007)(-1.99389e-007,5.46065e-007,1)(-0.0442368,-0.0127352,-1.19209e-007))

Frame 41
Affine3((0.998093,0.0617298,1.52519e-007)(-0.0617298,0.998093,-6.45644e-007)(-1.92084e-007,6.34997e-007,1)(-0.0383314,-0.0102125,-2.38419e-007))

Frame 42
Affine3((0.998654,0.0518678,4.45963e-008)(-0.0518678,0.998654,-2.69363e-007)(-5.85075e-008,2.66687e-007,1)(-0.0323895,-0.00794575,-1.19209e-007))

Frame 43
Affine3((0.999106,0.0422854,6.54792e-008)(-0.0422854,0.999106,-2.26381e-007)(-7.49933e-008,2.2341e-007,1)(-0.0265371,-0.00597268,-2.38419e-007))

Frame 44
Affine3((0.999449,0.0331841,2.777e-008)(-0.0331841,0.999449,-1.11388e-007)(-3.1451e-008,1.10405e-007,1)(-0.0209145,-0.0043079,0))

Frame 45
Affine3((0.999693,0.0247714,1.42601e-007)(-0.0247714,0.999693,-3.43833e-007)(-1.51075e-007,3.40195e-007,1)(-0.0156674,-0.00295478,-1.19209e-007))

Frame 46
Affine3((0.999851,0.0172717,5.3821e-008)(-0.0172717,0.999851,-9.4739e-008)(-5.54492e-008,9.37953e-008,1)(-0.0109557,-0.00189546,0))

Frame 47
Affine3((0.99994,0.0109251,1.24128e-007)(-0.0109251,0.99994,-1.15093e-007)(-1.25378e-007,1.1373e-007,1)(-0.00694481,-0.0011113,-1.19209e-007))

Frame 48
Affine3((0.999982,0.00599872,7.63134e-009)(-0.00599872,0.999982,1.40843e-007)(-6.78632e-009,-1.40886e-007,1)(-0.00381942,-0.000571348,-1.19209e-007))

Frame 49
Affine3((0.999996,0.00278815,6.50799e-008)(-0.00278815,0.999996,6.94561e-008)(-6.4886e-008,-6.96373e-008,1)(-0.00177674,-0.000254229,0))

Frame 50
Affine3((0.999999,0.00163459,7.09261e-008)(-0.00163459,0.999999,1.68365e-007)(-7.06507e-008,-1.68481e-007,1)(-0.00104168,-0.000145826,0))

