Frame 1
Affine3((1,4.70444e-009,-3.84432e-009)(-8.47903e-009,1,3.24619e-009)(6.44989e-010,-1.3252e-009,1)(0,0,0))

Frame 2
Affine3((0.996674,-0.0680859,-0.044782)(0.0687694,0.997536,0.0139034)(0.043725,-0.0169368,0.9989)(-0.0311468,0.032953,0.0159653))

Frame 3
Affine3((0.956935,-0.236591,-0.168225)(0.24805,0.967434,0.0504171)(0.150819,-0.0899741,0.984458)(-0.0967636,0.140872,0.070763))

Frame 4
Affine3((0.83678,-0.425027,-0.345182)(0.482679,0.870232,0.0985698)(0.258494,-0.249093,0.933345)(-0.131835,0.325204,0.178123))

Frame 5
Affine3((0.645115,-0.542697,-0.537872)(0.704996,0.694203,0.14513)(0.29463,-0.472823,0.830441)(-0.0794248,0.538625,0.339839))

Frame 6
Affine3((0.446626,-0.548939,-0.706535)(0.863541,0.47112,0.179841)(0.234141,-0.690444,0.684446)(0.0584766,0.707036,0.534521))

Frame 7
Affine3((0.302105,-0.473736,-0.827228)(0.946146,0.254933,0.199539)(0.116359,-0.842961,0.52524)(0.224855,0.791313,0.72591))

Frame 8
Affine3((0.22691,-0.376078,-0.898375)(0.973903,0.0922616,0.207365)(0.0049004,-0.921984,0.387198)(0.357542,0.808528,0.880786))

Frame 9
Affine3((0.202848,-0.299385,-0.932321)(0.977863,0.0120086,0.2089)(-0.0513458,-0.954057,0.295193)(0.419964,0.802556,0.979508))

Frame 10
Affine3((0.210376,-0.260141,-0.942374)(0.977358,0.0336226,0.208905)(-0.0226596,-0.964985,0.261324)(0.392812,0.80788,1.01496))

Frame 11
Affine3((0.238033,-0.232522,-0.943013)(0.967536,0.141678,0.209289)(0.0849403,-0.962217,0.258698)(0.28469,0.822712,1.01762))

Frame 12
Affine3((0.27377,-0.187689,-0.943304)(0.930031,0.301635,0.209901)(0.245137,-0.934767,0.257136)(0.120353,0.822311,1.01927))

Frame 13
Affine3((0.308333,-0.12286,-0.943311)(0.842424,0.49588,0.210772)(0.441874,-0.859656,0.256396)(-0.0875202,0.78114,1.02013))

Frame 14
Affine3((0.330053,-0.0406737,-0.943086)(0.690592,0.691518,0.211864)(0.643543,-0.721213,0.256327)(-0.309672,0.678775,1.02035))

Frame 15
Affine3((0.330104,0.0488258,-0.942681)(0.48307,0.849242,0.213145)(0.810972,-0.525741,0.256752)(-0.506145,0.515686,1.02012))

Frame 16
Affine3((0.308269,0.131835,-0.94212)(0.252359,0.943535,0.214607)(0.917216,-0.303909,0.257593)(-0.645751,0.318462,1.01949))

Frame 17
Affine3((0.272852,0.198141,-0.941431)(0.0374974,0.975627,0.216206)(0.961325,-0.0942934,0.258772)(-0.722133,0.125292,1.01854))

Frame 18
Affine3((0.234911,0.244892,-0.940662)(-0.135103,0.966575,0.217899)(0.962582,0.0758993,0.260145)(-0.750737,-0.0341175,1.01741))

Frame 19
Affine3((0.203115,0.27471,-0.939829)(-0.256583,0.941229,0.219667)(0.944939,0.196527,0.261664)(-0.754088,-0.146455,1.01615))

Frame 20
Affine3((0.182099,0.29186,-0.938966)(-0.329179,0.917926,0.221481)(0.926543,0.268756,0.263227)(-0.750469,-0.210532,1.01485))

Frame 21
Affine3((0.166875,0.303676,-0.938048)(-0.378933,0.898073,0.223325)(0.910254,0.31819,0.264939)(-0.746311,-0.251747,1.01341))

Frame 22
Affine3((0.151257,0.314855,-0.93701)(-0.427277,0.875612,0.22525)(0.891379,0.366292,0.266973)(-0.739879,-0.29244,1.01165))

Frame 23
Affine3((0.135501,0.325164,-0.9359)(-0.473147,0.851176,0.227225)(0.870501,0.412029,0.269186)(-0.731454,-0.331664,1.00973))

Frame 24
Affine3((0.120013,0.334503,-0.934722)(-0.515664,0.825557,0.229229)(0.848344,0.454492,0.271569)(-0.721467,-0.368566,1.00764))

Frame 25
Affine3((0.105161,0.342806,-0.933502)(-0.554034,0.799726,0.231267)(0.825826,0.492871,0.274026)(-0.710503,-0.402338,1.00548))

Frame 26
Affine3((0.0913579,0.350027,-0.932274)(-0.587577,0.774799,0.233322)(0.803994,0.526467,0.276452)(-0.699264,-0.432232,1.00337))

Frame 27
Affine3((0.0791423,0.356258,-0.93103)(-0.615712,0.751985,0.235408)(0.783987,0.554616,0.278866)(-0.688559,-0.457531,1.00126))

Frame 28
Affine3((0.0689944,0.36152,-0.929808)(-0.637861,0.732611,0.237517)(0.767055,0.576701,0.281146)(-0.679267,-0.477517,0.999304))

Frame 29
Affine3((0.0614902,0.365889,-0.928625)(-0.65342,0.718058,0.239656)(0.754494,0.592045,0.283233)(-0.672313,-0.49142,0.997542))

Frame 30
Affine3((0.0572109,0.369377,-0.927517)(-0.661617,0.709768,0.241851)(0.747656,0.599824,0.284993)(-0.668641,-0.498333,0.996115))

Frame 31
Affine3((0.0648036,0.378091,-0.923497)(-0.662089,0.708698,0.24369)(0.746618,0.595646,0.296256)(-0.66956,-0.495712,0.984594))

Frame 32
Affine3((0.0913442,0.396543,-0.913461)(-0.655555,0.714439,0.244591)(0.749602,0.576482,0.325215)(-0.674862,-0.481914,0.954071))

Frame 33
Affine3((0.135544,0.421434,-0.896673)(-0.642655,0.726207,0.244169)(0.75407,0.543155,0.36927)(-0.682255,-0.456978,0.906791))

Frame 34
Affine3((0.196038,0.448419,-0.87206)(-0.623876,0.743149,0.241886)(0.756537,0.496639,0.425443)(-0.688545,-0.420968,0.845245))

Frame 35
Affine3((0.270894,0.472722,-0.838541)(-0.599606,0.76434,0.237187)(0.753053,0.438542,0.490502)(-0.68999,-0.374539,0.772166))

Frame 36
Affine3((0.357226,0.489652,-0.795381)(-0.570131,0.788831,0.229559)(0.739825,0.371466,0.560957)(-0.682811,-0.319337,0.690639))

Frame 37
Affine3((0.451165,0.495302,-0.742379)(-0.535686,0.815626,0.218619)(0.713786,0.299049,0.633308)(-0.663741,-0.258159,0.603933))

Frame 38
Affine3((0.54794,0.487036,-0.680116)(-0.496481,0.843692,0.20418)(0.673252,0.225786,0.704097)(-0.630667,-0.194851,0.515534))

Frame 39
Affine3((0.642526,0.46401,-0.609799)(-0.452854,0.871905,0.186295)(0.61813,0.156451,0.77035)(-0.582976,-0.133838,0.428676))

Frame 40
Affine3((0.730093,0.427141,-0.533399)(-0.405277,0.899127,0.165288)(0.550195,0.0954992,0.829557)(-0.521891,-0.0795048,0.346402))

Frame 41
Affine3((0.806758,0.378976,-0.453342)(-0.354513,0.924244,0.14175)(0.472718,0.0463579,0.879993)(-0.450249,-0.0354687,0.271169))

Frame 42
Affine3((0.869987,0.323156,-0.372415)(-0.301624,0.946282,0.116505)(0.390059,0.0109717,0.920725)(-0.372158,-0.00401328,0.204806))

Frame 43
Affine3((0.918896,0.263854,-0.293277)(-0.248064,0.964507,0.0905074)(0.306748,-0.0104156,0.951734)(-0.292138,0.0142248,0.148238))

Frame 44
Affine3((0.954019,0.205094,-0.218595)(-0.195516,0.978556,0.0648225)(0.227202,-0.019103,0.97366)(-0.214745,0.0202265,0.101779))

Frame 45
Affine3((0.977089,0.150365,-0.150625)(-0.14587,0.988473,0.0405283)(0.154983,-0.0176282,0.98776)(-0.143803,0.0163252,0.0650197))

Frame 46
Affine3((0.99054,0.10236,-0.091393)(-0.101069,0.994705,0.0186538)(0.0928184,-0.00924035,0.99564)(-0.0823132,0.00570522,0.0371446))

Frame 47
Affine3((0.997107,0.0630092,-0.0425151)(-0.0630602,0.99801,0.00014154)(0.0424394,0.0025399,0.999096)(-0.0322524,-0.00807263,0.0170211))

Frame 48
Affine3((0.999419,0.0336264,-0.00556338)(-0.0337021,0.999332,-0.0141232)(0.00508481,0.0143025,0.999885)(0.00496987,-0.0214798,0.00353253))

Frame 49
Affine3((0.999723,0.015211,0.0179536)(-0.0147907,0.999619,-0.0233187)(-0.0183015,0.0230467,0.999567)(0.0283049,-0.0313544,-0.00427526))

Frame 50
Affine3((0.999617,0.00878976,0.0262505)(-0.00809163,0.999614,-0.0265855)(-0.026474,0.0263629,0.999302)(0.0364631,-0.0350951,-0.00688523))

