Frame 1
Affine3((1,1.40897e-009,2.07614e-009)(-5.57387e-012,1,-3.5937e-011)(2.18855e-009,4.71356e-009,1)(0,0,0))

Frame 2
Affine3((0.996639,-0.0696927,-0.0430487)(0.069943,0.997542,0.0043335)(0.0426408,-0.00732989,0.999064)(-0.0303522,0.0248556,0.0168024))

Frame 3
Affine3((0.956574,-0.241643,-0.163019)(0.248602,0.968322,0.0234233)(0.152195,-0.0629331,0.986345)(-0.0979705,0.118103,0.071753))

Frame 4
Affine3((0.835306,-0.43475,-0.336537)(0.47769,0.876941,0.0527929)(0.272171,-0.204858,0.940189)(-0.142822,0.287572,0.176601))

Frame 5
Affine3((0.641037,-0.557988,-0.526992)(0.692591,0.716435,0.0838997)(0.33074,-0.418773,0.845719)(-0.108496,0.491467,0.332537))

Frame 6
Affine3((0.438,-0.569746,-0.695374)(0.848401,0.517764,0.110164)(0.297274,-0.638208,0.710154)(0.0070715,0.659327,0.519145))

Frame 7
Affine3((0.287677,-0.498824,-0.817568)(0.935749,0.328225,0.129001)(0.203997,-0.802149,0.561197)(0.152568,0.750911,0.701967))

Frame 8
Affine3((0.207014,-0.403954,-0.891048)(0.972079,0.18779,0.140705)(0.110492,-0.895296,0.431551)(0.269523,0.778089,0.849438))

Frame 9
Affine3((0.179559,-0.329232,-0.927019)(0.981594,0.122271,0.146705)(0.0650479,-0.936299,0.345127)(0.322447,0.77837,0.943085))

Frame 10
Affine3((0.187368,-0.291945,-0.937903)(0.977496,0.14963,0.148701)(0.0969261,-0.944658,0.313411)(0.292924,0.78109,0.976548))

Frame 11
Affine3((0.218714,-0.266698,-0.938635)(0.954756,0.257135,0.149409)(0.201509,-0.928845,0.310871)(0.188413,0.785072,0.979115))

Frame 12
Affine3((0.260462,-0.224637,-0.938987)(0.898067,0.413416,0.150208)(0.35445,-0.882397,0.309419)(0.0317585,0.769118,0.980651))

Frame 13
Affine3((0.303361,-0.16182,-0.939035)(0.787005,0.598139,0.151172)(0.53721,-0.784885,0.308806)(-0.162462,0.710042,0.981394))

Frame 14
Affine3((0.33502,-0.079638,-0.93884)(0.611303,0.776611,0.152263)(0.716987,-0.624927,0.308863)(-0.364306,0.59116,0.981516))

Frame 15
Affine3((0.345193,0.0125577,-0.938448)(0.384176,0.910411,0.153496)(0.8563,-0.413515,0.309443)(-0.535642,0.416781,0.981152))

Frame 16
Affine3((0.332048,0.100546,-0.937888)(0.141292,0.977783,0.154845)(0.93262,-0.183932,0.310465)(-0.64923,0.215362,0.98038))

Frame 17
Affine3((0.302884,0.17288,-0.937216)(-0.0783013,0.984599,0.156316)(0.949805,0.0260397,0.311756)(-0.702706,0.0240279,0.979353))

Frame 18
Affine3((0.268958,0.225304,-0.936429)(-0.250609,0.955137,0.157826)(0.929977,0.192229,0.313355)(-0.713734,-0.13031,0.978054))

Frame 19
Affine3((0.239345,0.259569,-0.935595)(-0.369639,0.9154,0.159404)(0.89782,0.30768,0.315043)(-0.705166,-0.237104,0.976668))

Frame 20
Affine3((0.21943,0.279553,-0.934719)(-0.439826,0.883535,0.160994)(0.870864,0.375787,0.316829)(-0.694613,-0.29701,0.975202))

Frame 21
Affine3((0.204824,0.293433,-0.93378)(-0.487483,0.857851,0.162643)(0.848768,0.421889,0.318752)(-0.685785,-0.334954,0.973595))

Frame 22
Affine3((0.189677,0.306653,-0.932731)(-0.533414,0.82974,0.164319)(0.824313,0.466365,0.320956)(-0.67489,-0.372136,0.971723))

Frame 23
Affine3((0.174343,0.319001,-0.931581)(-0.576652,0.799946,0.166006)(0.798171,0.508257,0.323417)(-0.662304,-0.4077,0.969611))

Frame 24
Affine3((0.159034,0.330266,-0.930394)(-0.616386,0.769369,0.167747)(0.771218,0.546804,0.325927)(-0.648524,-0.440906,0.967445))

Frame 25
Affine3((0.144351,0.340391,-0.929138)(-0.651942,0.739086,0.16948)(0.744402,0.581279,0.328603)(-0.634216,-0.471042,0.965133))

Frame 26
Affine3((0.130585,0.349294,-0.927869)(-0.682781,0.710262,0.171285)(0.718859,0.611164,0.331241)(-0.6201,-0.497515,0.962849))

Frame 27
Affine3((0.118358,0.356929,-0.926603)(-0.708445,0.684217,0.173069)(0.695771,0.635963,0.333847)(-0.607027,-0.519739,0.960616))

Frame 28
Affine3((0.10818,0.363352,-0.92535)(-0.72851,0.66233,0.174905)(0.676439,0.655205,0.336356)(-0.59591,-0.537141,0.958484))

Frame 29
Affine3((0.100695,0.368551,-0.924138)(-0.742539,0.646063,0.176745)(0.662191,0.668411,0.338718)(-0.587694,-0.549114,0.956523))

Frame 30
Affine3((0.0963216,0.372462,-0.923035)(-0.749904,0.636937,0.178761)(0.654497,0.674969,0.340662)(-0.583361,-0.554935,0.954953))

Frame 31
Affine3((0.103869,0.381046,-0.918703)(-0.750031,0.636647,0.17926)(0.653196,0.670436,0.351924)(-0.584087,-0.552079,0.94355))

Frame 32
Affine3((0.13032,0.398741,-0.907757)(-0.743228,0.64527,0.176742)(0.656223,0.651638,0.380447)(-0.589441,-0.538833,0.913677))

Frame 33
Affine3((0.174403,0.422285,-0.889527)(-0.729843,0.661854,0.171107)(0.660994,0.619374,0.423631)(-0.597144,-0.515196,0.867565))

Frame 34
Affine3((0.234487,0.447347,-0.863074)(-0.709927,0.685312,0.162331)(0.664093,0.574655,0.47828)(-0.604056,-0.481235,0.807844))

Frame 35
Affine3((0.308613,0.469257,-0.827379)(-0.683431,0.714385,0.150251)(0.661574,0.519087,0.541174)(-0.606491,-0.437582,0.737203))

Frame 36
Affine3((0.393794,0.483466,-0.781785)(-0.650223,0.74768,0.13485)(0.64972,0.455231,0.608792)(-0.600779,-0.385818,0.658696))

Frame 37
Affine3((0.486028,0.486148,-0.726248)(-0.610252,0.783644,0.116169)(0.625595,0.386733,0.677546)(-0.583773,-0.328685,0.575657))

Frame 38
Affine3((0.58055,0.474888,-0.661394)(-0.563642,0.820601,0.094454)(0.587596,0.317955,0.744067)(-0.553447,-0.269878,0.491429))

Frame 39
Affine3((0.672287,0.448999,-0.588584)(-0.510832,0.856815,0.0701396)(0.5358,0.253513,0.805388)(-0.509311,-0.21363,0.409234))

Frame 40
Affine3((0.756507,0.409569,-0.509854)(-0.45266,0.890607,0.0437869)(0.472013,0.197665,0.859146)(-0.452586,-0.164114,0.331966))

Frame 41
Affine3((0.829449,0.359272,-0.427712)(-0.390389,0.920509,0.0161461)(0.399513,0.153581,0.903771)(-0.386074,-0.124703,0.26194))

Frame 42
Affine3((0.888762,0.301859,-0.344939)(-0.325728,0.945388,-0.0119473)(0.322495,0.122975,0.938549)(-0.313689,-0.097483,0.200783))

Frame 43
Affine3((0.933719,0.241497,-0.264289)(-0.26069,0.964611,-0.0395804)(0.245377,0.105854,0.963631)(-0.239812,-0.0828931,0.149311))

Frame 44
Affine3((0.965054,0.182188,-0.188359)(-0.197502,0.978088,-0.0658561)(0.172233,0.100756,0.97989)(-0.168666,-0.0798411,0.107629))

Frame 45
Affine3((0.984644,0.127319,-0.119441)(-0.13844,0.986279,-0.0899353)(0.106351,0.10509,0.98876)(-0.103816,-0.0859826,0.0752215))

Frame 46
Affine3((0.995059,0.0794886,-0.0594925)(-0.0857331,0.990109,-0.111056)(0.0500764,0.115608,0.992032)(-0.0479108,-0.0981808,0.0511261))

Frame 47
Affine3((0.999129,0.0404738,-0.0101422)(-0.0414428,0.990837,-0.128548)(0.0048464,0.128856,0.991652)(-0.00268289,-0.112966,0.0341273))

Frame 48
Affine3((0.999566,0.0114609,0.0271413)(-0.00749932,0.989866,-0.141804)(-0.0284915,0.141539,0.989523)(0.0307964,-0.126947,0.0229854))

Frame 49
Affine3((0.998685,-0.0066634,0.050831)(0.0142434,0.988545,-0.150254)(-0.0492476,0.150781,0.98734)(0.0516948,-0.1371,0.0166748))

Frame 50
Affine3((0.998162,-0.0129691,0.0591917)(0.0219239,0.987945,-0.153245)(-0.0564908,0.154261,0.986414)(0.0589947,-0.140929,0.0145931))

