Frame 1
Affine3((1,-2.77224e-009,2.90427e-009)(-3.36606e-008,1,-6.53247e-010)(5.13323e-011,2.00462e-009,1)(0,0,0))

Frame 2
Affine3((0.999306,-0.0372516,1.68331e-006)(0.0372517,0.999306,8.22748e-007)(-1.75846e-006,-7.78369e-007,1)(0.00607771,0.000707008,1.19209e-007))

Frame 3
Affine3((0.991278,-0.131784,6.56399e-006)(0.131784,0.991278,2.91744e-007)(-6.54673e-006,5.73753e-007,1)(0.0216469,0.00148871,-2.38419e-007))

Frame 4
Affine3((0.964595,-0.263736,1.30767e-005)(0.263736,0.964595,1.12536e-006)(-1.29173e-005,2.34583e-006,1)(0.0437283,8.97273e-005,-2.38419e-007))

Frame 5
Affine3((0.909323,-0.416091,2.09805e-005)(0.416091,0.909323,2.09863e-006)(-1.99805e-005,6.82503e-006,1)(0.0697752,-0.00546439,-2.38419e-007))

Frame 6
Affine3((0.820031,-0.572319,3.01576e-005)(0.572319,0.820031,4.88484e-006)(-2.75411e-005,1.32581e-005,1)(0.097226,-0.0164087,1.19209e-007))

Frame 7
Affine3((0.697391,-0.716691,3.98838e-005)(0.716691,0.697391,9.64701e-006)(-3.47479e-005,2.1874e-005,1)(0.123516,-0.0329785,5.96046e-007))

Frame 8
Affine3((0.548922,-0.835874,4.98469e-005)(0.835874,0.548921,1.53802e-005)(-4.02366e-005,3.32465e-005,1)(0.146315,-0.0542551,1.66893e-006))

Frame 9
Affine3((0.390047,-0.920795,5.8257e-005)(0.920795,0.390047,2.3084e-005)(-4.39696e-005,4.46325e-005,1)(0.163801,-0.0779499,2.26498e-006))

Frame 10
Affine3((0.258756,-0.965943,6.46937e-005)(0.965943,0.258756,2.90581e-005)(-4.48387e-005,5.49683e-005,1)(0.174228,-0.0980919,2.98023e-006))

Frame 11
Affine3((0.20439,-0.97889,6.63672e-005)(0.97889,0.20439,3.1979e-005)(-4.4878e-005,5.84677e-005,1)(0.177739,-0.106633,3.21865e-006))

Frame 12
Affine3((0.170825,-0.985301,6.34547e-005)(0.985301,0.170824,2.76213e-005)(-3.80617e-005,5.78328e-005,1)(0.179668,-0.111958,2.86102e-006))

Frame 13
Affine3((0.160828,-0.986983,6.28599e-005)(0.986983,0.160828,2.84478e-005)(-3.82059e-005,5.74862e-005,1)(0.180226,-0.113562,2.98023e-006))

Frame 14
Affine3((0.183311,-0.983055,6.69403e-005)(0.983055,0.183311,2.3692e-005)(-3.55761e-005,6.14918e-005,1)(0.179004,-0.110004,2.6226e-006))

Frame 15
Affine3((0.258754,-0.965943,6.52825e-005)(0.965943,0.258754,2.91124e-005)(-4.50376e-005,5.55491e-005,1)(0.174228,-0.0980929,2.98023e-006))

Frame 16
Affine3((0.460912,-0.887446,5.95172e-005)(0.887446,0.460912,2.15928e-005)(-4.6608e-005,4.28667e-005,1)(0.156263,-0.067078,2.26498e-006))

Frame 17
Affine3((0.744298,-0.667848,4.68329e-005)(0.667848,0.744298,1.24128e-005)(-4.31534e-005,2.20507e-005,1)(0.113579,-0.026271,1.3113e-006))

Frame 18
Affine3((0.95703,-0.289989,2.56372e-005)(0.289989,0.95703,3.95592e-006)(-2.57302e-005,3.64271e-006,1)(0.0471628,-0.00049118,-3.57628e-007))

Frame 19
Affine3((0.987017,0.160613,4.5063e-007)(-0.160613,0.987017,4.16183e-007)(-3.99536e-007,-4.98016e-007,1)(-0.0265727,-0.005695,0))

Frame 20
Affine3((0.866059,0.499942,-2.1912e-005)(-0.499942,0.866059,3.26319e-006)(2.06034e-005,8.10646e-006,1)(-0.0788122,-0.0326018,7.15256e-007))

Frame 21
Affine3((0.830361,0.557226,-2.37329e-005)(-0.557226,0.830361,5.11584e-006)(2.25423e-005,8.94794e-006,1)(-0.0875267,-0.0396575,8.34465e-007))

Frame 22
Affine3((0.816107,0.577901,-2.49257e-005)(-0.577901,0.816107,3.18993e-006)(2.21675e-005,1.17827e-005,1)(-0.0906859,-0.0424469,7.15256e-007))

Frame 23
Affine3((0.811203,0.584765,-2.24216e-005)(-0.584765,0.811203,6.54413e-006)(2.20048e-005,7.78813e-006,1)(-0.0917532,-0.0434017,9.53674e-007))

Frame 24
Affine3((0.812158,0.583438,-2.19135e-005)(-0.583438,0.812158,7.7497e-006)(2.22917e-005,6.45326e-006,1)(-0.0915845,-0.043226,8.34465e-007))

Frame 25
Affine3((0.817089,0.576512,-2.12961e-005)(-0.576512,0.817089,7.81249e-006)(2.19043e-005,5.88232e-006,1)(-0.0905693,-0.0422804,8.34465e-007))

Frame 26
Affine3((0.824796,0.56543,-2.16917e-005)(-0.56543,0.824796,3.23106e-006)(1.97044e-005,9.57213e-006,1)(-0.0889205,-0.0407973,5.96046e-007))

Frame 27
Affine3((0.834433,0.55111,-2.12851e-005)(-0.55111,0.834433,4.46033e-006)(2.02137e-005,7.98546e-006,1)(-0.086778,-0.0389194,7.15256e-007))

Frame 28
Affine3((0.845398,0.534137,-2.02323e-005)(-0.534137,0.845398,3.12715e-006)(1.87637e-005,8.12653e-006,1)(-0.0842222,-0.0367697,5.96046e-007))

Frame 29
Affine3((0.857207,0.514972,-2.01702e-005)(-0.514972,0.857207,2.99108e-006)(1.88107e-005,7.80486e-006,1)(-0.0813226,-0.0344327,3.57628e-007))

Frame 30
Affine3((0.869495,0.493943,-1.91471e-005)(-0.493943,0.869495,2.77926e-006)(1.79764e-005,7.01618e-006,1)(-0.0781244,-0.0319765,3.57628e-007))

Frame 31
Affine3((0.881958,0.471328,-1.84412e-005)(-0.471328,0.881958,2.69252e-006)(1.75276e-005,6.31891e-006,1)(-0.0746691,-0.0294571,3.57628e-007))

Frame 32
Affine3((0.894351,0.447366,-1.75389e-005)(-0.447366,0.894351,1.64495e-006)(1.63993e-005,6.35377e-006,1)(-0.0709892,-0.0269206,1.19209e-007))

Frame 33
Affine3((0.906471,0.422268,-1.6972e-005)(-0.422268,0.906471,2.9134e-006)(1.66181e-005,4.52017e-006,1)(-0.0671186,-0.0244009,2.38419e-007))

Frame 34
Affine3((0.918154,0.396224,-1.58189e-005)(-0.396224,0.918154,3.72484e-006)(1.59787e-005,2.81554e-006,1)(-0.0630824,-0.0219321,3.57628e-007))

Frame 35
Affine3((0.929271,0.369399,-1.46869e-005)(-0.369399,0.929271,3.72418e-007)(1.37725e-005,5.05429e-006,1)(-0.0589059,-0.0195448,0))

Frame 36
Affine3((0.939702,0.341995,-1.34607e-005)(-0.341995,0.939702,9.41718e-007)(1.29613e-005,3.70497e-006,1)(-0.0546216,-0.017251,2.38419e-007))

Frame 37
Affine3((0.949368,0.314167,-1.23025e-005)(-0.314167,0.949368,4.93714e-007)(1.18176e-005,3.36815e-006,1)(-0.0502528,-0.015074,2.38419e-007))

Frame 38
Affine3((0.958199,0.286104,-1.23299e-005)(-0.286104,0.958199,3.46135e-006)(1.28062e-005,2.17053e-007,1)(-0.0458312,-0.0130233,4.76837e-007))

Frame 39
Affine3((0.966161,0.257939,-1.01488e-005)(-0.257939,0.966161,6.19841e-008)(9.80392e-006,2.54541e-006,1)(-0.0413733,-0.0111209,2.38419e-007))

Frame 40
Affine3((0.973218,0.229884,-9.16493e-006)(-0.229884,0.973218,-5.46283e-007)(8.78058e-006,2.6136e-006,1)(-0.0369184,-0.00936448,1.19209e-007))

Frame 41
Affine3((0.979361,0.202117,-8.50582e-006)(-0.202117,0.979361,8.62882e-007)(8.48859e-006,8.62644e-007,1)(-0.0324941,-0.00775968,2.38419e-007))

Frame 42
Affine3((0.984603,0.174807,-7.80848e-006)(-0.174807,0.984603,9.23193e-007)(7.81646e-006,4.3143e-007,1)(-0.0281292,-0.00631363,1.19209e-007))

Frame 43
Affine3((0.988964,0.148156,-6.41005e-006)(-0.148156,0.988964,4.37705e-007)(6.36671e-006,5.06295e-007,1)(-0.0238565,-0.00502575,1.19209e-007))

Frame 44
Affine3((0.992484,0.122377,-5.7112e-006)(-0.122377,0.992484,1.22387e-006)(5.79827e-006,-5.2076e-007,1)(-0.0197139,-0.00389148,2.38419e-007))

Frame 45
Affine3((0.995218,0.0976832,-4.56224e-006)(-0.0976831,0.995218,2.72749e-007)(4.55711e-006,1.61712e-007,1)(-0.015737,-0.0029108,1.19209e-007))

Frame 46
Affine3((0.997234,0.0743209,-3.31301e-006)(-0.0743208,0.997234,4.83107e-007)(3.27499e-006,-2.46043e-007,1)(-0.0119687,-0.00207353,1.19209e-007))

Frame 47
Affine3((0.998618,0.052554,-2.16267e-006)(-0.052554,0.998618,1.71051e-007)(2.15502e-006,-6.74212e-008,1)(-0.00845532,-0.00137425,0))

Frame 48
Affine3((0.999466,0.0326771,-1.07556e-006)(-0.032677,0.999466,6.54751e-007)(1.07318e-006,-6.19456e-007,1)(-0.00524818,-0.000801455,0))

Frame 49
Affine3((0.999887,0.0150174,-4.93053e-007)(-0.0150174,0.999887,1.3633e-007)(4.53336e-007,-1.41687e-007,1)(-0.00240542,-0.000347309,0))

Frame 50
Affine3((1,-6.99932e-005,8.48476e-007)(7.00811e-005,1,6.48379e-007)(-8.91445e-007,-6.64779e-007,1)(1.21426e-005,2.55927e-006,1.19209e-007))

