Frame 1
Affine3((1,-8.55774e-010,-2.48319e-009)(-1.1482e-008,1,3.19191e-009)(1.0938e-008,-1.09555e-009,1)(0,0,0))

Frame 2
Affine3((0.999862,-0.0166085,-5.19143e-005)(0.016608,0.999848,-0.00533889)(0.000140608,0.00533731,0.999986)(0.00266288,-0.00376692,-0.000833452))

Frame 3
Affine3((0.998459,-0.055487,-0.000494604)(0.055488,0.998456,0.00249992)(0.000355152,-0.0025235,0.999997)(0.00903289,0.00290143,0.000461519))

Frame 4
Affine3((0.993944,-0.109873,-0.00201189)(0.109892,0.993765,0.0188382)(-7.04737e-005,-0.0189453,0.999821)(0.018552,0.0159422,0.00339311))

Frame 5
Affine3((0.984704,-0.174159,-0.00518469)(0.174227,0.983903,0.0397377)(-0.00181948,-0.0400331,0.999197)(0.0308255,0.0319295,0.00760961))

Frame 6
Affine3((0.969882,-0.243356,-0.0103354)(0.243522,0.967917,0.0619201)(-0.00506483,-0.0625721,0.998028)(0.0451634,0.0481331,0.0127048))

Frame 7
Affine3((0.949804,-0.312363,-0.0173593)(0.312683,0.946067,0.084778)(-0.0100584,-0.0859505,0.996249)(0.0609076,0.064024,0.0186189))

Frame 8
Affine3((0.925877,-0.376948,-0.0257425)(0.377495,0.92007,0.104731)(-0.0157932,-0.106686,0.994167)(0.0765603,0.0771146,0.0244766))

Frame 9
Affine3((0.900883,-0.432688,-0.0345009)(0.43353,0.893003,0.12082)(-0.0214677,-0.123802,0.992075)(0.0907229,0.0870627,0.0297732))

Frame 10
Affine3((0.878839,-0.475246,-0.0422271)(0.476402,0.869231,0.132209)(-0.0261265,-0.136307,0.990322)(0.10186,0.0937251,0.0339245))

Frame 11
Affine3((0.860947,-0.506377,-0.0484966)(0.507793,0.849835,0.141164)(-0.0302681,-0.146161,0.988798)(0.110615,0.0988153,0.0373288))

Frame 12
Affine3((0.847052,-0.528825,-0.0533619)(0.53051,0.835029,0.145894)(-0.0325938,-0.151889,0.98786)(0.116452,0.101296,0.0394217))

Frame 13
Affine3((0.841265,-0.53778,-0.0553819)(0.53961,0.829001,0.146897)(-0.0330864,-0.153464,0.9876)(0.118457,0.101719,0.040036))

Frame 14
Affine3((0.84882,-0.526045,-0.0527296)(0.527804,0.837441,0.141832)(-0.0304522,-0.148221,0.988485)(0.114316,0.0988068,0.0382019))

Frame 15
Affine3((0.878276,-0.47627,-0.0424051)(0.477583,0.869434,0.126491)(-0.0233754,-0.131346,0.991061)(0.0999442,0.0899637,0.0324508))

Frame 16
Affine3((0.935453,-0.352744,-0.0223632)(0.353304,0.931354,0.0880685)(-0.0102376,-0.0902849,0.995863)(0.0680676,0.0658213,0.0200636))

Frame 17
Affine3((0.984054,-0.177786,-0.00540234)(0.177868,0.983534,0.0319963)(-0.000375086,-0.0324469,0.999473)(0.0303218,0.0261125,0.00618327))

Frame 18
Affine3((1,1.09408e-005,-3.7845e-005)(-1.19937e-005,0.999618,-0.0276509)(3.74766e-005,0.0276509,0.999618)(-7.74115e-005,-0.0213316,-0.00410277))

Frame 19
Affine3((0.989528,0.144286,-0.00402852)(-0.144151,0.986398,-0.0789846)(-0.00742268,0.0787381,0.996868)(-0.0183882,-0.0660256,-0.00962567))

Frame 20
Affine3((0.971621,0.236309,-0.010567)(-0.235956,0.965083,-0.113751)(-0.0166825,0.113017,0.993453)(-0.0264113,-0.0980357,-0.0116675))

Frame 21
Affine3((0.959982,0.279672,-0.0147769)(-0.279138,0.951199,-0.131538)(-0.0227316,0.130399,0.991201)(-0.0288288,-0.114726,-0.0122069))

Frame 22
Affine3((0.953578,0.30066,-0.0170814)(-0.300001,0.943485,-0.140842)(-0.0262297,0.139429,0.989885)(-0.0295408,-0.123449,-0.0123669))

Frame 23
Affine3((0.950447,0.310354,-0.0182195)(-0.309643,0.939776,-0.144715)(-0.0277906,0.143185,0.989306)(-0.0299108,-0.127184,-0.0123875))

Frame 24
Affine3((0.949641,0.312793,-0.0184983)(-0.312033,0.938648,-0.146884)(-0.0285807,0.145259,0.988981)(-0.0296912,-0.129026,-0.0124417))

Frame 25
Affine3((0.950461,0.310311,-0.0182014)(-0.309535,0.939462,-0.146965)(-0.0285055,0.145318,0.988974)(-0.0293462,-0.128877,-0.0124862))

Frame 26
Affine3((0.952351,0.304502,-0.0175205)(-0.303766,0.941741,-0.144397)(-0.0274694,0.142839,0.989365)(-0.0292044,-0.126452,-0.012469))

Frame 27
Affine3((0.955069,0.295921,-0.0165431)(-0.295233,0.944967,-0.140977)(-0.0260854,0.139527,0.989875)(-0.02888,-0.123165,-0.0124468))

Frame 28
Affine3((0.958357,0.28516,-0.0153488)(-0.284515,0.948803,-0.137204)(-0.0245623,0.135858,0.990424)(-0.0283036,-0.119453,-0.0124257))

Frame 29
Affine3((0.961975,0.272777,-0.0140494)(-0.272196,0.95312,-0.132179)(-0.0226645,0.130977,0.991126)(-0.0277541,-0.114688,-0.0123399))

Frame 30
Affine3((0.965713,0.259303,-0.0126999)(-0.25881,0.957723,-0.125633)(-0.020414,0.124612,0.991996)(-0.0272935,-0.108712,-0.0121487))

Frame 31
Affine3((0.969604,0.244417,-0.011285)(-0.243968,0.962254,-0.120607)(-0.0186195,0.119695,0.992636)(-0.0262421,-0.103831,-0.0120269))

Frame 32
Affine3((0.973437,0.228741,-0.00989436)(-0.228343,0.966774,-0.114922)(-0.0167219,0.114129,0.993325)(-0.0251388,-0.0984351,-0.0118361))

Frame 33
Affine3((0.977085,0.212678,-0.0085694)(-0.212346,0.971206,-0.108016)(-0.0146501,0.107361,0.994112)(-0.0240987,-0.0921236,-0.0115194))

Frame 34
Affine3((0.980532,0.196222,-0.00731519)(-0.195954,0.975442,-0.100578)(-0.0126002,0.100054,0.994902)(-0.0229735,-0.085422,-0.0111119))

Frame 35
Affine3((0.983781,0.17927,-0.00612802)(-0.179044,0.979323,-0.0941779)(-0.010882,0.0937476,0.995537)(-0.0215041,-0.0795399,-0.0107381))

Frame 36
Affine3((0.986742,0.162217,-0.00504391)(-0.162032,0.982893,-0.0875592)(-0.00924597,0.0872156,0.996147)(-0.0199494,-0.0735355,-0.010298))

Frame 37
Affine3((0.989391,0.14522,-0.00407264)(-0.145073,0.986123,-0.0807227)(-0.00770646,0.0804571,0.996728)(-0.0183241,-0.0674162,-0.00978696))

Frame 38
Affine3((0.991717,0.128399,-0.00322597)(-0.128287,0.989003,-0.0735903)(-0.00625846,0.0733946,0.997283)(-0.0166543,-0.0611237,-0.00919306))

Frame 39
Affine3((0.993721,0.111863,-0.00247581)(-0.111776,0.991466,-0.0670899)(-0.00505024,0.0669454,0.997744)(-0.0148375,-0.0553858,-0.00861174))

Frame 40
Affine3((0.995419,0.0955924,-0.00184381)(-0.0955253,0.993537,-0.0613074)(-0.00402864,0.0612027,0.998117)(-0.0129197,-0.050261,-0.00806242))

Frame 41
Affine3((0.996789,0.0800573,-0.00132389)(-0.0800084,0.99527,-0.0551027)(-0.00309374,0.0550317,0.99848)(-0.0110513,-0.0448821,-0.00742304))

Frame 42
Affine3((0.997876,0.0651377,-0.000915198)(-0.0651032,0.996652,-0.0494693)(-0.00231024,0.0494238,0.998775)(-0.00916773,-0.0400066,-0.00680882))

Frame 43
Affine3((0.998692,0.0511294,-0.000599683)(-0.051106,0.997718,-0.0441292)(-0.001658,0.0441022,0.999026)(-0.00733085,-0.0354257,-0.00619411))

Frame 44
Affine3((0.999268,0.0382655,-0.000369573)(-0.038251,0.998512,-0.0388611)(-0.00111801,0.0388467,0.999245)(-0.00559394,-0.0309688,-0.00555474))

Frame 45
Affine3((0.999649,0.0265029,-0.000218936)(-0.0264947,0.999053,-0.0345224)(-0.000696232,0.0345161,0.999404)(-0.00395048,-0.0272872,-0.00500786))

Frame 46
Affine3((0.999868,0.0162656,-0.00012475)(-0.0162619,0.999405,-0.0304192)(-0.000370096,0.0304172,0.999537)(-0.00248687,-0.0238494,-0.00447077))

Frame 47
Affine3((0.999969,0.00783432,-7.01501e-005)(-0.00783337,0.999614,-0.0266545)(-0.000138763,0.0266542,0.999645)(-0.00124879,-0.0207366,-0.00396144))

Frame 48
Affine3((0.999999,0.00129325,-4.54352e-005)(-0.00129394,0.999711,-0.0240101)(1.43169e-005,0.0240102,0.999712)(-0.000268266,-0.0185438,-0.00359571))

Frame 49
Affine3((0.999995,-0.00310276,-3.99829e-005)(0.00310103,0.999731,-0.0230022)(0.000111284,0.0230019,0.999735)(0.000393987,-0.0176681,-0.00345451))

Frame 50
Affine3((0.999989,-0.0046693,-3.75116e-005)(0.00466728,0.999733,-0.0226139)(0.000143086,0.0226135,0.999744)(0.000632092,-0.0173344,-0.00339979))

