Frame 1
Affine3((1,-1.08179e-008,-1.65716e-008)(-4.08586e-009,1,-4.65784e-010)(-1.22809e-008,-1.66717e-008,1)(0,0,0))

Frame 2
Affine3((0.996309,-0.0832763,-0.020833)(0.083463,0.996477,0.00825463)(0.0200722,-0.00996294,0.999749)(-0.0159228,0.00506555,-0.0026111))

Frame 3
Affine3((0.952319,-0.29324,-0.0842562)(0.296501,0.954594,0.0289371)(0.071945,-0.0525394,0.996024)(-0.0624228,0.0369567,-0.00715387))

Frame 4
Affine3((0.810334,-0.553675,-0.19184)(0.572092,0.818371,0.0545951)(0.126769,-0.153991,0.979906)(-0.11806,0.133258,-0.00306863))

Frame 5
Affine3((0.550111,-0.763518,-0.338259)(0.824403,0.561125,0.0741569)(0.133185,-0.319656,0.938127)(-0.127384,0.312446,0.0267498))

Frame 6
Affine3((0.220933,-0.833645,-0.506187)(0.974311,0.211899,0.0762728)(0.0436762,-0.510034,0.859044)(-0.027549,0.538486,0.0994123))

Frame 7
Affine3((-0.0811168,-0.738806,-0.669019)(0.985723,-0.15883,0.0558818)(-0.147546,-0.654935,0.741142)(0.201561,0.728641,0.221207))

Frame 8
Affine3((-0.274521,-0.530648,-0.801905)(0.877275,-0.479684,0.0171007)(-0.393735,-0.698796,0.597207)(0.513434,0.806287,0.380442))

Frame 9
Affine3((-0.338501,-0.298455,-0.89238)(0.703634,-0.709951,-0.029463)(-0.624753,-0.637882,0.450322)(0.822449,0.753519,0.550307))

Frame 10
Affine3((-0.312035,-0.120696,-0.942373)(0.540625,-0.838207,-0.0716548)(-0.781255,-0.531829,0.326801)(1.04394,0.636109,0.697596))

Frame 11
Affine3((-0.257574,-0.0261306,-0.965905)(0.45976,-0.882538,-0.0987272)(-0.849868,-0.469514,0.239333)(1.14689,0.566997,0.804305))

Frame 12
Affine3((-0.214386,0.0221774,-0.976497)(0.413944,-0.90346,-0.111398)(-0.884697,-0.428097,0.184509)(1.20273,0.518996,0.872398))

Frame 13
Affine3((-0.19881,0.0321598,-0.97951)(0.403737,-0.908023,-0.111759)(-0.893012,-0.417683,0.16754)(1.21753,0.50648,0.893806))

Frame 14
Affine3((-0.226259,-0.00286642,-0.974063)(0.437845,-0.893575,-0.099075)(-0.870114,-0.448905,0.203435)(1.18133,0.542812,0.84947))

Frame 15
Affine3((-0.312029,-0.12069,-0.942376)(0.540627,-0.838205,-0.0716573)(-0.781256,-0.531833,0.326793)(1.04394,0.636114,0.697603))

Frame 16
Affine3((-0.397178,-0.44529,-0.802475)(0.781066,-0.623113,-0.0408182)(-0.481857,-0.642998,0.595287)(0.616879,0.740055,0.376941))

Frame 17
Affine3((-0.109512,-0.918225,-0.380619)(0.99179,-0.0755077,-0.1032)(0.0660213,-0.388796,0.918955)(-0.0940451,0.351891,0.0262825))

Frame 18
Affine3((0.666114,-0.736721,0.116336)(0.710007,0.57857,-0.40143)(0.228434,0.349997,0.908471)(-0.260277,-0.573838,0.0998248))

Frame 19
Affine3((0.982023,0.0225935,0.187406)(0.110684,0.7353,-0.668642)(-0.152907,0.677365,0.719581)(0.198378,-0.936088,0.331437))

Frame 20
Affine3((0.833655,0.541152,0.110335)(-0.270436,0.574173,-0.772781)(-0.481543,0.614394,0.625009)(0.564133,-0.8528,0.430026))

Frame 21
Affine3((0.73779,0.673801,0.040728)(-0.369935,0.45406,-0.810541)(-0.564636,0.582942,0.584264)(0.64833,-0.813807,0.466636))

Frame 22
Affine3((0.67109,0.740995,-0.0237665)(-0.429578,0.362524,-0.827067)(-0.604236,0.565245,0.561601)(0.683268,-0.792923,0.482795))

Frame 23
Affine3((0.624062,0.777464,-0.0780783)(-0.47317,0.296497,-0.829578)(-0.621817,0.554653,0.552905)(0.693772,-0.780883,0.48404))

Frame 24
Affine3((0.592591,0.796424,-0.120602)(-0.508093,0.2534,-0.823183)(-0.625042,0.549088,0.55482)(0.688651,-0.77422,0.474515))

Frame 25
Affine3((0.573587,0.805013,-0.1515)(-0.537486,0.230302,-0.811215)(-0.618148,0.546731,0.564781)(0.672758,-0.770211,0.457186))

Frame 26
Affine3((0.564731,0.807221,-0.171677)(-0.562596,0.224363,-0.795705)(-0.603792,0.545944,0.580844)(0.649139,-0.76666,0.434212))

Frame 27
Affine3((0.564319,0.805173,-0.182321)(-0.583793,0.233053,-0.777735)(-0.583721,0.545328,0.60157)(0.619831,-0.761869,0.407156))

Frame 28
Affine3((0.571135,0.799795,-0.18475)(-0.600952,0.254087,-0.757823)(-0.559161,0.543846,0.625756)(0.586306,-0.754689,0.377272))

Frame 29
Affine3((0.584159,0.791377,-0.18022)(-0.613809,0.285469,-0.736034)(-0.531034,0.540582,0.652514)(0.549672,-0.744214,0.345494))

Frame 30
Affine3((0.602568,0.779761,-0.169954)(-0.621955,0.325382,-0.712249)(-0.500084,0.534882,0.681041)(0.510835,-0.72989,0.31265))

Frame 31
Affine3((0.625604,0.764556,-0.155156)(-0.624987,0.372141,-0.686224)(-0.466916,0.526275,0.71065)(0.470533,-0.711409,0.279436))

Frame 32
Affine3((0.652447,0.745365,-0.13691)(-0.622581,0.424175,-0.657624)(-0.432096,0.514302,0.740801)(0.429409,-0.6885,0.24641))

Frame 33
Affine3((0.682342,0.721709,-0.116385)(-0.614418,0.479914,-0.626238)(-0.396107,0.498817,0.770896)(0.388023,-0.661239,0.214142))

Frame 34
Affine3((0.714427,0.69328,-0.0946382)(-0.600337,0.537855,-0.591868)(-0.359428,0.479661,0.80046)(0.346878,-0.629683,0.183082))

Frame 35
Affine3((0.747816,0.659915,-0.0726872)(-0.580296,0.59652,-0.554455)(-0.322534,0.45681,0.829033)(0.306446,-0.594024,0.153649))

Frame 36
Affine3((0.781611,0.621637,-0.051488)(-0.554398,0.654489,-0.514089)(-0.285879,0.430362,0.85619)(0.267162,-0.554565,0.126217))

Frame 37
Affine3((0.814889,0.578741,-0.0318592)(-0.522958,0.710417,-0.470982)(-0.249943,0.400459,0.881568)(0.22945,-0.511627,0.101089))

Frame 38
Affine3((0.846826,0.531671,-0.0145664)(-0.486412,0.76308,-0.425573)(-0.21515,0.367471,0.904807)(0.193677,-0.465753,0.078546))

Frame 39
Affine3((0.876633,0.48116,-0.000134973)(-0.445426,0.811423,-0.378402)(-0.181962,0.33178,0.925641)(0.160227,-0.417463,0.0587901))

Frame 40
Affine3((0.903665,0.428098,0.0110609)(-0.400811,0.854596,-0.330175)(-0.1508,0.293935,0.943855)(0.129437,-0.367433,0.0419629))

Frame 41
Affine3((0.927439,0.373501,0.0188029)(-0.353514,0.891992,-0.281741)(-0.122003,0.254651,0.959306)(0.101569,-0.316497,0.0281213))

Frame 42
Affine3((0.947638,0.318508,0.0231347)(-0.304608,0.923281,-0.234022)(-0.0958978,0.214722,0.971956)(0.076867,-0.26555,0.0172337))

Frame 43
Affine3((0.964135,0.264297,0.0243027)(-0.255251,0.948423,-0.187992)(-0.072735,0.175047,0.98187)(0.0555005,-0.215599,0.00915915))

Frame 44
Affine3((0.976992,0.212055,0.0227798)(-0.206655,0.967656,-0.144691)(-0.0527253,0.136654,0.989215)(0.0376027,-0.167778,0.00366694))

Frame 45
Affine3((0.986455,0.162905,0.0191753)(-0.160041,0.981493,-0.105155)(-0.0359507,0.100662,0.994271)(0.0231819,-0.123325,0.000397921))

Frame 46
Affine3((0.992922,0.117913,0.0142348)(-0.116637,0.990675,-0.0704238)(-0.022406,0.068265,0.997416)(0.0121595,-0.0835709,-0.00111079))

Frame 47
Affine3((0.996906,0.0781013,0.00889468)(-0.0776689,0.996115,-0.0415119)(-0.0121023,0.0406926,0.999098)(0.00446269,-0.0498948,-0.00137174))

Frame 48
Affine3((0.999004,0.0444382,0.0040021)(-0.0443522,0.998826,-0.0194945)(-0.00486368,0.0192975,0.999802)(-0.000165284,-0.0238177,-0.00096947))

Frame 49
Affine3((0.999839,0.0179359,0.000510728)(-0.0179328,0.999824,-0.00542312)(-0.000607868,0.00541312,0.999985)(-0.00190562,-0.00685783,-0.000431478))

Frame 50
Affine3((1,-0.000294504,-0.000785534)(0.000294135,1,-0.000452437)(0.000785713,0.00045223,1)(-0.000983864,-0.00062496,-0.00018698))

