Frame 1
Affine3((1,1.40897e-009,2.07614e-009)(-5.57387e-012,1,-3.5937e-011)(2.18855e-009,4.71356e-009,1)(0,0,0))

Frame 2
Affine3((0.996121,-0.0876636,0.00768339)(0.0876803,0.996147,-0.00186706)(-0.00749011,0.00253349,0.999969)(0.0207486,0.0124669,0.000441372))

Frame 3
Affine3((0.9502,-0.3106,0.0254243)(0.310639,0.950525,0.00253594)(-0.0249541,0.00548813,0.999673)(0.081073,0.0420396,0.00147718))

Frame 4
Affine3((0.800326,-0.597835,0.0455131)(0.597775,0.801496,0.0164218)(-0.0462961,0.0140638,0.998829)(0.179757,0.0596093,0.00441128))

Frame 5
Affine3((0.514328,-0.8554,0.0612986)(0.855185,0.516925,0.0380348)(-0.0642217,0.0328593,0.997395)(0.302656,0.0335947,0.0103825))

Frame 6
Affine3((0.121233,-0.990248,0.0686346)(0.990054,0.125602,0.0633757)(-0.0713783,0.0602688,0.995627)(0.419169,-0.0525522,0.0194032))

Frame 7
Affine3((-0.297066,-0.952538,0.0665087)(0.952687,-0.290978,0.0878576)(-0.0643351,0.0894615,0.99391)(0.495221,-0.190269,0.0304144))

Frame 8
Affine3((-0.648189,-0.759372,0.0566153)(0.760105,-0.640765,0.107981)(-0.0457209,0.113026,0.99254)(0.511397,-0.350163,0.0417734))

Frame 9
Affine3((-0.874755,-0.48275,0.0419031)(0.48403,-0.866456,0.122347)(-0.0227557,0.127306,0.991602)(0.473139,-0.497071,0.051885))

Frame 10
Affine3((-0.973134,-0.228857,0.0251775)(0.230162,-0.96416,0.131991)(-0.00593193,0.13424,0.990931)(0.4151,-0.600477,0.0595904))

Frame 11
Affine3((-0.996446,-0.0842093,0.00190217)(0.0837315,-0.987831,0.131066)(-0.00915792,0.130759,0.991372)(0.392678,-0.640911,0.0645665))

Frame 12
Affine3((-0.999695,0.00733204,-0.0235742)(-0.0101136,-0.992707,0.120127)(-0.0225215,0.120329,0.992479)(0.38987,-0.654188,0.067723))

Frame 13
Affine3((-0.998534,0.0365382,-0.0399373)(-0.0407283,-0.993129,0.109706)(-0.0356544,0.111172,0.993161)(0.399649,-0.650767,0.0692652))

Frame 14
Affine3((-0.999198,-0.0215839,-0.0337227)(0.0177654,-0.993807,0.10969)(-0.0358813,0.109003,0.993394)(0.413133,-0.631751,0.0674609))

Frame 15
Affine3((-0.972956,-0.229697,0.0244244)(0.230893,-0.963985,0.131987)(-0.00677229,0.134057,0.990951)(0.415997,-0.600001,0.0597763))

Frame 16
Affine3((-0.562166,-0.805701,0.186587)(0.824721,-0.52932,0.199138)(-0.0616814,0.26583,0.962044)(0.50412,-0.525317,0.0645754))

Frame 17
Affine3((0.453792,-0.754999,0.473338)(0.743952,0.61338,0.265143)(-0.490519,0.231822,0.84003)(0.80738,-0.28266,0.15036))

Frame 18
Affine3((0.544994,0.152494,0.824456)(-0.546776,0.8101,0.211599)(-0.635624,-0.566113,0.52488)(0.847997,0.581997,0.446328))

Frame 19
Affine3((-0.014285,0.121022,0.992547)(-0.919265,-0.392118,0.0345811)(0.393381,-0.911919,0.116853)(-0.329078,1.02078,0.897838))

Frame 20
Affine3((0.0492594,-0.0645065,0.996701)(-0.193922,-0.97954,-0.0538118)(0.97978,-0.190631,-0.0607608)(-1.07838,0.2072,1.1122))

Frame 21
Affine3((0.100503,-0.0741526,0.99217)(-0.0649551,-0.99558,-0.0678278)(0.992814,-0.0576295,-0.104876)(-1.11363,0.0525027,1.16797))

Frame 22
Affine3((0.135543,-0.0787565,0.987636)(-0.0121118,-0.996893,-0.0778324)(0.990697,-0.00141241,-0.136076)(-1.12222,-0.0131309,1.20772))

Frame 23
Affine3((0.158612,-0.081425,0.983978)(0.0129471,-0.996336,-0.0845347)(0.987256,0.0261478,-0.156976)(-1.12437,-0.0456547,1.23452))

Frame 24
Affine3((0.171596,-0.0836513,0.98161)(0.0206081,-0.995866,-0.0884687)(0.984952,0.0354099,-0.169162)(-1.1243,-0.0567661,1.25017))

Frame 25
Affine3((0.175311,-0.0857272,0.980774)(0.0152469,-0.995846,-0.08977)(0.984395,0.0306914,-0.173276)(-1.12337,-0.0513931,1.25541))

Frame 26
Affine3((0.169681,-0.0875552,0.981602)(-0.00122638,-0.996064,-0.0886331)(0.985498,0.0138355,-0.169121)(-1.12167,-0.0316468,1.25012))

Frame 27
Affine3((0.15501,-0.0882948,0.983959)(-0.0283846,-0.995985,-0.0849022)(0.987505,-0.0147686,-0.156894)(-1.11859,0.0019272,1.2344))

Frame 28
Affine3((0.130576,-0.0865744,0.987651)(-0.0672786,-0.994658,-0.0782938)(0.989153,-0.0562245,-0.135703)(-1.11257,0.0504547,1.20722))

Frame 29
Affine3((0.095375,-0.080178,0.992207)(-0.121341,-0.990254,-0.0683564)(0.988018,-0.113876,-0.104174)(-1.10061,0.11766,1.16702))

Frame 30
Affine3((0.0478134,-0.0651377,0.99673)(-0.200869,-0.978113,-0.0542853)(0.978451,-0.197617,-0.059851)(-1.07577,0.215081,1.11102))

Frame 31
Affine3((-0.0197078,-0.0395909,0.999022)(-0.321671,-0.945837,-0.0438288)(0.946646,-0.32222,0.0059051)(-1.02013,0.360565,1.02879))

Frame 32
Affine3((-0.0998469,0.00567014,0.994987)(-0.467991,-0.882738,-0.0419324)(0.878075,-0.469832,0.0907922)(-0.91768,0.529771,0.924204))

Frame 33
Affine3((-0.173961,0.0797019,0.981522)(-0.620245,-0.783038,-0.0463451)(0.764875,-0.616846,0.185653)(-0.763073,0.692089,0.8092))

Frame 34
Affine3((-0.225908,0.182894,0.956825)(-0.760866,-0.646482,-0.056069)(0.608316,-0.740682,0.285204)(-0.561371,0.820289,0.690856))

Frame 35
Affine3((-0.24162,0.307391,0.920397)(-0.875352,-0.478388,-0.0700244)(0.418782,-0.822591,0.384663)(-0.328131,0.893694,0.574961))

Frame 36
Affine3((-0.212644,0.439905,0.872506)(-0.953561,-0.288359,-0.0870119)(0.213318,-0.85049,0.480793)(-0.0856291,0.900883,0.465505))

Frame 37
Affine3((-0.137145,0.564208,0.814162)(-0.990476,-0.0882153,-0.105712)(0.0121777,-0.820906,0.570933)(0.1415,0.841427,0.365596))

Frame 38
Affine3((-0.0202157,0.664406,0.747098)(-0.986081,0.110095,-0.124591)(-0.165031,-0.739218,0.652933)(0.331015,0.725428,0.277485))

Frame 39
Affine3((0.126977,0.72816,0.673543)(-0.944434,0.296307,-0.142288)(-0.303184,-0.61805,0.725323)(0.467428,0.57082,0.202534))

Frame 40
Affine3((0.289852,0.749054,0.595738)(-0.872259,0.462929,-0.157675)(-0.393892,-0.473935,0.78755)(0.544086,0.398923,0.141139))

Frame 41
Affine3((0.453192,0.726757,0.51618)(-0.777538,0.605472,-0.169818)(-0.435949,-0.32439,0.839476)(0.563156,0.230777,0.0930414))

Frame 42
Affine3((0.603738,0.666545,0.437285)(-0.668312,0.722228,-0.178174)(-0.434581,-0.184672,0.881496)(0.534061,0.0833664,0.0573619))

Frame 43
Affine3((0.731954,0.577635,0.361361)(-0.551968,0.813636,-0.182559)(-0.399468,-0.065835,0.91438)(0.470671,-0.0323793,0.0327383))

Frame 44
Affine3((0.832833,0.47121,0.290433)(-0.434937,0.881631,-0.183185)(-0.342373,0.0262425,0.939197)(0.38822,-0.112275,0.0174673))

Frame 45
Affine3((0.905676,0.358528,0.226293)(-0.322683,0.929117,-0.180601)(-0.275004,0.0905453,0.95717)(0.30071,-0.158064,0.00963581))

Frame 46
Affine3((0.953211,0.249634,0.170504)(-0.219877,0.959578,-0.175682)(-0.207468,0.129972,0.969569)(0.219214,-0.175911,0.00725007))

Frame 47
Affine3((0.980415,0.152652,0.12443)(-0.130576,0.976833,-0.16955)(-0.147429,0.149982,0.977635)(0.151142,-0.174539,0.00833315))

Frame 48
Affine3((0.993257,0.0738145,0.0893931)(-0.0584742,0.984813,-0.163475)(-0.100102,0.157146,0.982489)(0.10057,-0.163478,0.0109981))

Frame 49
Affine3((0.997603,0.0179321,0.0668403)(-0.00710259,0.987275,-0.158861)(-0.0688385,0.158006,0.985036)(0.069279,-0.151771,0.0135711))

Frame 50
Affine3((0.998215,-0.0107619,0.0587391)(0.0198865,0.987391,-0.157047)(-0.0563083,0.157935,0.985843)(0.0585059,-0.146913,0.014661))

