Frame 1
Affine3((1,1.43094e-008,-7.57542e-009)(-5.46675e-009,1,-8.24322e-009)(1.0027e-008,-1.39505e-008,1)(0,0,0))

Frame 2
Affine3((0.999994,0.00205945,-0.00278872)(-0.00202822,0.999936,0.0111566)(0.00281153,-0.0111509,0.999934)(0.000123948,-6.40377e-006,-0.000319723))

Frame 3
Affine3((0.999949,0.00197819,-0.00990353)(-0.00180939,0.999853,0.0170285)(0.00993566,-0.0170097,0.999806)(0.000130415,0.000399537,0.00104276))

Frame 4
Affine3((0.999791,0.000621078,-0.0204381)(-0.000219846,0.999807,0.0196272)(0.0204463,-0.0196186,0.999598)(6.03497e-005,0.00108034,0.00362951))

Frame 5
Affine3((0.999425,-0.00159376,-0.0338778)(0.00229024,0.999787,0.0205298)(0.0338379,-0.0205956,0.999215)(-1.7792e-005,0.00195676,0.00715712))

Frame 6
Affine3((0.998752,-0.00401746,-0.0497803)(0.00506548,0.999768,0.0209449)(0.0496846,-0.0211709,0.998541)(-8.84235e-005,0.00290264,0.0113843))

Frame 7
Affine3((0.997662,-0.0073555,-0.0679497)(0.00871699,0.999767,0.019762)(0.0677885,-0.0203081,0.997493)(-7.49528e-005,0.00402338,0.0163817))

Frame 8
Affine3((0.996152,-0.0106736,-0.0869946)(0.0123783,0.999741,0.0190799)(0.0867685,-0.0200833,0.996026)(5.71907e-005,0.00514946,0.0215723))

Frame 9
Affine3((0.994326,-0.0134027,-0.105526)(0.0154599,0.999706,0.0187015)(0.105244,-0.0202268,0.994241)(0.000230879,0.00610311,0.026591))

Frame 10
Affine3((0.992514,-0.0161575,-0.121058)(0.0185573,0.999653,0.0187217)(0.120714,-0.020828,0.992469)(0.000567287,0.00704674,0.030781))

Frame 11
Affine3((0.990776,-0.0185183,-0.134236)(0.0210912,0.99962,0.01777)(0.133856,-0.0204373,0.99079)(0.000842571,0.00778626,0.0344232))

Frame 12
Affine3((0.989468,-0.0196457,-0.143416)(0.0225251,0.999575,0.018481)(0.142992,-0.0215168,0.98949)(0.00108442,0.00823961,0.0368307))

Frame 13
Affine3((0.988984,-0.019708,-0.146704)(0.0228133,0.999549,0.0195151)(0.146253,-0.0226469,0.988988)(0.00118768,0.00836295,0.0376175))

Frame 14
Affine3((0.989986,-0.0179355,-0.140021)(0.0211669,0.999542,0.0216225)(0.139569,-0.0243697,0.989912)(0.00105816,0.00795092,0.0356165))

Frame 15
Affine3((0.992912,-0.0136275,-0.118068)(0.016605,0.999567,0.0242718)(0.117686,-0.0260603,0.992709)(0.000598311,0.00668962,0.0294475))

Frame 16
Affine3((0.997105,-0.00592715,-0.0757983)(0.0080707,0.999575,0.0280041)(0.0756001,-0.0285348,0.99673)(8.36551e-005,0.00423734,0.017712))

Frame 17
Affine3((0.999463,0.000756762,-0.032751)(0.000190969,0.999582,0.0289253)(0.0327592,-0.028916,0.999045)(0.000127435,0.00173382,0.00606869))

Frame 18
Affine3((0.999981,0.00609937,0.00101956)(-0.00612438,0.999626,0.0266471)(-0.000856645,-0.0266529,0.999644)(0.000462413,-0.000510313,-0.00278007))

Frame 19
Affine3((0.999634,0.0100139,0.0251237)(-0.0106167,0.999656,0.023977)(-0.0248749,-0.024235,0.999397)(0.000940055,-0.00219847,-0.00898307))

Frame 20
Affine3((0.999128,0.0128873,0.0397072)(-0.0137887,0.999651,0.02251)(-0.0394032,-0.0230379,0.998958)(0.0012894,-0.00334716,-0.0127633))

Frame 21
Affine3((0.998824,0.0142576,0.046331)(-0.0153223,0.999625,0.0227059)(-0.04599,-0.0233891,0.998668)(0.00151035,-0.00385185,-0.0145541))

Frame 22
Affine3((0.99867,0.0150948,0.0492917)(-0.0162595,0.999596,0.0233121)(-0.0489199,-0.0240825,0.998512)(0.00160816,-0.004131,-0.0154054))

Frame 23
Affine3((0.998591,0.0154066,0.0507857)(-0.0166012,0.999593,0.0231858)(-0.0504078,-0.0239962,0.99844)(0.00165412,-0.00424989,-0.0157953))

Frame 24
Affine3((0.998587,0.0154312,0.0508521)(-0.016683,0.999566,0.0242834)(-0.0504553,-0.0250975,0.998411)(0.00170824,-0.00423249,-0.0158992))

Frame 25
Affine3((0.998618,0.0156334,0.0501782)(-0.0169159,0.999538,0.0252354)(-0.0497606,-0.0260494,0.998421)(0.00167862,-0.00425375,-0.0158157))

Frame 26
Affine3((0.998662,0.0153765,0.0493759)(-0.0166313,0.999547,0.0251028)(-0.0489675,-0.0258904,0.998465)(0.00165591,-0.00416338,-0.0155873))

Frame 27
Affine3((0.99873,0.0152419,0.0480255)(-0.0164656,0.999547,0.0251891)(-0.0476198,-0.0259479,0.998528)(0.00159287,-0.00410078,-0.015239))

Frame 28
Affine3((0.998819,0.0146986,0.0463167)(-0.0159081,0.999539,0.0258532)(-0.0459154,-0.0265595,0.998592)(0.00159401,-0.00389088,-0.0148243))

Frame 29
Affine3((0.998907,0.0144838,0.0444384)(-0.0156431,0.999543,0.0258519)(-0.0440436,-0.0265188,0.998677)(0.00150487,-0.00379235,-0.0143321))

Frame 30
Affine3((0.998992,0.01374,0.0427336)(-0.0148144,0.999579,0.0249268)(-0.0423731,-0.0255347,0.998775)(0.00146377,-0.00357295,-0.0137817))

Frame 31
Affine3((0.999099,0.013476,0.0402527)(-0.0145227,0.999561,0.0258246)(-0.0398871,-0.0263859,0.998856)(0.00139096,-0.00342194,-0.013203))

Frame 32
Affine3((0.999201,0.0130642,0.0377836)(-0.0140667,0.999553,0.0263909)(-0.0374219,-0.0269013,0.998937)(0.00132889,-0.00324096,-0.0125923))

Frame 33
Affine3((0.999293,0.0124973,0.0354571)(-0.0134215,0.999573,0.0259496)(-0.0351177,-0.0264072,0.999034)(0.00125208,-0.00304393,-0.0119309))

Frame 34
Affine3((0.999379,0.0122731,0.033018)(-0.0131026,0.999601,0.025026)(-0.0326977,-0.0254431,0.999141)(0.00109625,-0.0029598,-0.0112196))

Frame 35
Affine3((0.999469,0.0117315,0.0303865)(-0.0125022,0.999602,0.0252983)(-0.0300776,-0.0256649,0.999218)(0.00103757,-0.00274105,-0.0105381))

Frame 36
Affine3((0.999556,0.0108315,0.0277673)(-0.0115392,0.999609,0.0254562)(-0.0274808,-0.0257653,0.99929)(0.00103381,-0.00242899,-0.00982628))

Frame 37
Affine3((0.999631,0.0102153,0.025153)(-0.0108507,0.999622,0.0252524)(-0.0248856,-0.0255161,0.999365)(0.00097242,-0.00221256,-0.00910515))

Frame 38
Affine3((0.999698,0.00985518,0.0224997)(-0.0104085,0.999643,0.0246099)(-0.0222492,-0.0248367,0.999444)(0.000849277,-0.00207236,-0.00835383))

Frame 39
Affine3((0.999761,0.00925396,0.0198172)(-0.00973832,0.999653,0.0244851)(-0.0195837,-0.0246722,0.999504)(0.00079152,-0.00185566,-0.00761909))

Frame 40
Affine3((0.999814,0.00871421,0.0171854)(-0.0091405,0.999648,0.024885)(-0.0169625,-0.0250374,0.999542)(0.000755638,-0.00163879,-0.00694585))

Frame 41
Affine3((0.99986,0.00819244,0.0146133)(-0.00855011,0.999661,0.0245848)(-0.014407,-0.0247063,0.999591)(0.00068891,-0.00145015,-0.00623037))

Frame 42
Affine3((0.999897,0.00767333,0.0121391)(-0.00796984,0.999666,0.0245697)(-0.0119466,-0.0246639,0.999624)(0.000643581,-0.00125922,-0.00556338))

Frame 43
Affine3((0.999926,0.0071619,0.0098344)(-0.00740078,0.999673,0.0244687)(-0.00965597,-0.0245396,0.999652)(0.000603229,-0.00107188,-0.00493684))

Frame 44
Affine3((0.999949,0.006621,0.0076349)(-0.00680269,0.999688,0.024022)(-0.0074735,-0.0240727,0.999682)(0.000557959,-0.000893656,-0.00430479))

Frame 45
Affine3((0.999965,0.00621897,0.0055921)(-0.00635172,0.999691,0.024041)(-0.00544084,-0.0240756,0.999695)(0.000523686,-0.00074067,-0.00375715))

Frame 46
Affine3((0.999976,0.00580045,0.00380805)(-0.00588919,0.999701,0.0237278)(-0.00366931,-0.0237497,0.999711)(0.000489563,-0.000605192,-0.00324838))

Frame 47
Affine3((0.999983,0.00537877,0.00228105)(-0.00543003,0.999718,0.0231008)(-0.00215619,-0.0231128,0.999731)(0.000453025,-0.000481125,-0.00278081))

Frame 48
Affine3((0.999986,0.00510265,0.00109908)(-0.00512643,0.999726,0.0228604)(-0.000982108,-0.0228657,0.999738)(0.000429392,-0.000394359,-0.00244077))

Frame 49
Affine3((0.999987,0.00508448,0.000362066)(-0.00509158,0.999713,0.0234056)(-0.000243039,-0.0234072,0.999726)(0.000426382,-0.00035505,-0.00229447))

Frame 50
Affine3((0.999985,0.0054104,5.50526e-006)(-0.00540903,0.999709,0.0235105)(0.000121746,-0.0235102,0.999724)(0.000363827,-0.000436012,-0.00222551))

