Frame 1
Affine3((1,-6.9306e-010,7.26067e-010)(6.9306e-010,1,-1.63312e-010)(-7.26067e-010,1.63312e-010,1)(0,0,0))

Frame 2
Affine3((0.999957,-0.00931492,4.18893e-007)(0.00931492,0.999957,2.09598e-007)(-4.20827e-007,-2.05687e-007,1)(0.00607771,0.000707008,1.19209e-007))

Frame 3
Affine3((0.999454,-0.0330361,1.63769e-006)(0.0330361,0.999454,1.27108e-007)(-1.641e-006,-7.2936e-008,1)(0.0216469,0.00148871,-2.38419e-007))

Frame 4
Affine3((0.997775,-0.0666738,3.24314e-006)(0.0666738,0.997775,4.98682e-007)(-3.26918e-006,-2.8134e-007,1)(0.0437283,8.97273e-005,-2.38419e-007))

Frame 5
Affine3((0.99425,-0.10708,5.15879e-006)(0.10708,0.99425,1.08329e-006)(-5.24513e-006,-5.24657e-007,1)(0.0697752,-0.00546439,-2.38419e-007))

Frame 6
Affine3((0.98842,-0.151744,7.26678e-006)(0.151744,0.98842,2.35113e-006)(-7.5394e-006,-1.22121e-006,1)(0.097226,-0.0164087,1.19209e-007))

Frame 7
Affine3((0.980114,-0.198436,9.29409e-006)(0.198436,0.980114,4.34238e-006)(-9.97095e-006,-2.41175e-006,1)(0.123516,-0.0329785,5.96046e-007))

Frame 8
Affine3((0.969545,-0.244914,1.11405e-005)(0.244914,0.969545,6.78e-006)(-1.24617e-005,-3.84505e-006,1)(0.146315,-0.0542551,1.66893e-006))

Frame 9
Affine3((0.957518,-0.288374,1.22813e-005)(0.288374,0.957518,9.72579e-006)(-1.45642e-005,-5.771e-006,1)(0.163801,-0.0779499,2.26498e-006))

Frame 10
Affine3((0.946925,-0.321455,1.29798e-005)(0.321455,0.946925,1.2078e-005)(-1.61734e-005,-7.26452e-006,1)(0.174228,-0.0980919,2.98023e-006))

Frame 11
Affine3((0.942341,-0.334655,1.29596e-005)(0.334655,0.942341,1.30863e-005)(-1.65918e-005,-7.99475e-006,1)(0.177739,-0.106633,3.21865e-006))

Frame 12
Affine3((0.939447,-0.342693,1.25367e-005)(0.342693,0.939447,1.19236e-005)(-1.58637e-005,-6.90532e-006,1)(0.179668,-0.111958,2.86102e-006))

Frame 13
Affine3((0.938576,-0.345073,1.22956e-005)(0.345073,0.938576,1.20979e-005)(-1.5715e-005,-7.11195e-006,1)(0.180226,-0.113562,2.98023e-006))

Frame 14
Affine3((0.940529,-0.339712,1.37277e-005)(0.339712,0.940529,1.12559e-005)(-1.67351e-005,-5.923e-006,1)(0.179004,-0.110004,2.6226e-006))

Frame 15
Affine3((0.946925,-0.321455,1.31148e-005)(0.321455,0.946925,1.21382e-005)(-1.63206e-005,-7.2781e-006,1)(0.174228,-0.0980929,2.98023e-006))

Frame 16
Affine3((0.962982,-0.269567,1.28733e-005)(0.269567,0.962982,9.20934e-006)(-1.48793e-005,-5.3982e-006,1)(0.156263,-0.067078,2.26498e-006))

Frame 17
Affine3((0.983333,-0.181812,1.09489e-005)(0.181812,0.983333,5.18017e-006)(-1.17082e-005,-3.1032e-006,1)(0.113579,-0.026271,1.3113e-006))

Frame 18
Affine3((0.997296,-0.0734875,6.31929e-006)(0.0734875,0.997296,1.45731e-006)(-6.4093e-006,-9.8898e-007,1)(0.0471628,-0.00049118,-3.57628e-007))

Frame 19
Affine3((0.999187,0.040317,1.16761e-007)(-0.040317,0.999187,9.94191e-008)(-1.12658e-007,-1.04046e-007,1)(-0.0265727,-0.005695,0))

Frame 20
Affine3((0.991447,0.13051,-5.32468e-006)(-0.13051,0.991447,1.52375e-006)(5.478e-006,-8.15797e-007,1)(-0.0788122,-0.0326018,7.15256e-007))

Frame 21
Affine3((0.989103,0.147223,-5.68028e-006)(-0.147223,0.989103,2.13853e-006)(5.93323e-006,-1.27896e-006,1)(-0.0875267,-0.0396575,8.34465e-007))

Frame 22
Affine3((0.988159,0.15343,-6.03528e-006)(-0.15343,0.988159,1.74413e-006)(6.23142e-006,-7.97483e-007,1)(-0.0906859,-0.0424469,7.15256e-007))

Frame 23
Affine3((0.987834,0.155514,-5.28278e-006)(-0.155514,0.987834,2.48785e-006)(5.6054e-006,-1.63603e-006,1)(-0.0917532,-0.0434017,9.53674e-007))

Frame 24
Affine3((0.987897,0.15511,-5.11156e-006)(-0.15511,0.987897,2.76373e-006)(5.47837e-006,-1.93742e-006,1)(-0.0915845,-0.043226,8.34465e-007))

Frame 25
Affine3((0.988225,0.15301,-4.96249e-006)(-0.15301,0.988225,2.74475e-006)(5.32403e-006,-1.95312e-006,1)(-0.0905693,-0.0422804,8.34465e-007))

Frame 26
Affine3((0.988735,0.149674,-5.24094e-006)(-0.149674,0.988735,1.61034e-006)(5.42292e-006,-8.07765e-007,1)(-0.0889205,-0.0407973,5.96046e-007))

Frame 27
Affine3((0.989372,0.145406,-5.10258e-006)(-0.145406,0.989372,1.87698e-006)(5.32127e-006,-1.11508e-006,1)(-0.086778,-0.0389194,7.15256e-007))

Frame 28
Affine3((0.990094,0.140406,-4.8982e-006)(-0.140406,0.990094,1.48423e-006)(5.05808e-006,-7.81787e-007,1)(-0.0842222,-0.0367697,5.96046e-007))

Frame 29
Affine3((0.990869,0.134832,-4.89568e-006)(-0.134832,0.990869,1.42084e-006)(5.04255e-006,-7.4777e-007,1)(-0.0813226,-0.0344327,3.57628e-007))

Frame 30
Affine3((0.991671,0.128796,-4.65742e-006)(-0.128796,0.991671,1.30554e-006)(4.78678e-006,-6.94815e-007,1)(-0.0781244,-0.0319765,3.57628e-007))

Frame 31
Affine3((0.992482,0.122391,-4.49325e-006)(-0.122391,0.992482,1.23233e-006)(4.6103e-006,-6.7313e-007,1)(-0.0746691,-0.0294571,3.57628e-007))

Frame 32
Affine3((0.993285,0.115695,-4.3077e-006)(-0.115695,0.993285,9.15766e-007)(4.38472e-006,-4.11237e-007,1)(-0.0709892,-0.0269206,1.19209e-007))

Frame 33
Affine3((0.994067,0.108771,-4.1386e-006)(-0.108771,0.994067,1.18554e-006)(4.243e-006,-7.2835e-007,1)(-0.0671186,-0.0244009,2.38419e-007))

Frame 34
Affine3((0.994818,0.101674,-3.83955e-006)(-0.101674,0.994818,1.32848e-006)(3.95472e-006,-9.3121e-007,1)(-0.0630824,-0.0219321,3.57628e-007))

Frame 35
Affine3((0.99553,0.0944495,-3.64652e-006)(-0.0944495,0.99553,4.39481e-007)(3.67172e-006,-9.31045e-008,1)(-0.0589059,-0.0195448,0))

Frame 36
Affine3((0.996195,0.0871491,-3.33185e-006)(-0.0871491,0.996195,5.27806e-007)(3.36517e-006,-2.35429e-007,1)(-0.0546216,-0.017251,2.38419e-007))

Frame 37
Affine3((0.99681,0.0798098,-3.05596e-006)(-0.0798098,0.99681,3.685e-007)(3.07563e-006,-1.23429e-007,1)(-0.0502528,-0.015074,2.38419e-007))

Frame 38
Affine3((0.99737,0.072476,-3.01165e-006)(-0.072476,0.99737,1.08647e-006)(3.08247e-006,-8.65337e-007,1)(-0.0458312,-0.0130233,4.76837e-007))

Frame 39
Affine3((0.997874,0.0651759,-2.5308e-006)(-0.0651759,0.997874,1.80827e-007)(2.5372e-006,-1.5496e-008,1)(-0.0413733,-0.0111209,2.38419e-007))

Frame 40
Affine3((0.998319,0.0579571,-2.2953e-006)(-0.0579571,0.998319,-3.54794e-009)(2.29123e-006,1.36571e-007,1)(-0.0369184,-0.00936448,1.19209e-007))

Frame 41
Affine3((0.998706,0.0508578,-2.11273e-006)(-0.0508578,0.998706,3.23588e-007)(2.12646e-006,-2.15721e-007,1)(-0.0324941,-0.00775968,2.38419e-007))

Frame 42
Affine3((0.999035,0.0439133,-1.9401e-006)(-0.0439133,0.999035,3.163e-007)(1.95212e-006,-2.30798e-007,1)(-0.0281292,-0.00631363,1.19209e-007))

Frame 43
Affine3((0.999309,0.0371673,-1.59734e-006)(-0.0371673,0.999309,1.68912e-007)(1.60251e-006,-1.09426e-007,1)(-0.0238565,-0.00502575,1.19209e-007))

Frame 44
Affine3((0.99953,0.0306663,-1.41775e-006)(-0.0306663,0.99953,3.49609e-007)(1.4278e-006,-3.05967e-007,1)(-0.0197139,-0.00389148,2.38419e-007))

Frame 45
Affine3((0.999701,0.0244574,-1.13855e-006)(-0.0244574,0.999701,9.60619e-008)(1.14056e-006,-6.81872e-008,1)(-0.015737,-0.0029108,1.19209e-007))

Frame 46
Affine3((0.999827,0.0185963,-8.25863e-007)(-0.0185963,0.999827,1.36158e-007)(8.28252e-007,-1.20777e-007,1)(-0.0119687,-0.00207353,1.19209e-007))

Frame 47
Affine3((0.999914,0.0131442,-5.40059e-007)(-0.0131442,0.999914,4.98657e-008)(5.40667e-007,-4.27627e-008,1)(-0.00845532,-0.00137425,0))

Frame 48
Affine3((0.999967,0.00817064,-2.67544e-007)(-0.00817064,0.999967,1.65879e-007)(2.6889e-007,-1.63688e-007,1)(-0.00524818,-0.000801455,0))

Frame 49
Affine3((0.999993,0.00375448,-1.23134e-007)(-0.00375448,0.999993,3.4545e-008)(1.23263e-007,-3.40825e-008,1)(-0.00240542,-0.000347309,0))

Frame 50
Affine3((1,-1.74983e-005,2.12116e-007)(1.74983e-005,1,1.62098e-007)(-2.12119e-007,-1.62095e-007,1)(1.21426e-005,2.55927e-006,1.19209e-007))

