Frame 1
Affine3((1,7.00352e-009,2.2654e-009)(-1.59143e-008,1,-3.55594e-009)(-4.15426e-009,4.23798e-009,1)(0,0,0))

Frame 2
Affine3((0.999915,-0.0130639,9.55274e-005)(0.0130638,0.99979,-0.0158014)(0.000110906,0.0158012,0.999875)(0.00212171,-0.0119652,-0.00241321))

Frame 3
Affine3((0.998704,-0.0508961,0.000614099)(0.0508889,0.998168,-0.0327134)(0.00105201,0.0327022,0.999464)(0.00777622,-0.0244702,-0.00474316))

Frame 4
Affine3((0.99441,-0.105564,0.00214137)(0.10553,0.993011,-0.0528449)(0.00345213,0.0527754,0.9986)(0.0152037,-0.0396537,-0.00714445))

Frame 5
Affine3((0.985306,-0.170722,0.0051872)(0.170619,0.982408,-0.075921)(0.00786544,0.0756904,0.9971)(0.0229541,-0.0577267,-0.00938749))

Frame 6
Affine3((0.970501,-0.240889,0.0100147)(0.240661,0.965412,-0.100312)(0.0144959,0.0997633,0.994906)(0.0299677,-0.0776704,-0.0111437))

Frame 7
Affine3((0.950292,-0.310923,0.0165032)(0.310479,0.942287,-0.125294)(0.023406,0.12419,0.991982)(0.0353152,-0.0989357,-0.0122809))

Frame 8
Affine3((0.926191,-0.37628,0.0241682)(0.375544,0.914847,-0.148398)(0.0337291,0.146521,0.988632)(0.0388595,-0.119424,-0.0126843))

Frame 9
Affine3((0.901127,-0.432365,0.0320853)(0.431233,0.886197,-0.169388)(0.0448037,0.166477,0.985027)(0.0402623,-0.138488,-0.0125279))

Frame 10
Affine3((0.879162,-0.474926,0.038989)(0.473352,0.860959,-0.186244)(0.0548842,0.182194,0.98173)(0.0400703,-0.153994,-0.0120397))

Frame 11
Affine3((0.861236,-0.506244,0.0446047)(0.504291,0.840433,-0.198402)(0.0629525,0.193365,0.979105)(0.039452,-0.165431,-0.0114405))

Frame 12
Affine3((0.8476,-0.528382,0.0488637)(0.526039,0.824589,-0.208175)(0.0697037,0.202153,0.97687)(0.0382056,-0.174431,-0.0108808))

Frame 13
Affine3((0.842035,-0.537045,0.0505972)(0.534509,0.818051,-0.21235)(0.0726503,0.205851,0.975883)(0.0374802,-0.17821,-0.0106232))

Frame 14
Affine3((0.84994,-0.524677,0.0481211)(0.522181,0.82667,-0.209627)(0.0702062,0.203298,0.976596)(0.0371202,-0.17504,-0.0109579))

Frame 15
Affine3((0.879639,-0.474056,0.0388179)(0.472105,0.860249,-0.192582)(0.0579014,0.187728,0.980513)(0.0375291,-0.158404,-0.0121039))

Frame 16
Affine3((0.93702,-0.348662,0.0207107)(0.347738,0.925689,-0.148924)(0.0327527,0.146747,0.988632)(0.0346948,-0.118353,-0.0130547))

Frame 17
Affine3((0.985238,-0.17111,0.00520308)(0.170912,0.981466,-0.0866818)(0.00972546,0.0862915,0.996222)(0.0215829,-0.0660659,-0.010409))

Frame 18
Affine3((0.999955,0.00946543,1.20664e-005)(-0.00946235,0.999663,-0.0241886)(-0.00024102,0.0241874,0.999707)(-0.00136584,-0.0189631,-0.00362545))

Frame 19
Affine3((0.987679,0.156459,0.00329657)(-0.156493,0.987379,0.0243413)(0.000553441,-0.0245573,0.999698)(-0.0263035,0.0134353,0.00439352))

Frame 20
Affine3((0.968123,0.250313,0.00901014)(-0.250426,0.966591,0.0546795)(0.00497788,-0.0551929,0.998463)(-0.044946,0.0315925,0.0106809))

Frame 21
Affine3((0.955449,0.294881,0.0127713)(-0.295054,0.953076,0.0677382)(0.00780272,-0.0684885,0.997621)(-0.0542712,0.0386497,0.0137402))

Frame 22
Affine3((0.948433,0.316628,0.0148636)(-0.316842,0.945626,0.0734996)(0.00921663,-0.0744189,0.997184)(-0.0588293,0.0415219,0.0151778))

Frame 23
Affine3((0.945016,0.326637,0.0158785)(-0.326875,0.942011,0.0759498)(0.00985033,-0.0769641,0.996985)(-0.0609091,0.0426687,0.01581))

Frame 24
Affine3((0.944049,0.329409,0.0161747)(-0.329657,0.941016,0.0762628)(0.00990096,-0.0773279,0.996957)(-0.0613889,0.0427275,0.0159072))

Frame 25
Affine3((0.944862,0.327082,0.0159279)(-0.327326,0.941893,0.0754712)(0.00968291,-0.0765234,0.997021)(-0.0608509,0.0422999,0.0157094))

Frame 26
Affine3((0.94697,0.320957,0.0153)(-0.32118,0.944067,0.0747058)(0.00953314,-0.0756582,0.997088)(-0.0597618,0.0421272,0.0154822))

Frame 27
Affine3((0.949919,0.312164,0.0144114)(-0.312371,0.947224,0.072043)(0.00883845,-0.0729367,0.997297)(-0.0578262,0.0407352,0.0148182))

Frame 28
Affine3((0.953459,0.301226,0.0133637)(-0.301414,0.950996,0.0689627)(0.00806452,-0.0697811,0.99753)(-0.055486,0.039165,0.0140571))

Frame 29
Affine3((0.957382,0.288566,0.0121983)(-0.288734,0.955182,0.065275)(0.00718455,-0.0660152,0.997793)(-0.0527849,0.0372269,0.0131645))

Frame 30
Affine3((0.961508,0.274559,0.0109627)(-0.274709,0.959607,0.0607361)(0.00615579,-0.0614098,0.998094)(-0.049748,0.0347039,0.0121002))

Frame 31
Affine3((0.965735,0.259349,0.00971962)(-0.259474,0.964058,0.0571413)(0.00544926,-0.0577053,0.998319)(-0.0467627,0.0329183,0.0112463))

Frame 32
Affine3((0.969879,0.243437,0.00849536)(-0.243544,0.96849,0.0520892)(0.00445277,-0.0525892,0.998606)(-0.043433,0.0300495,0.0101124))

Frame 33
Affine3((0.97391,0.226816,0.0073025)(-0.226906,0.972775,0.0471341)(0.0035871,-0.0475613,0.998862)(-0.040083,0.027238,0.00902116))

Frame 34
Affine3((0.977744,0.209713,0.00617045)(-0.209785,0.97684,0.042116)(0.00280474,-0.0424731,0.999094)(-0.0367114,0.0243525,0.00794351))

Frame 35
Affine3((0.981349,0.192167,0.00511963)(-0.192221,0.980609,0.0381629)(0.0023133,-0.0384352,0.999258)(-0.0334862,0.022245,0.00709593))

Frame 36
Affine3((0.98461,0.174717,0.00418337)(-0.174759,0.984063,0.0328469)(0.0016222,-0.0330724,0.999452)(-0.0301125,0.0190645,0.00601828))

Frame 37
Affine3((0.987566,0.157171,0.00332189)(-0.157202,0.987178,0.0277129)(0.00107636,-0.0278905,0.99961)(-0.0268272,0.0159596,0.00500232))

Frame 38
Affine3((0.990158,0.139927,0.00259068)(-0.13995,0.989913,0.0220375)(0.000519102,-0.0221832,0.999754)(-0.0235739,0.0123878,0.00392395))

Frame 39
Affine3((0.992418,0.122893,0.00194862)(-0.122909,0.992278,0.0166871)(0.000117152,-0.0168001,0.999859)(-0.0204671,0.00899407,0.00293422))

Frame 40
Affine3((0.994334,0.106294,0.00141665)(-0.106304,0.994266,0.0115707)(-0.000178621,-0.0116557,0.999932)(-0.0175061,0.00571549,0.00201654))

Frame 41
Affine3((0.995936,0.0900631,0.00096494)(-0.0900678,0.995906,0.00765203)(-0.00027182,-0.0077078,0.99997)(-0.0147574,0.00328793,0.0013234))

Frame 42
Affine3((0.997197,0.0748177,0.000637895)(-0.0748192,0.997193,0.0028835)(-0.000420353,-0.00292314,0.999996)(-0.0121196,0.000144355,0.000516117))

Frame 43
Affine3((0.998167,0.060522,0.000391402)(-0.060521,0.998165,-0.0020906)(-0.000517212,0.00206308,0.999998)(-0.00967295,-0.00323214,-0.000299335))

Frame 44
Affine3((0.998894,0.0470122,0.000211578)(-0.0470106,0.998882,-0.00494451)(-0.00044379,0.00492908,0.999988)(-0.00748551,-0.00503088,-0.00076133))

Frame 45
Affine3((0.999383,0.0351351,0.000102406)(-0.0351324,0.999336,-0.0097162)(-0.000443714,0.0097066,0.999953)(-0.00550597,-0.0083878,-0.00150383))

Frame 46
Affine3((0.999696,0.0246622,3.93793e-005)(-0.0246594,0.999605,-0.0134849)(-0.000371927,0.0134798,0.999909)(-0.00381301,-0.01103,-0.00207561))

Frame 47
Affine3((0.999874,0.0158823,1.72141e-005)(-0.0158799,0.999741,-0.0163254)(-0.000276478,0.0163231,0.999867)(-0.00241918,-0.0130111,-0.00249684))

Frame 48
Affine3((0.999958,0.00915526,1.28587e-005)(-0.00915342,0.999782,-0.0187464)(-0.000184474,0.0187455,0.999824)(-0.00136457,-0.0147302,-0.00284994))

Frame 49
Affine3((0.999989,0.00476478,2.26804e-005)(-0.00476336,0.999788,-0.0200234)(-0.000118073,0.0200231,0.999799)(-0.000680827,-0.0156198,-0.00303322))

Frame 50
Affine3((0.999995,0.00320928,2.7695e-005)(-0.003208,0.999784,-0.0205451)(-9.36113e-005,0.0205449,0.999789)(-0.000438407,-0.0159875,-0.00310743))

