Frame 1
Affine3((1,4.70444e-009,-3.84432e-009)(-8.47903e-009,1,3.24619e-009)(6.44989e-010,-1.3252e-009,1)(0,0,0))

Frame 2
Affine3((0.996271,-0.0860777,0.00590996)(0.0860316,0.996263,0.00763782)(-0.00654531,-0.00710088,0.999953)(0.0201184,0.0205768,-0.000504375))

Frame 3
Affine3((0.95182,-0.306002,0.0200527)(0.305381,0.951788,0.0290013)(-0.0279604,-0.0214803,0.999378)(0.0840956,0.0645417,-0.000801921))

Frame 4
Affine3((0.805951,-0.59089,0.0359438)(0.588351,0.806244,0.0617494)(-0.0654666,-0.0286194,0.997444)(0.196664,0.0948915,0.00140691))

Frame 5
Affine3((0.526146,-0.849064,0.0475518)(0.842996,0.528113,0.102251)(-0.11193,-0.0137129,0.993622)(0.343618,0.0715213,0.0078041))

Frame 6
Affine3((0.139209,-0.988943,0.0511144)(0.978637,0.145277,0.145477)(-0.151294,0.0297708,0.988041)(0.486917,-0.0287995,0.0185598))

Frame 7
Affine3((-0.275949,-0.96008,0.0458086)(0.946626,-0.263204,0.186072)(-0.166587,0.0947101,0.981468)(0.581129,-0.197047,0.0323358))

Frame 8
Affine3((-0.628708,-0.776924,0.0333797)(0.762954,-0.607963,0.219731)(-0.15042,0.163614,0.974989)(0.598584,-0.395205,0.0468957))

Frame 9
Affine3((-0.861026,-0.508277,0.0169813)(0.496566,-0.83304,0.243857)(-0.109801,0.218399,0.969663)(0.544772,-0.575981,0.0599037))

Frame 10
Affine3((-0.966085,-0.258224,-0.000305385)(0.249435,-0.93351,0.257569)(-0.0667955,0.248758,0.96626)(0.464306,-0.698715,0.0695763))

Frame 11
Affine3((-0.993175,-0.114222,-0.0235856)(0.104378,-0.960696,0.257232)(-0.0520402,0.253015,0.966062)(0.426747,-0.745314,0.075034))

Frame 12
Affine3((-0.998526,-0.0225728,-0.0493531)(0.00969044,-0.968939,0.247108)(-0.0533981,0.246266,0.96773)(0.413983,-0.761382,0.0776485))

Frame 13
Affine3((-0.997796,0.00686791,-0.066006)(-0.0223773,-0.971198,0.23722)(-0.0624758,0.238174,0.969211)(0.420498,-0.758694,0.0784823))

Frame 14
Affine3((-0.996898,-0.0511644,-0.0598028)(0.0356031,-0.970832,0.237103)(-0.0701897,0.234239,0.969642)(0.440279,-0.738291,0.0765198))

Frame 15
Affine3((-0.965863,-0.259051,-0.00101765)(0.250056,-0.933339,0.257586)(-0.0676775,0.248538,0.966255)(0.465243,-0.698211,0.0697736))

Frame 16
Affine3((-0.538006,-0.826907,0.163628)(0.822468,-0.472431,0.31679)(-0.184653,0.305014,0.934275)(0.607018,-0.562856,0.0778161))

Frame 17
Affine3((0.487509,-0.744877,0.455514)(0.664334,0.654988,0.360071)(-0.566565,0.127076,0.81416)(0.877642,-0.198698,0.16392))

Frame 18
Affine3((0.548654,0.190468,0.814065)(-0.63607,0.727012,0.258591)(-0.542581,-0.659679,0.520029)(0.777822,0.667165,0.446413))

Frame 19
Affine3((-0.0502369,0.137202,0.989268)(-0.86057,-0.508624,0.0268398)(0.506848,-0.849987,0.143624)(-0.428799,0.978897,0.876138))

Frame 20
Affine3((0.0151405,-0.084871,0.996277)(-0.0674768,-0.994206,-0.0836692)(0.997606,-0.0659588,-0.0207796)(-1.10387,0.104293,1.08131))

Frame 21
Affine3((0.0698325,-0.0988985,0.992644)(0.0607941,-0.992802,-0.103191)(0.995705,0.067553,-0.0633174)(-1.12673,-0.0522734,1.13626))

Frame 22
Affine3((0.106265,-0.105124,0.988765)(0.112146,-0.986784,-0.116966)(0.987993,0.123316,-0.0930711)(-1.1305,-0.118165,1.17512))

Frame 23
Affine3((0.130313,-0.108596,0.985508)(0.135952,-0.982637,-0.126257)(0.982108,0.150434,-0.113286)(-1.13057,-0.150615,1.20159))

Frame 24
Affine3((0.143235,-0.111043,0.98344)(0.143065,-0.980925,-0.131597)(0.979294,0.159545,-0.124616)(-1.12994,-0.161721,1.21661))

Frame 25
Affine3((0.146648,-0.113029,0.98271)(0.137612,-0.981459,-0.13342)(0.97957,0.154798,-0.128375)(-1.12964,-0.156264,1.22159))

Frame 26
Affine3((0.140759,-0.114348,0.983418)(0.121531,-0.9838,-0.131788)(0.982557,0.138066,-0.124582)(-1.1296,-0.136448,1.21657))

Frame 27
Affine3((0.125424,-0.11426,0.985502)(0.0951582,-0.98738,-0.126589)(0.987529,0.109656,-0.112969)(-1.1291,-0.10272,1.20125))

Frame 28
Affine3((0.0999545,-0.111303,0.988747)(0.0573461,-0.991427,-0.117402)(0.993338,0.0684356,-0.0927148)(-1.12666,-0.0539313,1.17464))

Frame 29
Affine3((0.0632385,-0.103095,0.992659)(0.00443345,-0.994611,-0.10358)(0.997989,0.0109511,-0.0624406)(-1.11959,0.0137695,1.13514))

Frame 30
Affine3((0.0138552,-0.08535,0.996255)(-0.0745583,-0.993665,-0.0840913)(0.99712,-0.073114,-0.020131)(-1.10205,0.112422,1.08037))

Frame 31
Affine3((-0.0560844,-0.0551945,0.996899)(-0.196831,-0.978265,-0.0652363)(0.978832,-0.19988,0.0440014)(-1.05751,0.261096,0.998769))

Frame 32
Affine3((-0.13779,-0.00409382,0.990453)(-0.348958,-0.935671,-0.0524138)(0.926953,-0.352849,0.127497)(-0.968596,0.436553,0.894427))

Frame 33
Affine3((-0.212686,0.0768501,0.974094)(-0.51278,-0.857376,-0.0443199)(0.831758,-0.508922,0.221759)(-0.828016,0.60824,0.778871))

Frame 34
Affine3((-0.263657,0.187074,0.946302)(-0.67115,-0.740205,-0.0406639)(0.692851,-0.645832,0.320715)(-0.639586,0.749046,0.659891))

Frame 35
Affine3((-0.27697,0.318491,0.90656)(-0.808627,-0.5869,-0.0408612)(0.519046,-0.744387,0.420094)(-0.417504,0.83755,0.542912))

Frame 36
Affine3((-0.244122,0.456906,0.85536)(-0.913208,-0.405085,-0.0442489)(0.326276,-0.791924,0.51614)(-0.183363,0.861784,0.432395))

Frame 37
Affine3((-0.163708,0.585426,0.794025)(-0.977354,-0.205644,-0.0498872)(0.134081,-0.784211,0.605835)(0.0385737,0.820708,0.331726))

Frame 38
Affine3((-0.0415841,0.688359,0.724177)(-0.998399,-0.000816494,-0.0565547)(-0.0383387,-0.725369,0.687292)(0.226244,0.723263,0.243018))

Frame 39
Affine3((0.110629,0.753504,0.648068)(-0.978178,0.197937,-0.0631594)(-0.175867,-0.626939,0.758959)(0.363952,0.586574,0.16774))

Frame 40
Affine3((0.277934,0.774599,0.56811)(-0.921954,0.381165,-0.0686631)(-0.26973,-0.504687,0.820083)(0.444599,0.431534,0.106426))

Frame 41
Affine3((0.444936,0.751765,0.486704)(-0.837144,0.542199,-0.0721819)(-0.318155,-0.375325,0.87058)(0.469804,0.278667,0.0588146))

Frame 42
Affine3((0.59821,0.69061,0.406452)(-0.732074,0.677269,-0.073305)(-0.325903,-0.253701,0.910727)(0.448682,0.144826,0.0240784))

Frame 43
Affine3((0.728384,0.600733,0.32951)(-0.615113,0.785168,-0.0717387)(-0.301817,-0.150433,0.941423)(0.394455,0.0406842,0.000778735))

Frame 44
Affine3((0.830633,0.493505,0.257882)(-0.494028,0.866817,-0.0675586)(-0.256877,-0.0712845,0.963812)(0.321809,-0.0295667,-0.0128674))

Frame 45
Affine3((0.904425,0.3803,0.19336)(-0.375732,0.924702,-0.0612449)(-0.202092,-0.0172601,0.979215)(0.244302,-0.0676523,-0.0188752))

Frame 46
Affine3((0.952684,0.271144,0.137385)(-0.2662,0.962431,-0.0535147)(-0.146734,0.0144105,0.989071)(0.172408,-0.079635,-0.0193753))

Frame 47
Affine3((0.980487,0.174112,0.0912667)(-0.170568,0.984302,-0.0453489)(-0.0977297,0.0288969,0.994793)(0.113016,-0.0740406,-0.0165055))

Frame 48
Affine3((0.993854,0.0953364,0.0562535)(-0.0932924,0.994917,-0.0379142)(-0.0595822,0.0324332,0.997696)(0.0696707,-0.0601707,-0.0123177))

Frame 49
Affine3((0.998647,0.0395452,0.0337801)(-0.0384493,0.998732,-0.0324993)(-0.0350225,0.0311565,0.998901)(0.0436874,-0.0467962,-0.0086965))

Frame 50
Affine3((0.99961,0.0108709,0.0257201)(-0.010087,0.999487,-0.0304119)(-0.0260375,0.0301406,0.999207)(0.0357581,-0.0412009,-0.00721407))

