Frame 1
Affine3((1,1.04635e-008,-8.2673e-009)(-5.37684e-009,1,2.49821e-008)(-4.39387e-009,-4.99029e-008,1)(0,0,0))

Frame 2
Affine3((0.999927,-0.0120609,6.26303e-005)(0.0120581,0.999786,0.0168297)(-0.000265551,-0.0168277,0.999858)(0.00267653,0.00414512,-0.000143617))

Frame 3
Affine3((0.998825,-0.0484698,-0.000223099)(0.0484457,0.998159,0.0364823)(-0.00154558,-0.0364504,0.999334)(0.00950569,0.0149932,0.00168514))

Frame 4
Affine3((0.994818,-0.101665,-0.00152607)(0.101578,0.993086,0.0588312)(-0.00446553,-0.0586814,0.998267)(0.0198785,0.030097,0.00510789))

Frame 5
Affine3((0.986238,-0.16527,-0.00444587)(0.165058,0.982726,0.0837021)(-0.00946434,-0.0832841,0.996481)(0.0332885,0.0473333,0.00985523))

Frame 6
Affine3((0.972279,-0.233642,-0.00927513)(0.233213,0.966097,0.110759)(-0.0169173,-0.109852,0.993804)(0.0490955,0.0649568,0.0156322))

Frame 7
Affine3((0.953117,-0.302181,-0.0159546)(0.301454,0.943594,0.136949)(-0.0263286,-0.135338,0.99045)(0.066387,0.0815729,0.0222036))

Frame 8
Affine3((0.930331,-0.365942,-0.0238965)(0.364783,0.916757,0.162755)(-0.0376514,-0.160133,0.986377)(0.0839908,0.0960893,0.0289402))

Frame 9
Affine3((0.906635,-0.42069,-0.0321609)(0.418982,0.888734,0.186025)(-0.0496762,-0.182131,0.982019)(0.100367,0.107754,0.0352544))

Frame 10
Affine3((0.885865,-0.462268,-0.0394005)(0.459978,0.864038,0.204593)(-0.060533,-0.199365,0.978054)(0.11366,0.116075,0.0404028))

Frame 11
Affine3((0.868854,-0.492988,-0.0453473)(0.490241,0.844001,0.217547)(-0.0689749,-0.211248,0.974996)(0.123918,0.121872,0.0444727))

Frame 12
Affine3((0.855999,-0.514571,-0.0498142)(0.511313,0.828459,0.228505)(-0.0763133,-0.221071,0.972267)(0.131492,0.125786,0.0473843))

Frame 13
Affine3((0.85082,-0.522918,-0.0515923)(0.519359,0.821969,0.233736)(-0.0798173,-0.225662,0.97093)(0.134543,0.127276,0.0485056))

Frame 14
Affine3((0.858363,-0.510704,-0.0489338)(0.507216,0.830412,0.230539)(-0.077102,-0.222706,0.971832)(0.130362,0.125177,0.0467191))

Frame 15
Affine3((0.88647,-0.461132,-0.0391042)(0.458413,0.863361,0.210866)(-0.0634759,-0.204852,0.976733)(0.113695,0.116015,0.0400123))

Frame 16
Affine3((0.940729,-0.33856,-0.0201474)(0.337226,0.927384,0.161979)(-0.0361553,-0.159173,0.986589)(0.0768481,0.0902872,0.0255182))

Frame 17
Affine3((0.986235,-0.165293,-0.00434871)(0.164968,0.981836,0.0937241)(-0.0112222,-0.0931514,0.995589)(0.0338186,0.047727,0.00936122))

Frame 18
Affine3((0.999937,0.0112152,0.000172612)(-0.0112158,0.999579,0.0267417)(0.000127377,-0.026742,0.999642)(-0.00043489,-0.00192178,-0.0025311))

Frame 19
Affine3((0.987842,0.155398,-0.00438324)(-0.155459,0.987539,-0.0244809)(0.00052433,0.0248647,0.999691)(-0.0215526,-0.0467701,-0.00905177))

Frame 20
Affine3((0.968665,0.248111,-0.0113604)(-0.248357,0.967114,-0.0548529)(-0.00262278,0.0559555,0.99843)(-0.031786,-0.0776221,-0.0117321))

Frame 21
Affine3((0.956203,0.292277,-0.0158264)(-0.292668,0.95382,-0.0676215)(-0.00466864,0.0692918,0.997586)(-0.0356669,-0.092845,-0.0126308))

Frame 22
Affine3((0.949274,0.313918,-0.0183076)(-0.314401,0.946472,-0.0730883)(-0.00561609,0.0751367,0.997157)(-0.0373153,-0.10042,-0.0129944))

Frame 23
Affine3((0.945933,0.323777,-0.0195028)(-0.324304,0.942893,-0.0760256)(-0.00622622,0.0782399,0.996915)(-0.0380293,-0.103924,-0.0131096))

Frame 24
Affine3((0.944929,0.326672,-0.019848)(-0.327219,0.941921,-0.0755787)(-0.00599414,0.0779112,0.996942)(-0.0381928,-0.104896,-0.0132126))

Frame 25
Affine3((0.945654,0.324586,-0.0195789)(-0.325129,0.942787,-0.0737846)(-0.00549071,0.0761403,0.997082)(-0.0380112,-0.104095,-0.013254))

Frame 26
Affine3((0.9477,0.318605,-0.0188457)(-0.319119,0.944956,-0.0722611)(-0.00521435,0.0744959,0.997208)(-0.0375919,-0.101972,-0.0131731))

Frame 27
Affine3((0.950603,0.309899,-0.0177972)(-0.310374,0.948058,-0.0696652)(-0.00471634,0.0717477,0.997412)(-0.0369447,-0.0988891,-0.0130679))

Frame 28
Affine3((0.954048,0.299196,-0.0165732)(-0.299629,0.951779,-0.0658749)(-0.00393543,0.0678136,0.99769)(-0.0361029,-0.0950845,-0.012944))

Frame 29
Affine3((0.95792,0.286635,-0.0151751)(-0.287017,0.955904,-0.0621987)(-0.00332237,0.0639368,0.997948)(-0.0350848,-0.0906914,-0.0127417))

Frame 30
Affine3((0.962062,0.272488,-0.0136914)(-0.272815,0.960241,-0.0592303)(-0.00299242,0.0607184,0.998151)(-0.0339166,-0.0858413,-0.0124185))

Frame 31
Affine3((0.966138,0.257737,-0.0122215)(-0.258018,0.964642,-0.0537766)(-0.00207083,0.055109,0.998478)(-0.0325553,-0.0807142,-0.0121704))

Frame 32
Affine3((0.970201,0.242062,-0.0107482)(-0.242297,0.968993,-0.0484229)(-0.00130634,0.0495842,0.998769)(-0.0310451,-0.0753405,-0.0118477))

Frame 33
Affine3((0.974189,0.22554,-0.0093177)(-0.225731,0.973198,-0.0439549)(-0.000845603,0.0449236,0.99899)(-0.0294134,-0.0697822,-0.0113989))

Frame 34
Affine3((0.977991,0.208497,-0.00795473)(-0.208648,0.977183,-0.0397309)(-0.000510476,0.0405161,0.999179)(-0.0276564,-0.0641254,-0.0108699))

Frame 35
Affine3((0.981484,0.191427,-0.00668792)(-0.191544,0.98089,-0.0341288)(2.69522e-005,0.0347779,0.999395)(-0.0257603,-0.0584504,-0.0103696))

Frame 36
Affine3((0.984699,0.174178,-0.00552057)(-0.174265,0.984282,-0.0286612)(0.000441728,0.0291846,0.999574)(-0.0237619,-0.0527859,-0.00980876))

Frame 37
Affine3((0.987608,0.156875,-0.0044584)(-0.156937,0.98733,-0.0234444)(0.000724104,0.0238536,0.999715)(-0.0216773,-0.0471791,-0.00918901))

Frame 38
Affine3((0.990192,0.139669,-0.0035218)(-0.13971,0.990018,-0.0186108)(0.000887328,0.0189203,0.999821)(-0.0195344,-0.041665,-0.00850323))

Frame 39
Affine3((0.992421,0.122852,-0.00269872)(-0.122877,0.992332,-0.0133462)(0.00103847,0.0135766,0.999907)(-0.0173328,-0.0363137,-0.00782427))

Frame 40
Affine3((0.994299,0.106614,-0.0020084)(-0.106626,0.99427,-0.00758831)(0.00118794,0.0077591,0.999969)(-0.015103,-0.0311698,-0.00716345))

Frame 41
Affine3((0.995867,0.0908077,-0.00143323)(-0.0908114,0.995864,-0.00272384)(0.00118,0.00284272,0.999995)(-0.0128899,-0.0262393,-0.00644095))

Frame 42
Affine3((0.997124,0.0757789,-0.000957364)(-0.0757766,0.997122,0.00224596)(0.00112484,-0.00216699,0.999997)(-0.0107032,-0.0215847,-0.00574315))

Frame 43
Affine3((0.998098,0.0616398,-0.00058917)(-0.0616343,0.998075,0.00688446)(0.00101243,-0.00683511,0.999976)(-0.00858945,-0.0172416,-0.00505173))

Frame 44
Affine3((0.998824,0.0484858,-0.00031515)(-0.0484795,0.998766,0.0108035)(0.000838588,-0.0107755,0.999942)(-0.00658894,-0.0132522,-0.0043605))

Frame 45
Affine3((0.999327,0.0366708,-0.000109348)(-0.0366651,0.999217,0.0148417)(0.000653541,-0.0148277,0.99989)(-0.00472696,-0.00967481,-0.00374977))

Frame 46
Affine3((0.999655,0.026279,1.61984e-005)(-0.026275,0.999492,0.018026)(0.000457554,-0.0180202,0.999838)(-0.00307311,-0.00656989,-0.00317283))

Frame 47
Affine3((0.999846,0.0175253,8.94112e-005)(-0.0175235,0.99964,0.0203086)(0.000266563,-0.020307,0.999794)(-0.00167464,-0.00398086,-0.00265089))

Frame 48
Affine3((0.999941,0.0108325,0.000136767)(-0.0108328,0.999692,0.0223344)(0.000105245,-0.0223346,0.999751)(-0.00057745,-0.00200421,-0.0022642))

Frame 49
Affine3((0.999978,0.00667368,0.000160258)(-0.00667563,0.999679,0.0244258)(2.8413e-006,-0.0244263,0.999702)(0.000148639,-0.00074593,-0.00206529))

Frame 50
Affine3((0.999987,0.00517058,0.00016664)(-0.00517315,0.99967,0.0251465)(-3.65347e-005,-0.025147,0.999684)(0.000410333,-0.000292733,-0.00199078))

