Frame 1
Affine3((1,2.11727e-008,-1.13688e-008)(-6.08293e-009,1,1.75437e-008)(-8.2847e-009,-1.63597e-008,1)(0,0,0))

Frame 2
Affine3((0.999992,-0.00282321,-0.00278259)(0.00285842,0.999915,0.0127226)(0.00274642,-0.0127305,0.999915)(-0.000190169,-1.38804e-005,-0.00174065))

Frame 3
Affine3((0.99994,-0.00514965,-0.0096431)(0.00532122,0.999826,0.0178504)(0.00954953,-0.0179006,0.999794)(-0.000360459,-0.000367247,-0.00354338))

Frame 4
Affine3((0.999794,-0.00733609,-0.0189117)(0.00771995,0.999764,0.0203032)(0.0187583,-0.0204451,0.999615)(-0.000589684,-0.000873879,-0.00555282))

Frame 5
Affine3((0.999521,-0.00956521,-0.0294427)(0.010208,0.999711,0.0217587)(0.0292261,-0.0220488,0.99933)(-0.000873715,-0.00147163,-0.00770472))

Frame 6
Affine3((0.999112,-0.0119739,-0.0404029)(0.0128786,0.99967,0.0222055)(0.0401236,-0.0227061,0.998937)(-0.00115566,-0.00215112,-0.00985441))

Frame 7
Affine3((0.998599,-0.01435,-0.0509402)(0.0155204,0.999623,0.0226542)(0.0505959,-0.0234131,0.998445)(-0.00146309,-0.00282497,-0.0119228))

Frame 8
Affine3((0.998006,-0.0165179,-0.060924)(0.0179045,0.999591,0.0222831)(0.0605311,-0.0233295,0.997894)(-0.00177754,-0.00346391,-0.0138077))

Frame 9
Affine3((0.997431,-0.0185246,-0.0692019)(0.0201357,0.999541,0.0226567)(0.0687504,-0.0239918,0.997345)(-0.00206028,-0.00401855,-0.0154353))

Frame 10
Affine3((0.996969,-0.0200535,-0.0751696)(0.0218803,0.999483,0.0235579)(0.0746583,-0.0251312,0.996892)(-0.00229253,-0.00441966,-0.0166653))

Frame 11
Affine3((0.996584,-0.0209062,-0.0798949)(0.0228787,0.999454,0.0238541)(0.0793525,-0.0256005,0.996518)(-0.00252719,-0.00467476,-0.0175807))

Frame 12
Affine3((0.996348,-0.0221844,-0.0824476)(0.0243173,0.999393,0.0249561)(0.0818439,-0.0268699,0.996283)(-0.00257421,-0.0049727,-0.0181977))

Frame 13
Affine3((0.996271,-0.0224198,-0.0833096)(0.024645,0.999364,0.0257781)(0.0826787,-0.0277351,0.99619)(-0.00263879,-0.0050262,-0.0184295))

Frame 14
Affine3((0.996532,-0.0218889,-0.0802846)(0.024195,0.999319,0.0278639)(0.07962,-0.0297097,0.996382)(-0.00257471,-0.0048399,-0.0180208))

Frame 15
Affine3((0.997225,-0.0203066,-0.0716285)(0.0225152,0.999291,0.0301636)(0.0709652,-0.0316926,0.996975)(-0.00225772,-0.00431405,-0.0165691))

Frame 16
Affine3((0.998457,-0.0164315,-0.0530317)(0.0181917,0.999294,0.0328817)(0.0524539,-0.0337957,0.998051)(-0.00165416,-0.00306378,-0.0132402))

Frame 17
Affine3((0.999552,-0.0107426,-0.0279283)(0.011656,0.999396,0.0327524)(0.0275596,-0.0330632,0.999073)(-0.00100128,-0.00131526,-0.00839782))

Frame 18
Affine3((0.999988,-0.00475694,0.000893954)(0.00472883,0.999564,0.0291326)(-0.00103221,-0.029128,0.999575)(-0.00035046,0.000385255,-0.00254175))

Frame 19
Affine3((0.999569,0.00103676,0.029349)(-0.0017811,0.999677,0.0253481)(-0.0293133,-0.0253894,0.999248)(6.97821e-005,0.00189757,0.00328791))

Frame 20
Affine3((0.998666,0.0056085,0.0513281)(-0.0067406,0.999737,0.0219092)(-0.0511918,-0.022226,0.998441)(0.000268131,0.00297419,0.00785154))

Frame 21
Affine3((0.997999,0.0077373,0.0627587)(-0.00908253,0.999734,0.0211784)(-0.0625782,-0.021706,0.997804)(0.000319004,0.00352058,0.0101305))

Frame 22
Affine3((0.997614,0.0086605,0.0684877)(-0.0101433,0.999721,0.0213333)(-0.0682838,-0.0219771,0.997424)(0.000327647,0.00379433,0.0112238))

Frame 23
Affine3((0.997429,0.0090352,0.0710898)(-0.0105958,0.99971,0.021606)(-0.070874,-0.0223037,0.997236)(0.000326008,0.00392204,0.0117037))

Frame 24
Affine3((0.997385,0.00908478,0.0717024)(-0.0106907,0.9997,0.0220457)(-0.0714806,-0.0227546,0.997182)(0.000310048,0.00396907,0.01178))

Frame 25
Affine3((0.997436,0.00887643,0.0710055)(-0.0104787,0.999698,0.0222243)(-0.0707868,-0.0229114,0.997228)(0.000315383,0.0039287,0.0116276))

Frame 26
Affine3((0.997531,0.00888413,0.0696577)(-0.010391,0.999719,0.0212993)(-0.069449,-0.0219705,0.997344)(0.000325829,0.00385489,0.0114542))

Frame 27
Affine3((0.997705,0.0083432,0.0671885)(-0.00981533,0.999718,0.0216097)(-0.0669893,-0.0222196,0.997506)(0.000327379,0.00373292,0.0109462))

Frame 28
Affine3((0.997906,0.0078801,0.0642016)(-0.00929248,0.999721,0.0217302)(-0.0640125,-0.0222813,0.9977)(0.000308841,0.00360648,0.0103596))

Frame 29
Affine3((0.99812,0.0072043,0.0608716)(-0.00855422,0.999723,0.0219456)(-0.0606967,-0.022425,0.997904)(0.000307903,0.00343608,0.00969228))

Frame 30
Affine3((0.99835,0.00640568,0.0570664)(-0.00771029,0.999713,0.0226705)(-0.0569048,-0.0230731,0.998113)(0.000284791,0.00326121,0.00889054))

Frame 31
Affine3((0.998552,0.00589326,0.0534791)(-0.00707766,0.999733,0.021985)(-0.0533353,-0.0223317,0.998327)(0.000289574,0.00306583,0.00826078))

Frame 32
Affine3((0.998763,0.00507769,0.0494591)(-0.00620139,0.999726,0.0225931)(-0.0493308,-0.0228719,0.998521)(0.000259578,0.00287963,0.00742596))

Frame 33
Affine3((0.998957,0.00428421,0.0454656)(-0.00532739,0.999725,0.0228474)(-0.0453552,-0.0230658,0.998705)(0.000243515,0.00267078,0.00663016))

Frame 34
Affine3((0.999133,0.0037773,0.041466)(-0.00473445,0.999724,0.0230096)(-0.0413676,-0.023186,0.998875)(0.000176877,0.00251776,0.005848))

Frame 35
Affine3((0.999281,0.00332129,0.037774)(-0.00414816,0.999753,0.0218328)(-0.0376922,-0.0219738,0.999048)(0.000173882,0.00230699,0.00524378))

Frame 36
Affine3((0.999422,0.00241893,0.0339074)(-0.0031673,0.999752,0.0220352)(-0.0338456,-0.0221299,0.999182)(0.000168577,0.00207273,0.00447315))

Frame 37
Affine3((0.999545,0.00180133,0.0301071)(-0.00246527,0.999754,0.0220314)(-0.03006,-0.0220955,0.999304)(0.000123799,0.00189174,0.00374163))

Frame 38
Affine3((0.999651,0.000965671,0.026383)(-0.00156233,0.999743,0.0226057)(-0.0263544,-0.022639,0.999396)(8.79019e-005,0.00169274,0.00296768))

Frame 39
Affine3((0.999739,0.0003707,0.0228369)(-0.000893432,0.999738,0.0228845)(-0.0228225,-0.0228989,0.999477)(3.04878e-005,0.00152406,0.00226045))

Frame 40
Affine3((0.999812,1.75698e-005,0.0193635)(-0.000464134,0.999734,0.0230606)(-0.0193579,-0.0230653,0.999547)(-6.26296e-005,0.00140324,0.00158722))

Frame 41
Affine3((0.999865,-0.000727793,0.0164141)(0.000367464,0.999759,0.0219469)(-0.0164261,-0.0219379,0.999624)(-1.90139e-005,0.00115433,0.00110389))

Frame 42
Affine3((0.99991,-0.00101017,0.013341)(0.00071521,0.999756,0.0220965)(-0.0133601,-0.0220849,0.999667)(-0.000111923,0.00104966,0.000509586))

Frame 43
Affine3((0.999943,-0.00166808,0.0105335)(0.00142862,0.999741,0.0227016)(-0.0105686,-0.0226852,0.999687)(-0.000153393,0.000894144,-8.7142e-005))

Frame 44
Affine3((0.999965,-0.00192302,0.00811964)(0.00174977,0.999772,0.0212928)(-0.0081587,-0.0212778,0.99974)(-0.000162825,0.000740051,-0.000426121))

Frame 45
Affine3((0.99998,-0.00256885,0.00578628)(0.00243839,0.999745,0.022439)(-0.00584247,-0.0224244,0.999731)(-0.000210121,0.000618316,-0.000979479))

Frame 46
Affine3((0.999987,-0.00338465,0.00389029)(0.00329466,0.999732,0.0229104)(-0.00396678,-0.0228973,0.99973)(-0.000183523,0.000440918,-0.00140181))

Frame 47
Affine3((0.999992,-0.00339246,0.00221449)(0.00334055,0.999729,0.0230444)(-0.0022921,-0.0230368,0.999732)(-0.000266805,0.00041306,-0.00172408))

Frame 48
Affine3((0.999993,-0.00367394,0.000984054)(0.00364995,0.99972,0.0233736)(-0.00106963,-0.0233698,0.999726)(-0.00029242,0.000354573,-0.00199215))

Frame 49
Affine3((0.999993,-0.00380947,0.000192005)(0.00380398,0.999722,0.0232569)(-0.000280583,-0.023256,0.99973)(-0.000303313,0.00030373,-0.00213316))

Frame 50
Affine3((0.999991,-0.00419029,-7.88621e-006)(0.00418934,0.999721,0.0232302)(-8.94688e-005,-0.0232301,0.99973)(-0.000249699,0.000224307,-0.00218325))

