Frame 1
Affine3((1,1.66253e-008,1.96237e-009)(9.8256e-009,1,-1.18208e-008)(-3.12829e-009,7.89663e-010,1)(0,0,0))

Frame 2
Affine3((0.99986,-0.0167583,4.40796e-005)(0.0167574,0.999828,0.00792682)(-0.000176923,-0.00792502,0.999969)(0.00229982,-0.00304849,-0.0019972))

Frame 3
Affine3((0.998418,-0.0562285,0.000592152)(0.0562276,0.998417,0.00153656)(-0.000677648,-0.0015009,0.999999)(0.00852698,-0.0116127,-0.0042937))

Frame 4
Affine3((0.993717,-0.111897,0.00221779)(0.111915,0.993645,-0.0120287)(-0.000857746,0.0122013,0.999925)(0.0169436,-0.0243954,-0.00686808))

Frame 5
Affine3((0.98403,-0.17792,0.00541995)(0.178002,0.983602,-0.0290237)(-0.000167174,0.029525,0.999564)(0.0261125,-0.0403559,-0.00942397))

Frame 6
Affine3((0.968481,-0.248869,0.0104601)(0.249083,0.967311,-0.0476109)(0.00173069,0.0487157,0.998811)(0.0349236,-0.0584542,-0.0116113))

Frame 7
Affine3((0.947329,-0.3198,0.0172062)(0.320229,0.945087,-0.0652981)(0.00462089,0.0673687,0.997717)(0.0425588,-0.0775316,-0.0132982))

Frame 8
Affine3((0.922205,-0.385881,0.0251621)(0.386609,0.918611,-0.0817785)(0.00844271,0.0851445,0.996333)(0.0485702,-0.0962909,-0.0143138))

Frame 9
Affine3((0.895971,-0.442854,0.0334066)(0.443948,0.891057,-0.0944878)(0.012077,0.0994891,0.994965)(0.0527992,-0.113227,-0.0148401))

Frame 10
Affine3((0.872855,-0.486286,0.0406289)(0.487754,0.866885,-0.102985)(0.0148595,0.109708,0.993853)(0.0553803,-0.126648,-0.0150136))

Frame 11
Affine3((0.854044,-0.518119,0.0464883)(0.519912,0.847184,-0.109407)(0.0173014,0.117608,0.992909)(0.0568995,-0.136841,-0.0149374))

Frame 12
Affine3((0.839534,-0.540909,0.0509832)(0.542992,0.832149,-0.112643)(0.018504,0.122251,0.992327)(0.0577628,-0.144268,-0.0148748))

Frame 13
Affine3((0.833546,-0.549917,0.0528379)(0.55213,0.825994,-0.113521)(0.0187832,0.123798,0.99213)(0.0580512,-0.147233,-0.0148503))

Frame 14
Affine3((0.841483,-0.537933,0.0503464)(0.540031,0.834574,-0.108872)(0.0165479,0.118802,0.99278)(0.0576169,-0.143146,-0.0151245))

Frame 15
Affine3((0.872313,-0.48725,0.0407099)(0.488814,0.867106,-0.0958517)(0.0114039,0.103512,0.994563)(0.0553157,-0.126633,-0.0155473))

Frame 16
Affine3((0.932298,-0.361028,0.021868)(0.361679,0.930087,-0.0642386)(0.00285279,0.0677988,0.997695)(0.0461924,-0.0886084,-0.014852))

Frame 17
Affine3((0.98335,-0.18164,0.00555074)(0.181712,0.983182,-0.0182883)(-0.0021355,0.0189923,0.999817)(0.0262437,-0.040748,-0.0104619))

Frame 18
Affine3((1,0.000925486,-0.000179875)(-0.000919524,0.999534,0.0304948)(0.000208008,-0.0304946,0.999535)(-0.00137289,0.00158028,-0.0025223))

Frame 19
Affine3((0.988839,0.148963,0.00276841)(-0.148766,0.986175,0.0729882)(0.0081424,-0.0725854,0.997329)(-0.0290086,0.0314589,0.00620608))

Frame 20
Affine3((0.969897,0.243376,0.0083005)(-0.242955,0.964783,0.100827)(0.0165308,-0.0998088,0.994869)(-0.0491468,0.0483255,0.0129061))

Frame 21
Affine3((0.957613,0.287809,0.0119338)(-0.287225,0.950889,0.11538)(0.0218596,-0.113917,0.99325)(-0.0594056,0.0556797,0.016286))

Frame 22
Affine3((0.950861,0.309303,0.0139393)(-0.308612,0.94319,0.123093)(0.0249255,-0.121346,0.992297)(-0.0645759,0.0591078,0.0179543))

Frame 23
Affine3((0.947581,0.319168,0.0149091)(-0.318417,0.939424,0.126858)(0.026483,-0.124955,0.991809)(-0.0669995,0.0606543,0.0187206))

Frame 24
Affine3((0.946703,0.321749,0.0151728)(-0.32097,0.938364,0.128258)(0.0270294,-0.126293,0.991625)(-0.0676594,0.0610723,0.0188965))

Frame 25
Affine3((0.947499,0.319409,0.0149361)(-0.318638,0.939246,0.127617)(0.0267335,-0.125677,0.991711)(-0.0670933,0.060718,0.0186945))

Frame 26
Affine3((0.949449,0.313592,0.0143652)(-0.31288,0.941588,0.124571)(0.0255384,-0.122769,0.992107)(-0.0656181,0.0597792,0.0183002))

Frame 27
Affine3((0.952305,0.30485,0.0134983)(-0.304173,0.944796,0.121816)(0.0243825,-0.120112,0.992461)(-0.0635135,0.0584209,0.0175794))

Frame 28
Affine3((0.955748,0.293922,0.0124897)(-0.293297,0.948698,0.118102)(0.0228637,-0.116539,0.992923)(-0.0608923,0.0566888,0.0167204))

Frame 29
Affine3((0.959553,0.281298,0.0113602)(-0.280726,0.953001,0.113942)(0.0212255,-0.112523,0.993423)(-0.0579087,0.0546585,0.0157297))

Frame 30
Affine3((0.963573,0.267253,0.0101534)(-0.266725,0.957495,0.109821)(0.0196281,-0.108529,0.9939)(-0.0546606,0.0523742,0.014607))

Frame 31
Affine3((0.967606,0.252305,0.00897531)(-0.251851,0.962167,0.103952)(0.0175918,-0.102845,0.994542)(-0.0511808,0.0498437,0.0135527))

Frame 32
Affine3((0.971642,0.236329,0.00778083)(-0.235922,0.966701,0.0991514)(0.0159107,-0.0981753,0.995042)(-0.0475942,0.0471455,0.012343))

Frame 33
Affine3((0.97554,0.219721,0.00665312)(-0.219366,0.971123,0.0938001)(0.0141488,-0.0929652,0.995569)(-0.0439083,0.0442646,0.0111457))

Frame 34
Affine3((0.979222,0.202713,0.00557168)(-0.202407,0.975319,0.0882335)(0.0124519,-0.087528,0.996084)(-0.0401977,0.0412557,0.00995104))

Frame 35
Affine3((0.982614,0.185603,0.00459)(-0.185357,0.979303,0.0812942)(0.0105934,-0.0807316,0.99668)(-0.0364689,0.0381167,0.00888406))

Frame 36
Affine3((0.985761,0.168112,0.00368179)(-0.167905,0.982888,0.0757535)(0.00911624,-0.075293,0.99712)(-0.032798,0.0349043,0.00770833))

Frame 37
Affine3((0.988581,0.150664,0.00287552)(-0.150493,0.986127,0.0700325)(0.0077157,-0.0696655,0.997541)(-0.0291954,0.0316375,0.00658447))

Frame 38
Affine3((0.991077,0.133276,0.00215652)(-0.133134,0.988964,0.0649995)(0.00653019,-0.0647066,0.997883)(-0.025703,0.0283464,0.00544098))

Frame 39
Affine3((0.993223,0.116216,0.00155295)(-0.116101,0.991436,0.0597861)(0.00540847,-0.0595612,0.99821)(-0.0223265,0.0250452,0.00437115))

Frame 40
Affine3((0.995026,0.0996102,0.0010525)(-0.0995188,0.993536,0.0546061)(0.00439362,-0.0544393,0.998507)(-0.0190956,0.0217768,0.00336756))

Frame 41
Affine3((0.996486,0.0837522,0.000663181)(-0.0836857,0.995311,0.048498)(0.00340171,-0.0483831,0.998823)(-0.0160171,0.0185646,0.00252974))

Frame 42
Affine3((0.997654,0.0684594,0.000355938)(-0.0684093,0.996696,0.0437881)(0.00264295,-0.0437098,0.999041)(-0.0131494,0.0154619,0.00165035))

Frame 43
Affine3((0.998541,0.054001,0.000118428)(-0.0539627,0.997745,0.0399015)(0.00203656,-0.0398497,0.999204)(-0.0105085,0.012512,0.000793323))

Frame 44
Affine3((0.999164,0.040882,-4.34433e-006)(-0.0408576,0.998573,0.0343835)(0.00141002,-0.0343546,0.999409)(-0.0080657,0.00972428,0.000202417))

Frame 45
Affine3((0.99959,0.0286521,-9.70879e-005)(-0.0286345,0.999084,0.0318059)(0.0010083,-0.0317901,0.999494)(-0.00592884,0.00719865,-0.000543267))

Frame 46
Affine3((0.999837,0.0180384,-0.000151437)(-0.0180264,0.999414,0.0291023)(0.000676318,-0.0290949,0.999576)(-0.00408116,0.00496691,-0.00114374))

Frame 47
Affine3((0.999958,0.00920625,-0.00015404)(-0.00919892,0.999607,0.026496)(0.000397873,-0.0264935,0.999649)(-0.00254588,0.00307589,-0.00160311))

Frame 48
Affine3((0.999997,0.00236434,-0.000137671)(-0.00236019,0.99969,0.0247813)(0.000196212,-0.0247809,0.999693)(-0.00137915,0.00162286,-0.00197369))

Frame 49
Affine3((0.999998,-0.00199534,-0.00012967)(0.00199783,0.999726,0.0233256)(8.3085e-005,-0.0233258,0.999728)(-0.000628486,0.000668213,-0.00218469))

Frame 50
Affine3((0.999994,-0.00357545,-0.000120815)(0.00357729,0.999732,0.0228849)(3.89405e-005,-0.0228853,0.999738)(-0.000359595,0.000329994,-0.00226469))

