Frame 1
Affine3((1,2.17219e-009,1.14759e-008)(-1.90868e-008,1,-4.34287e-009)(4.15013e-009,7.78278e-009,1)(0,0,0))

Frame 2
Affine3((0.996311,-0.0832515,-0.0208034)(0.083438,0.996479,0.00826286)(0.0200422,-0.00996817,0.999749)(-0.0158969,0.00507474,-0.00260508))

Frame 3
Affine3((0.952322,-0.293236,-0.0842345)(0.296496,0.954595,0.0289505)(0.0719205,-0.0525454,0.996025)(-0.0624001,0.0369635,-0.00715005))

Frame 4
Affine3((0.810357,-0.553649,-0.191816)(0.572062,0.818391,0.0546042)(0.126749,-0.15398,0.979911)(-0.118041,0.133255,-0.00306594))

Frame 5
Affine3((0.550125,-0.763506,-0.33826)(0.824391,0.561143,0.0741496)(0.133199,-0.31965,0.938127)(-0.127396,0.312445,0.0267508))

Frame 6
Affine3((0.220952,-0.833657,-0.506158)(0.974307,0.211912,0.0762854)(0.0436653,-0.510009,0.85906)(-0.0275353,0.538461,0.099406))

Frame 7
Affine3((-0.0811257,-0.738805,-0.669019)(0.985724,-0.15883,0.0558683)(-0.147536,-0.654936,0.741143)(0.201549,0.728642,0.221209))

Frame 8
Affine3((-0.274403,-0.53058,-0.80199)(0.877327,-0.479587,0.0171058)(-0.3937,-0.698914,0.597093)(0.513427,0.806424,0.380537))

Frame 9
Affine3((-0.338397,-0.298565,-0.892383)(0.703695,-0.709896,-0.0293353)(-0.62474,-0.637893,0.450325)(0.822462,0.753517,0.550318))

Frame 10
Affine3((-0.312049,-0.120651,-0.942374)(0.540599,-0.83822,-0.0716927)(-0.781267,-0.531818,0.32679)(1.04395,0.636105,0.697601))

Frame 11
Affine3((-0.257641,-0.0260438,-0.96589)(0.459701,-0.882558,-0.0988235)(-0.84988,-0.469481,0.239356)(1.14689,0.566977,0.804275))

Frame 12
Affine3((-0.214359,0.0222292,-0.976502)(0.413943,-0.903457,-0.111434)(-0.884704,-0.428103,0.184462)(1.20275,0.51901,0.872439))

Frame 13
Affine3((-0.19888,0.0319842,-0.979502)(0.403718,-0.908048,-0.111623)(-0.893005,-0.417642,0.16768)(1.21751,0.506409,0.893694))

Frame 14
Affine3((-0.226231,-0.00282779,-0.974069)(0.437854,-0.893568,-0.0990991)(-0.870117,-0.448919,0.203391)(1.18134,0.542833,0.84951))

Frame 15
Affine3((-0.312049,-0.120651,-0.942374)(0.540599,-0.83822,-0.0716927)(-0.781267,-0.531818,0.32679)(1.04395,0.636104,0.697602))

Frame 16
Affine3((-0.39725,-0.445436,-0.802358)(0.781034,-0.623157,-0.0407421)(-0.481848,-0.642854,0.59545)(0.616853,0.739887,0.376821))

Frame 17
Affine3((-0.109495,-0.918235,-0.380598)(0.991793,-0.075498,-0.103185)(0.0660134,-0.388773,0.918966)(-0.0940339,0.351868,0.0262781))

Frame 18
Affine3((0.666154,-0.736684,0.116339)(0.709977,0.578609,-0.401426)(0.22841,0.35001,0.908472)(-0.260251,-0.573838,0.0998257))

Frame 19
Affine3((0.98202,0.0226394,0.187412)(0.110653,0.735313,-0.668634)(-0.152944,0.67735,0.719587)(0.198408,-0.936063,0.331433))

Frame 20
Affine3((0.833638,0.541177,0.110339)(-0.270451,0.574167,-0.77278)(-0.481564,0.614378,0.625009)(0.564149,-0.852781,0.430027))

Frame 21
Affine3((0.737781,0.673807,0.0407889)(-0.369906,0.454092,-0.810537)(-0.564667,0.582911,0.584266)(0.648363,-0.813771,0.466648))

Frame 22
Affine3((0.671057,0.741024,-0.0238028)(-0.429619,0.362488,-0.827061)(-0.604243,0.565231,0.561608)(0.683263,-0.792908,0.482781))

Frame 23
Affine3((0.624037,0.777482,-0.0780964)(-0.473202,0.296482,-0.829565)(-0.621818,0.554635,0.552922)(0.693762,-0.780864,0.484019))

Frame 24
Affine3((0.592605,0.79642,-0.120563)(-0.508071,0.253434,-0.823186)(-0.625047,0.549078,0.554824)(0.688662,-0.774207,0.474518))

Frame 25
Affine3((0.573534,0.805039,-0.15156)(-0.537533,0.230235,-0.811203)(-0.618156,0.546721,0.564783)(0.67275,-0.770204,0.457174))

Frame 26
Affine3((0.564674,0.807252,-0.171717)(-0.562648,0.224318,-0.795681)(-0.603796,0.545917,0.580866)(0.649126,-0.766634,0.434187))

Frame 27
Affine3((0.564253,0.805201,-0.182401)(-0.58385,0.232964,-0.777719)(-0.583727,0.545325,0.601568)(0.619817,-0.761872,0.407147))

Frame 28
Affine3((0.571073,0.799827,-0.184807)(-0.601005,0.254017,-0.757805)(-0.559168,0.543831,0.625762)(0.586296,-0.754679,0.377258))

Frame 29
Affine3((0.584145,0.791391,-0.180209)(-0.613823,0.285477,-0.736019)(-0.531033,0.540558,0.652534)(0.549665,-0.744187,0.345476))

Frame 30
Affine3((0.602547,0.779778,-0.169952)(-0.621962,0.325365,-0.71225)(-0.5001,0.534868,0.68104)(0.510847,-0.729877,0.312653))

Frame 31
Affine3((0.625602,0.764571,-0.155093)(-0.624974,0.37218,-0.686213)(-0.466936,0.526226,0.710674)(0.470554,-0.711356,0.279429))

Frame 32
Affine3((0.652421,0.745386,-0.136917)(-0.622596,0.424148,-0.657626)(-0.432112,0.514294,0.740798)(0.429419,-0.688493,0.246414))

Frame 33
Affine3((0.682357,0.721702,-0.116344)(-0.614393,0.479943,-0.626239)(-0.396119,0.4988,0.770901)(0.388042,-0.66122,0.214145))

Frame 34
Affine3((0.714389,0.693317,-0.0946614)(-0.600381,0.537821,-0.591854)(-0.359431,0.479647,0.800467)(0.346867,-0.629666,0.183071))

Frame 35
Affine3((0.747801,0.659932,-0.0726805)(-0.580305,0.596508,-0.554459)(-0.322551,0.456802,0.829032)(0.30646,-0.594016,0.153655))

Frame 36
Affine3((0.78158,0.621677,-0.0514775)(-0.554433,0.654473,-0.514071)(-0.285895,0.430328,0.856202)(0.267168,-0.554527,0.12621))

Frame 37
Affine3((0.814849,0.578796,-0.0318794)(-0.523016,0.710379,-0.470974)(-0.249951,0.400446,0.881571)(0.229442,-0.51161,0.101084))

Frame 38
Affine3((0.846801,0.531711,-0.0145427)(-0.48644,0.763064,-0.42557)(-0.215183,0.367447,0.904809)(0.193702,-0.465726,0.0785509))

Frame 39
Affine3((0.876609,0.481203,-0.000113728)(-0.445461,0.811408,-0.378392)(-0.181991,0.331752,0.925645)(0.160246,-0.417431,0.058792))

Frame 40
Affine3((0.903648,0.428132,0.0110608)(-0.400844,0.854582,-0.330173)(-0.15081,0.293927,0.943855)(0.12944,-0.367422,0.0419637))

Frame 41
Affine3((0.927433,0.373517,0.0188026)(-0.35353,0.891988,-0.281733)(-0.122004,0.254641,0.959308)(0.101566,-0.316484,0.0281198))

Frame 42
Affine3((0.94763,0.318532,0.023143)(-0.30463,0.923274,-0.234019)(-0.0959098,0.214713,0.971956)(0.0768743,-0.26554,0.0172342))

Frame 43
Affine3((0.964124,0.264337,0.0243252)(-0.255286,0.948413,-0.187995)(-0.0727642,0.17504,0.981869)(0.0555227,-0.215587,0.00916588))

Frame 44
Affine3((0.976989,0.21207,0.0227965)(-0.206668,0.967655,-0.14468)(-0.0527415,0.13664,0.989216)(0.0376148,-0.16776,0.00367117))

Frame 45
Affine3((0.986451,0.162928,0.0191909)(-0.160063,0.981491,-0.105148)(-0.0359672,0.100652,0.994271)(0.0231941,-0.123312,0.00040102))

Frame 46
Affine3((0.992919,0.117936,0.0142674)(-0.116658,0.990673,-0.0704067)(-0.0224379,0.0682438,0.997416)(0.0121853,-0.0835462,-0.00110149))

Frame 47
Affine3((0.996903,0.0781344,0.00891014)(-0.0777015,0.996112,-0.0415092)(-0.0121188,0.0406883,0.999098)(0.0044736,-0.049885,-0.00136817))

Frame 48
Affine3((0.999003,0.0444645,0.00403152)(-0.044378,0.998825,-0.0194837)(-0.00489314,0.0192854,0.999802)(-0.000141293,-0.0238013,-0.000961781))

Frame 49
Affine3((0.999838,0.0179673,0.000536909)(-0.0179642,0.999824,-0.00541596)(-0.000634153,0.00540545,0.999985)(-0.00188473,-0.00684513,-0.000423431))

Frame 50
Affine3((1,-0.000266982,-0.000772629)(0.000266669,1,-0.000451309)(0.000772734,0.000451113,1)(-0.000974745,-0.000618912,-0.000185132))

