Frame 1
Affine3((1,1.11454e-008,-1.65074e-009)(-9.38665e-009,1,5.3901e-009)(3.00047e-008,4.80722e-009,1)(0,0,0))

Frame 2
Affine3((0.999306,-0.0372519,4.61563e-007)(0.0372518,0.999306,-1.73406e-006)(-3.55412e-007,1.74033e-006,1)(0.00607619,0.000703722,2.38419e-007))

Frame 3
Affine3((0.991279,-0.131781,4.92788e-006)(0.131781,0.991279,-7.43984e-007)(-4.80434e-006,1.39116e-006,1)(0.0216447,0.00148773,4.76837e-007))

Frame 4
Affine3((0.964597,-0.263729,1.02366e-005)(0.263729,0.964597,-4.07433e-006)(-8.79217e-006,6.65712e-006,1)(0.043723,8.46684e-005,-1.19209e-007))

Frame 5
Affine3((0.909322,-0.416093,2.05465e-005)(0.416093,0.909322,3.54782e-006)(-2.01928e-005,5.37537e-006,1)(0.0697761,-0.00546286,8.34465e-007))

Frame 6
Affine3((0.82003,-0.57232,2.84847e-005)(0.57232,0.82003,4.41414e-006)(-2.59298e-005,1.26877e-005,1)(0.0972249,-0.0164082,1.19209e-006))

Frame 7
Affine3((0.697388,-0.716693,4.01243e-005)(0.716694,0.697388,9.97407e-006)(-3.51074e-005,2.18099e-005,1)(0.123517,-0.0329791,1.07288e-006))

Frame 8
Affine3((0.548919,-0.835876,5.13365e-005)(0.835876,0.548919,1.58007e-005)(-4.13984e-005,3.41941e-005,1)(0.146316,-0.0542567,1.54972e-006))

Frame 9
Affine3((0.390055,-0.920792,5.32253e-005)(0.920792,0.390055,1.59423e-005)(-3.54559e-005,4.28292e-005,1)(0.16379,-0.0779471,2.98023e-006))

Frame 10
Affine3((0.258757,-0.965942,6.29431e-005)(0.965942,0.258757,2.39431e-005)(-3.94133e-005,5.46867e-005,1)(0.17422,-0.0980914,3.09944e-006))

Frame 11
Affine3((0.204387,-0.97889,6.42055e-005)(0.97889,0.204387,2.67626e-005)(-3.93327e-005,5.73762e-005,1)(0.177731,-0.106632,3.93391e-006))

Frame 12
Affine3((0.170823,-0.985302,6.34234e-005)(0.985302,0.170823,2.90124e-005)(-3.94211e-005,5.75005e-005,1)(0.179669,-0.111959,4.52995e-006))

Frame 13
Affine3((0.160825,-0.986983,6.33815e-005)(0.986983,0.160825,2.84999e-005)(-3.83218e-005,5.79468e-005,1)(0.180226,-0.113564,4.29153e-006))

Frame 14
Affine3((0.183325,-0.983052,6.09276e-005)(0.983052,0.183325,2.46201e-005)(-3.53778e-005,5.53714e-005,1)(0.179005,-0.109995,3.8147e-006))

Frame 15
Affine3((0.258757,-0.965943,6.29346e-005)(0.965943,0.258757,2.37219e-005)(-3.9198e-005,5.46149e-005,1)(0.17422,-0.0980914,3.09944e-006))

Frame 16
Affine3((0.460921,-0.887441,5.53358e-005)(0.887441,0.460921,1.70785e-005)(-4.0669e-005,4.12844e-005,1)(0.156256,-0.0670752,2.98023e-006))

Frame 17
Affine3((0.744302,-0.667843,4.38371e-005)(0.667843,0.744302,1.04837e-005)(-3.96155e-005,2.14268e-005,1)(0.113575,-0.0262699,9.53674e-007))

Frame 18
Affine3((0.957029,-0.289991,2.56023e-005)(0.289992,0.957029,4.27753e-006)(-2.57548e-005,3.35591e-006,1)(0.0471637,-0.000491083,1.3113e-006))

Frame 19
Affine3((0.987017,0.160616,-1.0601e-006)(-0.160616,0.987017,-1.73502e-006)(7.529e-007,1.8996e-006,1)(-0.0265744,-0.00569792,-1.19209e-007))

Frame 20
Affine3((0.866059,0.499941,-2.36403e-005)(-0.499941,0.866059,2.80313e-006)(2.18461e-005,9.3877e-006,1)(-0.0788138,-0.0326038,1.54972e-006))

Frame 21
Affine3((0.830366,0.557218,-2.35781e-005)(-0.557218,0.830367,4.99288e-006)(2.23558e-005,9.00544e-006,1)(-0.0875258,-0.0396578,1.90735e-006))

Frame 22
Affine3((0.816108,0.5779,-2.56175e-005)(-0.5779,0.816107,1.43794e-006)(2.17594e-005,1.36265e-005,1)(-0.0906855,-0.042449,1.43051e-006))

Frame 23
Affine3((0.811202,0.584766,-2.70884e-005)(-0.584766,0.811202,-5.44737e-007)(2.16958e-005,1.62722e-005,1)(-0.0917532,-0.0434133,1.43051e-006))

Frame 24
Affine3((0.81216,0.583435,-2.75258e-005)(-0.583435,0.81216,-2.22569e-007)(2.21537e-005,1.62429e-005,1)(-0.0915843,-0.0432389,1.3113e-006))

Frame 25
Affine3((0.817092,0.576508,-2.44609e-005)(-0.576508,0.817092,8.20567e-007)(2.05086e-005,1.34274e-005,1)(-0.0905672,-0.0422908,1.43051e-006))

Frame 26
Affine3((0.824794,0.565433,-2.46484e-005)(-0.565433,0.824794,9.27667e-007)(2.08339e-005,1.31666e-005,1)(-0.0889224,-0.0408021,1.3113e-006))

Frame 27
Affine3((0.834435,0.551107,-2.49791e-005)(-0.551107,0.834435,1.86203e-006)(2.19295e-005,1.22288e-005,1)(-0.0867799,-0.0389248,1.54972e-006))

Frame 28
Affine3((0.845398,0.534137,-2.26864e-005)(-0.534137,0.845398,2.58497e-006)(2.05614e-005,9.93321e-006,1)(-0.0842244,-0.0367722,1.43051e-006))

Frame 29
Affine3((0.857207,0.514972,-2.26173e-005)(-0.514972,0.857207,8.36584e-008)(1.94884e-005,1.15728e-005,1)(-0.0813237,-0.0344375,1.19209e-006))

Frame 30
Affine3((0.869496,0.49394,-2.08484e-005)(-0.49394,0.869496,1.9596e-006)(1.90505e-005,8.58105e-006,1)(-0.0781256,-0.0319785,1.19209e-006))

Frame 31
Affine3((0.881956,0.471331,-2.02753e-005)(-0.471331,0.881956,-5.8986e-007)(1.75725e-005,1.00678e-005,1)(-0.0746695,-0.0294619,2.38419e-007))

Frame 32
Affine3((0.894348,0.447373,-2.20803e-005)(-0.447373,0.894348,-3.65004e-006)(1.81919e-005,1.31522e-005,1)(-0.0709922,-0.026929,1.19209e-007))

Frame 33
Affine3((0.90647,0.422271,-1.94473e-005)(-0.422271,0.90647,-2.39627e-006)(1.66138e-005,1.03814e-005,1)(-0.0671189,-0.0244083,2.38419e-007))

Frame 34
Affine3((0.918156,0.39622,-1.76849e-005)(-0.39622,0.918156,-3.32972e-007)(1.60697e-005,7.30276e-006,1)(-0.0630821,-0.0219379,3.57628e-007))

Frame 35
Affine3((0.929267,0.369409,-1.87136e-005)(-0.369409,0.929267,-5.43974e-006)(1.534e-005,1.19709e-005,1)(-0.0589089,-0.019553,-2.38419e-007))

Frame 36
Affine3((0.9397,0.342001,-1.58812e-005)(-0.342001,0.9397,-2.83701e-006)(1.39148e-005,8.09817e-006,1)(-0.0546237,-0.0172564,-1.19209e-007))

Frame 37
Affine3((0.949367,0.314169,-1.35882e-005)(-0.314169,0.949367,2.18874e-006)(1.3592e-005,2.1884e-006,1)(-0.0502551,-0.0150728,5.96046e-007))

Frame 38
Affine3((0.958199,0.286101,-1.43499e-005)(-0.286101,0.958199,-2.14789e-006)(1.31076e-005,6.16582e-006,1)(-0.0458315,-0.0130311,2.38419e-007))

Frame 39
Affine3((0.966159,0.257947,-1.22831e-005)(-0.257947,0.966159,-5.27186e-008)(1.19307e-005,3.21283e-006,1)(-0.0413768,-0.0111219,3.57628e-007))

Frame 40
Affine3((0.973217,0.229888,-1.19614e-005)(-0.229888,0.973217,-1.38639e-007)(1.16678e-005,2.8711e-006,1)(-0.0369222,-0.0093646,1.19209e-007))

Frame 41
Affine3((0.979362,0.202116,-9.2757e-006)(-0.202116,0.979362,-6.92265e-007)(8.934e-006,2.55665e-006,1)(-0.0324949,-0.007762,2.38419e-007))

Frame 42
Affine3((0.984602,0.174809,-9.67847e-006)(-0.174809,0.984602,-2.21812e-006)(9.2161e-006,3.86753e-006,1)(-0.0281314,-0.00631791,0))

Frame 43
Affine3((0.988964,0.148159,-1.02492e-005)(-0.148159,0.988964,-4.41575e-006)(9.4432e-006,5.86935e-006,1)(-0.0238606,-0.00503208,-3.57628e-007))

Frame 44
Affine3((0.992484,0.122375,-6.28728e-006)(-0.122375,0.992484,-1.62258e-006)(6.02104e-006,2.38321e-006,1)(-0.0197142,-0.00389531,-1.19209e-007))

Frame 45
Affine3((0.995217,0.0976919,-8.47389e-006)(-0.097692,0.995217,-5.3842e-006)(7.8994e-006,6.17421e-006,1)(-0.0157422,-0.00291811,-4.76837e-007))

Frame 46
Affine3((0.997234,0.074323,-6.88097e-006)(-0.074323,0.997234,-3.17318e-006)(6.62809e-006,3.67205e-006,1)(-0.0119729,-0.00207837,-3.57628e-007))

Frame 47
Affine3((0.998618,0.0525492,-2.04634e-006)(-0.0525492,0.998618,-3.95472e-009)(2.05818e-006,1.11593e-007,1)(-0.00845473,-0.00137451,1.19209e-007))

Frame 48
Affine3((0.999466,0.0326766,-2.0756e-006)(-0.0326767,0.999466,1.78489e-007)(2.04292e-006,-1.05087e-007,1)(-0.00524945,-0.000802428,1.19209e-007))

Frame 49
Affine3((0.999887,0.0150121,-1.01353e-006)(-0.0150121,0.999887,6.21777e-007)(1.07232e-006,-5.8727e-007,1)(-0.00240549,-0.000346914,1.19209e-007))

Frame 50
Affine3((1,-6.6507e-005,-1.23723e-006)(6.64551e-005,1,-3.20413e-006)(1.24798e-006,3.18352e-006,1)(9.16049e-006,-2.14577e-006,-4.76837e-007))

