Frame 1
Affine3((1,4.54931e-009,-1.16147e-009)(-1.57816e-009,1,1.31175e-011)(-1.06883e-009,1.60401e-009,1)(0,0,0))

Frame 2
Affine3((0.996272,-0.0860691,0.00590318)(0.0860232,0.996264,0.00763144)(-0.00653793,-0.00709517,0.999953)(0.0201087,0.0205701,-0.000503182))

Frame 3
Affine3((0.951814,-0.306022,0.020018)(0.305402,0.951782,0.0289962)(-0.0279263,-0.0214855,0.999379)(0.0840666,0.0645523,-0.000794172))

Frame 4
Affine3((0.805933,-0.590919,0.0358787)(0.588383,0.806222,0.0617376)(-0.0654082,-0.0286459,0.997447)(0.196617,0.0949234,0.00142169))

Frame 5
Affine3((0.526107,-0.849092,0.0474714)(0.843028,0.528065,0.102229)(-0.11187,-0.0137639,0.993627)(0.343577,0.0715737,0.00781906))

Frame 6
Affine3((0.139131,-0.988959,0.051006)(0.978655,0.145183,0.14545)(-0.151249,0.0296806,0.98805)(0.4869,-0.0287204,0.0185794))

Frame 7
Affine3((-0.276007,-0.96007,0.0456716)(0.946606,-0.263286,0.186056)(-0.166603,0.0945859,0.981477)(0.58116,-0.196941,0.0323632))

Frame 8
Affine3((-0.62876,-0.776888,0.033265)(0.762904,-0.608035,0.219706)(-0.150461,0.16352,0.974999)(0.598631,-0.395136,0.0469171))

Frame 9
Affine3((-0.861048,-0.508242,0.0169081)(0.496518,-0.833073,0.243842)(-0.109845,0.218355,0.969668)(0.544815,-0.575953,0.0599176))

Frame 10
Affine3((-0.966079,-0.258247,-0.000289442)(0.249461,-0.9335,0.257578)(-0.0667889,0.248768,0.966258)(0.464303,-0.698719,0.0695761))

Frame 11
Affine3((-0.993152,-0.114468,-0.0233937)(0.104661,-0.960646,0.257304)(-0.0519262,0.253094,0.966047)(0.426672,-0.745312,0.0750027))

Frame 12
Affine3((-0.998535,-0.0231392,-0.0489137)(0.0103388,-0.968888,0.247284)(-0.0531138,0.246416,0.967708)(0.413807,-0.761358,0.0775709))

Frame 13
Affine3((-0.997843,0.00616327,-0.0653539)(-0.0215504,-0.97116,0.237451)(-0.0620056,0.238347,0.969198)(0.420181,-0.758655,0.0783409))

Frame 14
Affine3((-0.996925,-0.0515016,-0.0590669)(0.0360947,-0.97078,0.237241)(-0.0695592,0.234379,0.969654)(0.43975,-0.738322,0.076318))

Frame 15
Affine3((-0.966056,-0.258332,-0.000460297)(0.249505,-0.933506,0.257515)(-0.0669542,0.248659,0.966274)(0.464517,-0.69856,0.0695846))

Frame 16
Affine3((-0.530324,-0.833087,0.157234)(0.831696,-0.475258,0.287073)(-0.16443,0.283013,0.944916)(0.58663,-0.540223,0.0649234))

Frame 17
Affine3((0.516221,-0.735645,0.438569)(0.709732,0.654057,0.261704)(-0.479371,0.17617,0.859749)(0.791839,-0.248976,0.10999))

Frame 18
Affine3((0.55758,0.247904,0.792243)(-0.534944,0.837085,0.114557)(-0.634776,-0.48768,0.599356)(0.879543,0.500747,0.354435))

Frame 19
Affine3((-0.125317,0.184921,0.974731)(-0.965822,-0.247434,-0.0772299)(0.2269,-0.951094,0.209609)(-0.152181,1.10201,0.800938))

Frame 20
Affine3((-0.0855044,-0.124592,0.988517)(-0.395053,-0.906587,-0.148437)(0.914671,-0.403208,0.0282966)(-1.04368,0.454998,1.02639))

Frame 21
Affine3((-0.025242,-0.151917,0.988071)(-0.27826,-0.948257,-0.152905)(0.960174,-0.2788,-0.0183366)(-1.11572,0.304631,1.08664))

Frame 22
Affine3((0.0141666,-0.163609,0.986423)(-0.230626,-0.960458,-0.15599)(0.972939,-0.225285,-0.0513389)(-1.1407,0.239759,1.1296))

Frame 23
Affine3((0.039445,-0.169892,0.984673)(-0.208362,-0.965176,-0.158182)(0.977256,-0.198929,-0.0734704)(-1.15124,0.207521,1.15854))

Frame 24
Affine3((0.053202,-0.17317,0.983454)(-0.202088,-0.966338,-0.159223)(0.977921,-0.190273,-0.0864066)(-1.15432,0.196668,1.17552))

Frame 25
Affine3((0.0563775,-0.174681,0.98301)(-0.20772,-0.965083,-0.159582)(0.976562,-0.195194,-0.0906937)(-1.1524,0.202426,1.18115))

Frame 26
Affine3((0.0493257,-0.174565,0.983409)(-0.223365,-0.961598,-0.15949)(0.973486,-0.211793,-0.0864232)(-1.1461,0.222564,1.17553))

Frame 27
Affine3((0.0323495,-0.171495,0.984654)(-0.248489,-0.955616,-0.158274)(0.968094,-0.239556,-0.0735284)(-1.13491,0.256247,1.1586))

Frame 28
Affine3((0.00459694,-0.16454,0.98636)(-0.283713,-0.946053,-0.156494)(0.958898,-0.279124,-0.0510309)(-1.11692,0.30432,1.12916))

Frame 29
Affine3((-0.034802,-0.150598,0.987982)(-0.331769,-0.930778,-0.153565)(0.942719,-0.333126,-0.0175708)(-1.0882,0.369761,1.08561))

Frame 30
Affine3((-0.0873348,-0.124067,0.988423)(-0.401389,-0.903723,-0.148902)(0.911734,-0.409747,0.0291271)(-1.03923,0.462595,1.02528))

Frame 31
Affine3((-0.159383,-0.0803837,0.983939)(-0.502266,-0.851441,-0.150919)(0.849897,-0.518253,0.0953315)(-0.948751,0.595228,0.940045))

Frame 32
Affine3((-0.239611,-0.0125282,0.970788)(-0.616698,-0.770318,-0.162155)(0.749847,-0.637537,0.176851)(-0.808048,0.739045,0.835936))

Frame 33
Affine3((-0.307961,0.0854568,0.947553)(-0.729076,-0.66106,-0.177336)(0.611235,-0.745451,0.265885)(-0.619672,0.863881,0.723929))

Frame 34
Affine3((-0.347409,0.21067,0.913743)(-0.827615,-0.527014,-0.193156)(0.440863,-0.823331,0.357443)(-0.395169,0.945815,0.610935))

Frame 35
Affine3((-0.346426,0.352653,0.869267)(-0.903639,-0.374227,-0.208304)(0.251844,-0.857666,0.448313)(-0.153301,0.969083,0.501311))

Frame 36
Affine3((-0.297641,0.496756,0.815256)(-0.952711,-0.209342,-0.220267)(0.0612483,-0.842264,0.535574)(0.082461,0.928274,0.39882))

Frame 37
Affine3((-0.202289,0.626324,0.75286)(-0.972777,-0.0397565,-0.228306)(-0.113062,-0.778549,0.617316)(0.289388,0.828272,0.305784))

Frame 38
Affine3((-0.0672754,0.72642,0.68395)(-0.964406,0.128352,-0.231184)(-0.255723,-0.675159,0.691929)(0.448963,0.683066,0.223985))

Frame 39
Affine3((0.0950155,0.786235,0.610579)(-0.929471,0.289691,-0.228391)(-0.356449,-0.545815,0.758308)(0.550382,0.512417,0.154446))

Frame 40
Affine3((0.26928,0.800977,0.534718)(-0.870846,0.439602,-0.219947)(-0.411236,-0.40643,0.815904)(0.59159,0.337652,0.0974475))

Frame 41
Affine3((0.440674,0.771679,0.458604)(-0.791986,0.574721,-0.206044)(-0.422569,-0.27241,0.864424)(0.578768,0.178262,0.0528425))

Frame 42
Affine3((0.596432,0.704761,0.384163)(-0.697082,0.692073,-0.187379)(-0.397926,-0.156034,0.904051)(0.524084,0.0485057,0.0198933))

Frame 43
Affine3((0.727893,0.609927,0.313306)(-0.590815,0.78978,-0.164879)(-0.348007,-0.0650914,0.935229)(0.442903,-0.0438123,-0.00249684))

Frame 44
Affine3((0.830716,0.498568,0.247671)(-0.478572,0.866847,-0.139803)(-0.284394,-0.00239176,0.958704)(0.35071,-0.0976521,-0.0157918))

Frame 45
Affine3((0.904734,0.38191,0.188682)(-0.366177,0.923586,-0.113597)(-0.217648,0.0336845,0.975446)(0.260687,-0.117556,-0.0217106))

Frame 46
Affine3((0.95303,0.269818,0.137595)(-0.259586,0.961712,-0.0878938)(-0.156042,0.0480476,0.986581)(0.182299,-0.111894,-0.0221664))

Frame 47
Affine3((0.980745,0.170339,0.0955235)(-0.164665,0.984239,-0.06449)(-0.105003,0.0475188,0.993336)(0.120858,-0.0909759,-0.0191811))

Frame 48
Affine3((0.993944,0.0896372,0.0635738)(-0.0868554,0.995193,-0.0452534)(-0.0673246,0.0394576,0.996951)(0.0780946,-0.0652828,-0.0147978))

Frame 49
Affine3((0.998543,0.032543,0.0430437)(-0.0311698,0.998995,-0.0321973)(-0.0440482,0.0308087,0.998554)(0.0535344,-0.0444066,-0.0109789))

Frame 50
Affine3((0.999358,0.00342433,0.0356709)(-0.00244807,0.999622,-0.0273759)(-0.0357512,0.027271,0.998989)(0.0463673,-0.0362628,-0.00940871))

