Frame 1
Affine3((1,-1.42824e-008,3.84078e-009)(-8.73131e-009,1,9.57571e-009)(9.27569e-009,-9.23319e-011,1)(0,0,0))

Frame 2
Affine3((0.999879,-0.0155257,2.83154e-006)(0.0155257,0.99988,5.13216e-006)(-2.9347e-006,-5.1196e-006,1)(0.00260158,0.000324711,8.34465e-007))

Frame 3
Affine3((0.998431,-0.0559955,5.40602e-007)(0.0559955,0.998431,3.50034e-006)(-7.19807e-007,-3.45615e-006,1)(0.00939978,0.000969231,5.36442e-007))

Frame 4
Affine3((0.99351,-0.113748,-1.01958e-007)(0.113748,0.99351,2.9326e-006)(-2.22153e-007,-2.9315e-006,1)(0.0191657,0.00141321,4.17233e-007))

Frame 5
Affine3((0.983239,-0.182324,2.50562e-006)(0.182324,0.983239,2.99594e-006)(-3.04402e-006,-2.46896e-006,1)(0.0308619,0.00120017,4.17233e-007))

Frame 6
Affine3((0.966699,-0.255915,2.124e-006)(0.255915,0.966699,2.16339e-006)(-2.6267e-006,-1.55859e-006,1)(0.0435319,4.85182e-005,2.98023e-007))

Frame 7
Affine3((0.944252,-0.329222,1.37566e-006)(0.329222,0.944253,2.13802e-006)(-2.04469e-006,-1.54368e-006,1)(0.0562836,-0.00209671,3.57628e-007))

Frame 8
Affine3((0.917673,-0.397336,5.29948e-007)(0.397336,0.917673,1.76383e-006)(-1.16006e-006,-1.41237e-006,1)(0.0682572,-0.00504693,2.38419e-007))

Frame 9
Affine3((0.890118,-0.45573,2.69182e-006)(0.45573,0.890118,5.91896e-006)(-5.041e-006,-4.04206e-006,1)(0.0786308,-0.00837171,9.53674e-007))

Frame 10
Affine3((0.866024,-0.500003,1.78851e-006)(0.500003,0.866024,4.63069e-006)(-3.80157e-006,-3.10743e-006,1)(0.0865627,-0.0114301,7.7486e-007))

Frame 11
Affine3((0.846458,-0.532455,2.56919e-006)(0.532455,0.846458,4.63568e-006)(-4.71107e-006,-2.56792e-006,1)(0.09242,-0.0139906,7.15256e-007))

Frame 12
Affine3((0.831519,-0.555497,1.35032e-006)(0.555497,0.831519,5.05911e-007)(-1.42614e-006,3.65607e-007,1)(0.0965987,-0.0159857,5.96046e-008))

Frame 13
Affine3((0.825401,-0.564546,8.87948e-007)(0.564546,0.825401,1.7867e-006)(-1.73762e-006,-9.86847e-007,1)(0.0982465,-0.016809,2.38419e-007))

Frame 14
Affine3((0.833815,-0.552043,3.03811e-008)(0.552043,0.833815,6.58843e-007)(-4.35416e-007,-5.38137e-007,1)(0.0959699,-0.0156765,5.96046e-008))

Frame 15
Affine3((0.866024,-0.500003,1.78851e-006)(0.500003,0.866024,4.63069e-006)(-3.80157e-006,-3.10743e-006,1)(0.0865627,-0.0114301,7.7486e-007))

Frame 16
Affine3((0.928998,-0.370085,1.37274e-006)(0.370085,0.928998,2.29843e-006)(-2.09315e-006,-1.65674e-006,1)(0.0634522,-0.00375114,3.57628e-007))

Frame 17
Affine3((0.982856,-0.184374,1.69105e-006)(0.184374,0.982856,3.58421e-006)(-2.32609e-006,-3.21842e-006,1)(0.0312126,0.00118186,5.36442e-007))

Frame 18
Affine3((0.999984,0.00571101,-2.13101e-007)(-0.00571099,0.999984,-3.11711e-006)(1.89907e-007,3.09818e-006,1)(-0.00095471,-0.000130549,-5.36442e-007))

Frame 19
Affine3((0.987066,0.160313,-5.70998e-008)(-0.160313,0.987066,-4.23236e-006)(-6.72061e-007,4.17953e-006,1)(-0.0265258,-0.00568435,-7.15256e-007))

Frame 20
Affine3((0.965927,0.258816,1.1795e-006)(-0.258816,0.965927,6.79078e-007)(-9.40902e-007,-9.44115e-007,1)(-0.0425349,-0.0113774,5.96046e-008))

Frame 21
Affine3((0.952258,0.305293,1.9165e-006)(-0.305293,0.952258,4.13671e-006)(-5.32603e-007,-4.54358e-006,1)(-0.0500083,-0.0146804,6.55651e-007))

Frame 22
Affine3((0.944728,0.327855,4.71279e-007)(-0.327855,0.944728,2.87908e-006)(4.22061e-007,-2.86855e-006,1)(-0.0536168,-0.0164364,5.36442e-007))

Frame 23
Affine3((0.941067,0.33822,7.68846e-007)(-0.33822,0.941067,2.84594e-006)(2.76586e-007,-2.95818e-006,1)(-0.0552698,-0.0172759,4.76837e-007))

Frame 24
Affine3((0.940059,0.341011,1.17095e-006)(-0.341011,0.940059,2.90445e-006)(-1.06254e-007,-3.15443e-006,1)(-0.0557142,-0.0175055,4.76837e-007))

Frame 25
Affine3((0.940936,0.338584,1.55858e-006)(-0.338584,0.940936,4.81149e-006)(2.09041e-007,-5.08543e-006,1)(-0.0553277,-0.0173042,7.15256e-007))

Frame 26
Affine3((0.943157,0.332347,2.06979e-006)(-0.332347,0.943157,4.926e-006)(-2.82016e-007,-5.35945e-006,1)(-0.054333,-0.0167955,7.7486e-007))

Frame 27
Affine3((0.946327,0.323211,-8.53642e-007)(-0.323211,0.946327,-4.2063e-007)(6.83994e-007,6.44634e-007,1)(-0.0528754,-0.0160696,0))

Frame 28
Affine3((0.950145,0.31181,1.07062e-006)(-0.31181,0.950145,2.3672e-006)(-1.73509e-007,-2.60569e-006,1)(-0.0510519,-0.0151784,3.57628e-007))

Frame 29
Affine3((0.954376,0.298607,6.6872e-007)(-0.298607,0.954376,4.05283e-006)(6.32829e-007,-4.08622e-006,1)(-0.0489375,-0.0141799,6.55651e-007))

Frame 30
Affine3((0.958832,0.283975,2.75025e-008)(-0.283975,0.958832,1.16808e-006)(3.69686e-007,-1.17502e-006,1)(-0.046588,-0.0131159,1.78814e-007))

Frame 31
Affine3((0.963365,0.268193,1.39069e-006)(-0.268193,0.963365,4.82424e-006)(-3.1424e-008,-5.03145e-006,1)(-0.0440478,-0.0120084,7.7486e-007))

Frame 32
Affine3((0.967849,0.251532,2.14178e-006)(-0.251532,0.967849,3.29389e-006)(-1.29025e-006,-3.74683e-006,1)(-0.0413589,-0.010894,5.36442e-007))

Frame 33
Affine3((0.972193,0.234182,2.47341e-006)(-0.234182,0.972193,4.06281e-006)(-1.49849e-006,-4.53604e-006,1)(-0.0385525,-0.00978604,6.55651e-007))

Frame 34
Affine3((0.976318,0.216342,1.25179e-006)(-0.216342,0.976318,1.48876e-006)(-8.78081e-007,-1.74342e-006,1)(-0.0356598,-0.00870697,1.78814e-007))

Frame 35
Affine3((0.980163,0.198192,7.90405e-007)(-0.198192,0.980163,4.25672e-008)(-7.60126e-007,-2.27999e-007,1)(-0.0327091,-0.00766674,-5.96046e-008))

Frame 36
Affine3((0.983689,0.17988,2.14453e-006)(-0.17988,0.983689,1.73817e-006)(-1.86522e-006,-2.11489e-006,1)(-0.0297229,-0.00667377,2.98023e-007))

Frame 37
Affine3((0.986863,0.161562,7.20222e-007)(-0.161562,0.986863,3.19477e-006)(-2.00123e-007,-3.29163e-006,1)(-0.0267305,-0.00574006,4.76837e-007))

Frame 38
Affine3((0.989665,0.143399,2.20234e-006)(-0.143399,0.989665,4.39638e-006)(-1.44201e-006,-4.68581e-006,1)(-0.0237534,-0.00487153,6.55651e-007))

Frame 39
Affine3((0.992088,0.125546,-1.02718e-007)(-0.125546,0.992088,-3.34629e-006)(-3.48971e-007,3.27382e-006,1)(-0.0208219,-0.00408106,-5.96046e-007))

Frame 40
Affine3((0.994137,0.10813,1.65583e-006)(-0.10813,0.994137,4.11383e-006)(-1.20644e-006,-4.27046e-006,1)(-0.0179535,-0.00335012,6.55651e-007))

Frame 41
Affine3((0.99582,0.0913346,-3.21989e-007)(-0.0913346,0.99582,-1.42899e-006)(8.49854e-008,1.43231e-006,1)(-0.0151828,-0.00270469,-2.38419e-007))

Frame 42
Affine3((0.99716,0.0753045,-3.743e-008)(-0.0753045,0.99716,-8.8412e-007)(9.08739e-008,8.41562e-007,1)(-0.0125313,-0.00212808,-1.19209e-007))

Frame 43
Affine3((0.998185,0.0602146,-3.90261e-008)(-0.0602146,0.998185,-6.60073e-007)(5.92693e-009,6.25462e-007,1)(-0.0100302,-0.00162539,-1.78814e-007))

Frame 44
Affine3((0.998929,0.046263,-4.90096e-007)(-0.046263,0.998929,-3.16037e-006)(3.66245e-007,3.15179e-006,1)(-0.00771346,-0.00119664,-4.76837e-007))

Frame 45
Affine3((0.999434,0.0336352,2.82347e-007)(-0.0336352,0.999434,-8.68871e-007)(-2.74277e-007,8.56198e-007,1)(-0.00561231,-0.000833377,-1.19209e-007))

Frame 46
Affine3((0.999745,0.0225735,-1.7473e-009)(-0.0225734,0.999745,2.42336e-006)(3.21679e-008,-2.45344e-006,1)(-0.00376961,-0.000535876,4.17233e-007))

Frame 47
Affine3((0.999911,0.0133418,1.83533e-006)(-0.0133418,0.999911,2.76178e-006)(-1.80827e-006,-2.8141e-006,1)(-0.00222771,-0.000305399,4.17233e-007))

Frame 48
Affine3((0.99998,0.00624328,1.1856e-006)(-0.00624329,0.99998,2.45122e-006)(-1.1968e-006,-2.47374e-006,1)(-0.00104263,-0.000138178,2.98023e-007))

Frame 49
Affine3((0.999999,0.00164639,1.94859e-006)(-0.00164637,0.999999,2.02336e-006)(-1.95113e-006,-2.07374e-006,1)(-0.000273513,-3.47644e-005,2.38419e-007))

Frame 50
Affine3((1,5.64846e-009,8.48465e-008)(1.16499e-008,1,-1.08055e-008)(-3.64569e-008,-2.35248e-008,1)(3.72529e-009,1.49012e-008,0))

