Frame 1
Affine3((1,-1.4557e-008,-8.82346e-009)(1.52501e-008,1,-7.75265e-009)(-4.36115e-010,-8.96122e-010,1)(0,0,0))

Frame 2
Affine3((0.994479,0.104468,0.00984233)(-0.104479,0.994527,0.000574778)(-0.00972843,-0.0015999,0.999951)(0.00347987,-0.0218926,-0.00208509))

Frame 3
Affine3((0.893736,0.446488,0.0434085)(-0.447148,0.894437,0.00638023)(-0.0359774,-0.0251122,0.999037)(0.0260705,-0.0779972,-0.00784695))

Frame 4
Affine3((0.542892,0.832947,0.107088)(-0.839226,0.542817,0.0324163)(-0.031128,-0.10747,0.993721)(0.0594095,-0.0926328,-0.0126264))

Frame 5
Affine3((0.167597,0.965916,0.197275)(-0.982941,0.148347,0.108717)(0.0757463,-0.21213,0.974301)(-0.00963421,-0.0257043,-1.62125e-005))

Frame 6
Affine3((0.0291445,0.959567,0.279967)(-0.964978,-0.0460419,0.25826)(0.260708,-0.277688,0.924619)(-0.217179,0.0415675,0.0608959))

Frame 7
Affine3((0.0449902,0.947808,0.315652)(-0.889861,-0.105577,0.443849)(0.454009,-0.300855,0.838667)(-0.464471,0.068386,0.183077))

Frame 8
Affine3((0.0843149,0.945501,0.314514)(-0.79044,-0.128719,0.598862)(0.606709,-0.299097,0.736509)(-0.661841,0.0643139,0.331529))

Frame 9
Affine3((0.107752,0.946667,0.303662)(-0.709266,-0.140834,0.690729)(0.696657,-0.289804,0.656264)(-0.775916,0.0507691,0.447397))

Frame 10
Affine3((0.11899,0.947237,0.297631)(-0.679563,-0.140855,0.719968)(0.723903,-0.287928,0.626946)(-0.810887,0.048201,0.489761))

Frame 11
Affine3((0.140317,0.942457,0.303455)(-0.686286,-0.128337,0.71592)(0.713668,-0.308713,0.628788)(-0.803039,0.0775326,0.485661))

Frame 12
Affine3((0.192639,0.929232,0.315307)(-0.70203,-0.0939944,0.705917)(0.685597,-0.357342,0.634242)(-0.779856,0.147116,0.474917))

Frame 13
Affine3((0.269593,0.905094,0.328824)(-0.719485,-0.0376389,0.693487)(0.640047,-0.423543,0.641054)(-0.739653,0.244174,0.461793))

Frame 14
Affine3((0.358711,0.868269,0.34269)(-0.731907,0.0337675,0.680568)(0.579344,-0.494944,0.647604)(-0.681982,0.352335,0.448888))

Frame 15
Affine3((0.442524,0.823468,0.355068)(-0.734825,0.106028,0.669918)(0.514008,-0.557368,0.652025)(-0.616158,0.450704,0.439307))

Frame 16
Affine3((0.509886,0.778042,0.366971)(-0.731824,0.168096,0.660437)(0.452161,-0.605306,0.655099)(-0.550589,0.529371,0.431698))

Frame 17
Affine3((0.567821,0.729772,0.380805)(-0.726521,0.226829,0.648626)(0.386971,-0.644966,0.658993)(-0.478331,0.597586,0.422361))

Frame 18
Affine3((0.6185,0.679201,0.395151)(-0.717935,0.284029,0.635529)(0.319418,-0.676767,0.663294)(-0.401048,0.655949,0.41225))

Frame 19
Affine3((0.662336,0.627257,0.409706)(-0.706096,0.339792,0.621265)(0.250478,-0.700778,0.66796)(-0.320098,0.704353,0.401499))

Frame 20
Affine3((0.700143,0.574481,0.423995)(-0.690669,0.394349,0.606189)(0.181042,-0.717259,0.672877)(-0.236803,0.743038,0.390404))

Frame 21
Affine3((0.731922,0.52192,0.438052)(-0.672101,0.447201,0.590162)(0.11212,-0.726368,0.678099)(-0.152508,0.771924,0.378869))

Frame 22
Affine3((0.758163,0.470304,0.451668)(-0.650535,0.498118,0.573309)(0.0446458,-0.728487,0.683603)(-0.0685548,0.791323,0.366986))

Frame 23
Affine3((0.779148,0.420592,0.46479)(-0.626507,0.546646,0.555577)(-0.0204041,-0.724072,0.689423)(0.0136714,0.801563,0.354715))

Frame 24
Affine3((0.795308,0.373737,0.477291)(-0.60063,0.592357,0.536988)(-0.0820347,-0.713746,0.695584)(0.0927197,0.803201,0.342053))

Frame 25
Affine3((0.807025,0.330944,0.489067)(-0.573883,0.634733,0.517468)(-0.139174,-0.698276,0.702168)(0.167012,0.796913,0.328913))

Frame 26
Affine3((0.813347,0.293055,0.502579)(-0.548472,0.674345,0.494405)(-0.194023,-0.677774,0.709209)(0.23941,0.782708,0.314437))

Frame 27
Affine3((0.816514,0.256368,0.517282)(-0.520999,0.713225,0.468903)(-0.248727,-0.652369,0.715925)(0.312527,0.761791,0.299871))

Frame 28
Affine3((0.816885,0.224617,0.531268)(-0.493536,0.748896,0.44224)(-0.29853,-0.623459,0.722619)(0.379904,0.734888,0.285382))

Frame 29
Affine3((0.815263,0.199119,0.543781)(-0.467365,0.780698,0.414826)(-0.341929,-0.592337,0.729535)(0.439276,0.703324,0.270858))

Frame 30
Affine3((0.81286,0.177685,0.554695)(-0.440978,0.809899,0.386783)(-0.380522,-0.559009,0.73669)(0.492597,0.667724,0.256321))

Frame 31
Affine3((0.813201,0.168966,0.556915)(-0.411908,0.843118,0.345665)(-0.411139,-0.510493,0.755223)(0.535204,0.609938,0.227643))

Frame 32
Affine3((0.819834,0.168065,0.547382)(-0.377298,0.877639,0.295627)(-0.430719,-0.448891,0.782929)(0.562609,0.533518,0.188793))

Frame 33
Affine3((0.831741,0.168421,0.529001)(-0.339568,0.908179,0.244756)(-0.439205,-0.383205,0.81256)(0.574725,0.451108,0.149342))

Frame 34
Affine3((0.847681,0.167559,0.50335)(-0.300877,0.933301,0.196017)(-0.436933,-0.317606,0.841556)(0.57205,0.368549,0.112558))

Frame 35
Affine3((0.86627,0.164328,0.471775)(-0.262992,0.95291,0.150987)(-0.424748,-0.254869,0.868695)(0.555816,0.289692,0.0798819))

Frame 36
Affine3((0.886177,0.158231,0.435492)(-0.22714,0.967555,0.110653)(-0.403854,-0.196976,0.893366)(0.527766,0.21728,0.0519414))

Frame 37
Affine3((0.906173,0.149196,0.395717)(-0.194065,0.978068,0.0756418)(-0.375752,-0.145339,0.915252)(0.490055,0.153244,0.0289325))

Frame 38
Affine3((0.92522,0.13742,0.353673)(-0.16405,0.985365,0.0462963)(-0.342135,-0.100854,0.934223)(0.445081,0.0987988,0.0107836))

Frame 39
Affine3((0.942523,0.123528,0.310468)(-0.137255,0.990276,0.0226721)(-0.304649,-0.0639822,0.950313)(0.395151,0.054482,-0.00279117))

Frame 40
Affine3((0.957558,0.108111,0.267198)(-0.113468,0.993531,0.00464269)(-0.264967,-0.0347639,0.96363)(0.342577,0.0202913,-0.012189))

Frame 41
Affine3((0.97005,0.0919142,0.224846)(-0.0924604,0.995683,-0.00812224)(-0.224621,-0.0129103,0.974361)(0.289433,-0.00426309,-0.0179092))

Frame 42
Affine3((0.979957,0.0756766,0.184276)(-0.0739731,0.99713,-0.0161119)(-0.184966,0.00215756,0.982742)(0.237515,-0.020061,-0.0204988))

Frame 43
Affine3((0.987422,0.0600228,0.14627)(-0.0577175,0.998133,-0.019958)(-0.147195,0.0112646,0.989043)(0.188371,-0.028286,-0.0205468))

Frame 44
Affine3((0.992724,0.0454646,0.111496)(-0.0434565,0.998847,-0.0203765)(-0.112294,0.015383,0.993556)(0.143244,-0.0303025,-0.0186561))

Frame 45
Affine3((0.996226,0.0324165,0.0805121)(-0.0310487,0.999352,-0.0181834)(-0.0810494,0.015615,0.996588)(0.103088,-0.0276276,-0.0154299))

Frame 46
Affine3((0.998325,0.0212594,0.053808)(-0.0205187,0.999687,-0.0142823)(-0.0540948,0.0131543,0.998449)(0.0686353,-0.0218944,-0.0114717))

Frame 47
Affine3((0.999418,0.0122044,0.0318462)(-0.0119045,0.999883,-0.00959135)(-0.0319595,0.00920667,0.999447)(0.0404809,-0.0147142,-0.00737643))

Frame 48
Affine3((0.999871,0.00544554,0.0151395)(-0.00536919,0.999973,-0.00507862)(-0.0151667,0.00499668,0.999873)(0.0192057,-0.00771773,-0.00373483))

Frame 49
Affine3((0.99999,0.00117173,0.00433658)(-0.00116442,0.999998,-0.00169312)(-0.00433857,0.00168805,0.999989)(0.00552556,-0.0024577,-0.00112629))

Frame 50
Affine3((1,-0.000340941,0.000428676)(0.00034106,1,-0.000379179)(-0.000428571,0.000379294,1)(0.000591069,-0.000417247,-0.000133038))

