Frame 1
Affine3((1,1.43907e-009,3.47812e-009)(-6.24199e-009,1,-1.00662e-009)(1.39958e-008,4.60111e-009,1)(0,0,0))

Frame 2
Affine3((0.912117,0.0963185,-0.398455)(-0.104548,0.994519,0.00108081)(0.396375,0.0406718,0.917187)(-0.365635,-0.0604368,0.19543))

Frame 3
Affine3((0.507919,0.155282,-0.847293)(-0.375065,0.92535,-0.0552495)(0.775464,0.345853,0.528244)(-0.637057,-0.34845,0.694384))

Frame 4
Affine3((0.0959832,-0.0170492,-0.995237)(-0.844207,0.528328,-0.0904681)(0.527354,0.848869,0.0363175)(-0.35301,-0.775391,1.21194))

Frame 5
Affine3((0.115777,-0.319596,-0.940454)(-0.978376,0.126685,-0.163497)(0.171395,0.939047,-0.298018)(-0.0865632,-0.772768,1.517))

Frame 6
Affine3((0.199925,-0.60961,-0.767076)(-0.977305,-0.0681078,-0.200591)(0.0700383,0.78977,-0.609392)(-0.0837061,-0.543027,1.77705))

Frame 7
Affine3((0.160221,-0.918837,-0.360648)(-0.970363,-0.0796575,-0.228146)(0.180901,0.386514,-0.904368)(-0.245484,-0.0558838,1.96294))

Frame 8
Affine3((0.090571,-0.942579,0.32147)(-0.986562,-0.128996,-0.100275)(0.135985,-0.308068,-0.941596)(-0.237669,0.615793,1.84809))

Frame 9
Affine3((0.187371,-0.916528,0.353367)(-0.981825,-0.185805,0.0386857)(0.0302008,-0.354193,-0.934685)(-0.194952,0.642011,1.87441))

Frame 10
Affine3((0.195173,-0.921107,0.336852)(-0.980725,-0.180032,0.0759456)(-0.00930984,-0.345182,-0.93849)(-0.168641,0.634891,1.89631))

Frame 11
Affine3((0.170508,-0.909741,0.378546)(-0.980491,-0.118517,0.156815)(-0.0977969,-0.397899,-0.912202)(-0.0708446,0.697791,1.87095))

Frame 12
Affine3((0.132907,-0.88531,0.445603)(-0.963283,-0.00956008,0.268318)(-0.233284,-0.464903,-0.854075)(0.0870137,0.785474,1.81155))

Frame 13
Affine3((0.0955013,-0.856311,0.507553)(-0.913706,0.126917,0.386049)(-0.394995,-0.500623,-0.770296)(0.28247,0.84975,1.72951))

Frame 14
Affine3((0.0665732,-0.832437,0.550107)(-0.821459,0.267224,0.503782)(-0.566368,-0.485429,-0.666023)(0.496766,0.867003,1.63337))

Frame 15
Affine3((0.0540554,-0.822413,0.566316)(-0.688432,0.380113,0.617718)(-0.723283,-0.423261,-0.545629)(0.699183,0.835177,1.52915))

Frame 16
Affine3((0.0528486,-0.831124,0.553569)(-0.530544,0.446267,0.720672)(-0.846008,-0.331779,-0.417363)(0.866502,0.769051,1.42435))

Frame 17
Affine3((0.0380438,-0.856885,0.514103)(-0.362012,0.467709,0.806347)(-0.931397,-0.216788,-0.292409)(1.00361,0.67564,1.32782))

Frame 18
Affine3((-0.000538008,-0.891358,0.453299)(-0.196733,0.444535,0.873891)(-0.980457,-0.0887089,-0.175599)(1.11209,0.562723,1.24255))

Frame 19
Affine3((-0.067625,-0.923696,0.377111)(-0.0490428,0.380596,0.92344)(-0.996505,0.0439531,-0.0710385)(1.19409,0.43606,1.17081))

Frame 20
Affine3((-0.161664,-0.942751,0.291693)(0.0686246,0.284126,0.956328)(-0.984457,0.174621,0.018763)(1.25176,0.300149,1.11345))

Frame 21
Affine3((-0.276451,-0.939421,0.202639)(0.147652,0.166834,0.974867)(-0.949618,0.299423,0.0925858)(1.28687,0.158012,1.07037))

Frame 22
Affine3((-0.402582,-0.908183,0.114591)(0.184218,0.0422418,0.981977)(-0.896656,0.416437,0.150298)(1.30039,0.0121279,1.04081))

Frame 23
Affine3((-0.529343,-0.847839,0.0310525)(0.179506,-0.0761511,0.980805)(-0.8292,0.524757,0.192502)(1.29264,-0.134722,1.02361))

Frame 24
Affine3((-0.646726,-0.76136,-0.0455613)(0.139252,-0.176595,0.974383)(-0.749902,0.623815,0.22023)(1.26389,-0.279093,1.01753))

Frame 25
Affine3((-0.746929,-0.655109,-0.113703)(0.0727854,-0.250539,0.965366)(-0.660908,0.712785,0.234817)(1.21508,-0.41671,1.02119))

Frame 26
Affine3((-0.793333,-0.593198,-0.136889)(0.0250125,-0.256425,0.966241)(-0.608274,0.763127,0.218268)(1.18774,-0.49527,1.04367))

Frame 27
Affine3((-0.821114,-0.550646,-0.150205)(-0.016747,-0.239808,0.970676)(-0.570519,0.799551,0.187688)(1.16998,-0.552951,1.07771))

Frame 28
Affine3((-0.845292,-0.510477,-0.157783)(-0.0510588,-0.216779,0.974885)(-0.53186,0.832118,0.157177)(1.14962,-0.605963,1.11001))

Frame 29
Affine3((-0.865536,-0.473815,-0.162317)(-0.0796183,-0.189799,0.978589)(-0.494478,0.859928,0.126553)(1.12804,-0.652919,1.14135))

Frame 30
Affine3((-0.882841,-0.439278,-0.166212)(-0.104968,-0.1604,0.981455)(-0.457792,0.883916,0.0954973)(1.1051,-0.695545,1.17265))

Frame 31
Affine3((-0.903591,-0.401714,-0.148825)(-0.137388,-0.0573153,0.988858)(-0.405767,0.91397,-0.00340092)(1.06464,-0.738335,1.26045))

Frame 32
Affine3((-0.960858,-0.226914,-0.158943)(-0.196177,0.152178,0.968688)(-0.195621,0.961952,-0.190736)(0.874262,-0.825941,1.43422))

Frame 33
Affine3((-0.92657,0.25778,-0.273892)(-0.194341,0.295339,0.935418)(0.322023,0.919959,-0.223556)(0.365706,-0.926623,1.48557))

Frame 34
Affine3((-0.725062,0.553549,-0.409717)(-0.182954,0.418728,0.889491)(0.663937,0.719896,-0.20233)(-0.022906,-0.822829,1.4884))

Frame 35
Affine3((-0.448362,0.73521,-0.508368)(-0.1746,0.485746,0.856485)(0.876634,0.472776,-0.0894225)(-0.3117,-0.648056,1.39384))

Frame 36
Affine3((-0.191109,0.812271,-0.551084)(-0.160296,0.528069,0.833936)(0.968392,0.24771,0.0292849)(-0.479754,-0.466565,1.27946))

Frame 37
Affine3((0.0674669,0.814407,-0.576359)(-0.147247,0.579477,0.801576)(0.986796,0.0307871,0.159014)(-0.579679,-0.267951,1.14837))

Frame 38
Affine3((0.310213,0.755644,-0.576862)(-0.133819,0.635464,0.760446)(0.941202,-0.158705,0.298249)(-0.614828,-0.0752977,1.0002))

Frame 39
Affine3((0.5171,0.654373,-0.551727)(-0.11932,0.693415,0.71059)(0.847567,-0.301614,0.436645)(-0.59429,0.087318,0.844759))

Frame 40
Affine3((0.677176,0.537154,-0.50289)(-0.107849,0.748516,0.654288)(0.727874,-0.388832,0.564809)(-0.536252,0.202764,0.692079))

Frame 41
Affine3((0.797277,0.420038,-0.433494)(-0.101084,0.800934,0.590159)(0.595089,-0.426701,0.681025)(-0.455012,0.272505,0.544525))

Frame 42
Affine3((0.885948,0.306177,-0.348356)(-0.09268,0.852843,0.513876)(0.45443,-0.422982,0.783951)(-0.35668,0.303296,0.404136))

Frame 43
Affine3((0.944353,0.20688,-0.255731)(-0.0817546,0.900678,0.426726)(0.318612,-0.382073,0.867471)(-0.25337,0.295361,0.27939))

Frame 44
Affine3((0.977919,0.129369,-0.164126)(-0.0687518,0.940799,0.331919)(0.197349,-0.313306,0.92892)(-0.15577,0.254805,0.175772))

Frame 45
Affine3((0.993835,0.0759779,-0.0807471)(-0.0551685,0.970606,0.234266)(0.0961727,-0.228367,0.968813)(-0.0712394,0.191531,0.0955369))

Frame 46
Affine3((0.998934,0.0448417,-0.0109333)(-0.0428818,0.989291,0.139515)(0.0170723,-0.138897,0.99016)(-0.00371674,0.116837,0.0381507))

Frame 47
Affine3((0.998596,0.0311448,0.0428444)(-0.0334404,0.997984,0.0539488)(-0.0410778,-0.0553058,0.997624)(0.0463174,0.041953,0.000722945))

Frame 48
Affine3((0.996368,0.0286849,0.0801765)(-0.0274826,0.999493,-0.0160588)(-0.0805965,0.013797,0.996651)(0.0801918,-0.0229829,-0.0209568))

Frame 49
Affine3((0.994282,0.0310767,0.102161)(-0.024621,0.997655,-0.063857)(-0.103906,0.0609766,0.992716)(0.0999621,-0.0687512,-0.0315098))

Frame 50
Affine3((0.993415,0.0328239,0.109764)(-0.0238746,0.996357,-0.0818753)(-0.112051,0.0787156,0.99058)(0.106827,-0.0862649,-0.0346375))

