Frame 1
Affine3((1,-3.43394e-009,3.06075e-010)(-3.55679e-009,1,-6.16051e-010)(5.75636e-010,3.0245e-008,1)(0,0,0))

Frame 2
Affine3((1,-0.000354042,-9.42786e-006)(0.000353996,0.999998,-0.0017613)(1.00418e-005,0.00176128,0.999999)(-2.61813e-005,2.77907e-005,0.00012061))

Frame 3
Affine3((1,-0.000492961,-6.8029e-006)(0.000492931,0.999997,-0.00240549)(7.97753e-006,0.00240552,0.999997)(-3.36468e-005,4.25279e-005,0.00016509))

Frame 4
Affine3((1,-0.000579783,-2.04696e-005)(0.000579726,0.999996,-0.00290399)(2.21507e-005,0.002904,0.999996)(-4.47482e-005,4.55901e-005,0.000201583))

Frame 5
Affine3((1,-0.000651746,-1.16113e-005)(0.000651729,0.999995,-0.00317286)(1.36633e-005,0.00317285,0.999995)(-4.51207e-005,5.49853e-005,0.000218704))

Frame 6
Affine3((1,-0.000709875,-1.90172e-005)(0.000709799,0.999994,-0.00349892)(2.15126e-005,0.00349893,0.999994)(-5.18709e-005,5.6617e-005,0.000242263))

Frame 7
Affine3((1,-0.000673006,-1.67028e-005)(0.000672948,0.999994,-0.003328)(1.89392e-005,0.003328,0.999994)(-4.90695e-005,5.12749e-005,0.000229299))

Frame 8
Affine3((1,-0.000688347,-1.99025e-005)(0.000688259,0.999994,-0.0034158)(2.22323e-005,0.0034158,0.999994)(-5.12451e-005,5.2847e-005,0.000236526))

Frame 9
Affine3((1,-0.000691738,-2.33805e-005)(0.000691677,0.999994,-0.00344772)(2.57531e-005,0.00344775,0.999994)(-5.26309e-005,5.03138e-005,0.000238597))

Frame 10
Affine3((1,-0.000752707,-1.53771e-005)(0.000752628,0.999993,-0.00366418)(1.81133e-005,0.00366418,0.999993)(-5.2318e-005,5.98505e-005,0.000252739))

Frame 11
Affine3((1,-0.000770357,-1.33051e-005)(0.000770328,0.999993,-0.00373058)(1.61791e-005,0.00373052,0.999993)(-5.25266e-005,6.55204e-005,0.000258178))

Frame 12
Affine3((1,-0.00073336,-1.65467e-005)(0.000733314,0.999993,-0.00361439)(1.91954e-005,0.00361437,0.999994)(-5.28544e-005,5.65648e-005,0.000249296))

Frame 13
Affine3((1,-0.000676872,-2.05708e-005)(0.000676806,0.999994,-0.00338248)(2.28739e-005,0.00338245,0.999994)(-5.15431e-005,5.35175e-005,0.000234857))

Frame 14
Affine3((1,-0.000743918,-1.52611e-005)(0.00074389,0.999993,-0.00363424)(1.79537e-005,0.00363429,0.999993)(-5.23478e-005,6.03274e-005,0.000250936))

Frame 15
Affine3((1,-0.000728023,-1.397e-005)(0.000727977,0.999994,-0.00354962)(1.65579e-005,0.00354957,0.999994)(-5.08875e-005,6.2488e-005,0.000245884))

Frame 16
Affine3((1,-0.000750494,-1.58522e-005)(0.000750454,0.999993,-0.00365461)(1.85981e-005,0.00365458,0.999993)(-5.25564e-005,6.23688e-005,0.000252962))

Frame 17
Affine3((1,-0.000784555,-2.052e-005)(0.000784472,0.999992,-0.00386674)(2.35534e-005,0.00386671,0.999993)(-5.73248e-005,6.3166e-005,0.000268519))

Frame 18
Affine3((1,-0.000770652,-1.97457e-005)(0.000770616,0.999992,-0.00381599)(2.26751e-005,0.00381599,0.999993)(-5.6982e-005,6.23167e-005,0.000265121))

Frame 19
Affine3((1,-0.000741568,-1.97278e-005)(0.000741494,0.999993,-0.00367922)(2.24647e-005,0.00367921,0.999993)(-5.50598e-005,6.08191e-005,0.000255749))

Frame 20
Affine3((1,-0.00079011,-2.06129e-005)(0.000790031,0.999992,-0.00388569)(2.36653e-005,0.00388568,0.999992)(-5.73099e-005,6.17653e-005,0.000269249))

Frame 21
Affine3((1,-0.000789934,-1.56683e-005)(0.000789877,0.999992,-0.00385631)(1.87224e-005,0.0038563,0.999993)(-5.53578e-005,6.53937e-005,0.000267074))

Frame 22
Affine3((1,-0.000781422,-1.63836e-005)(0.000781372,0.999992,-0.00383574)(1.93946e-005,0.00383573,0.999993)(-5.57303e-005,6.17281e-005,0.000264749))

Frame 23
Affine3((1,-0.000831597,-2.13692e-005)(0.000831513,0.999991,-0.00412141)(2.47778e-005,0.00412145,0.999991)(-6.14524e-005,6.56769e-005,0.000286445))

Frame 24
Affine3((1,-0.000768529,-2.16918e-005)(0.000768425,0.999992,-0.00380281)(2.46067e-005,0.0038029,0.999993)(-5.68181e-005,5.72428e-005,0.000262916))

Frame 25
Affine3((1,-0.000763842,-2.09535e-005)(0.00076376,0.999993,-0.00378983)(2.3847e-005,0.00378982,0.999993)(-5.65499e-005,5.68628e-005,0.000261962))

Frame 26
Affine3((1,-0.000779336,-1.65561e-005)(0.000779276,0.999992,-0.00380982)(1.95091e-005,0.00380986,0.999993)(-5.48065e-005,6.12661e-005,0.000262901))

Frame 27
Affine3((1,-0.000783292,-1.62643e-005)(0.000783226,0.999992,-0.00384273)(1.92665e-005,0.00384278,0.999993)(-5.5626e-005,6.22794e-005,0.000265449))

Frame 28
Affine3((1,-0.000750233,-1.93066e-005)(0.000750197,0.999993,-0.00370224)(2.20655e-005,0.00370223,0.999993)(-5.48959e-005,5.96866e-005,0.000256583))

Frame 29
Affine3((1,-0.000805133,-2.18293e-005)(0.000805041,0.999992,-0.00399544)(2.50464e-005,0.00399548,0.999992)(-5.97984e-005,6.01485e-005,0.000276476))

Frame 30
Affine3((1,-0.000760499,-1.81697e-005)(0.00076045,0.999993,-0.00372936)(2.10356e-005,0.00372932,0.999993)(-5.44488e-005,6.1281e-005,0.000258252))

Frame 31
Affine3((1,-0.000763248,-1.54291e-005)(0.000763201,0.999993,-0.00373955)(1.8272e-005,0.00373952,0.999993)(-5.42998e-005,6.38515e-005,0.000259325))

Frame 32
Affine3((1,-0.000766043,-1.42956e-005)(0.000765969,0.999993,-0.00375364)(1.71702e-005,0.00375365,0.999993)(-5.39571e-005,5.99101e-005,0.000258461))

Frame 33
Affine3((1,-0.000786865,-1.70119e-005)(0.0007868,0.999992,-0.00385448)(2.00413e-005,0.00385448,0.999993)(-5.58496e-005,6.09905e-005,0.000266314))

Frame 34
Affine3((1,-0.00070991,-1.84549e-005)(0.000709833,0.999993,-0.00352653)(2.09595e-005,0.00352652,0.999994)(-5.26756e-005,5.56484e-005,0.000244036))

Frame 35
Affine3((1,-0.000679766,-1.60048e-005)(0.000679753,0.999994,-0.00334926)(1.82865e-005,0.00334926,0.999994)(-4.87417e-005,5.32717e-005,0.000230968))

Frame 36
Affine3((1,-0.000667462,-1.17402e-005)(0.00066742,0.999995,-0.00325511)(1.39086e-005,0.00325511,0.999995)(-4.61489e-005,5.59241e-005,0.000224441))

Frame 37
Affine3((1,-0.000706408,-1.93794e-005)(0.00070635,0.999994,-0.00351525)(2.1881e-005,0.00351521,0.999994)(-5.30034e-005,5.66468e-005,0.000244007))

Frame 38
Affine3((1,-0.000817581,-1.26161e-005)(0.000817572,0.999992,-0.00395236)(1.58448e-005,0.00395239,0.999992)(-5.52088e-005,6.69509e-005,0.000272408))

Frame 39
Affine3((1,-0.000802521,-1.18071e-005)(0.000802474,0.999992,-0.00386986)(1.49288e-005,0.0038698,0.999993)(-5.38975e-005,6.88881e-005,0.000267446))

Frame 40
Affine3((1,-0.000787096,-2.0224e-005)(0.00078704,0.999992,-0.00387564)(2.32619e-005,0.00387565,0.999992)(-5.72056e-005,6.12736e-005,0.000268415))

Frame 41
Affine3((1,-0.000854105,-1.55618e-005)(0.000854037,0.999991,-0.00416124)(1.91418e-005,0.00416114,0.999991)(-5.92619e-005,6.7614e-005,0.000287294))

Frame 42
Affine3((1,-0.000827052,-1.68063e-005)(0.000826961,0.999991,-0.00405708)(2.01759e-005,0.00405699,0.999992)(-5.88149e-005,6.72564e-005,0.000280991))

Frame 43
Affine3((1,-0.000694065,-2.39477e-005)(0.000693972,0.999994,-0.00348496)(2.63649e-005,0.003485,0.999994)(-5.38379e-005,5.06118e-005,0.000241429))

Frame 44
Affine3((1,-0.000704496,-1.47684e-005)(0.000704456,0.999994,-0.00346009)(1.72009e-005,0.00346,0.999994)(-5.0202e-005,5.78538e-005,0.000239193))

Frame 45
Affine3((1,-0.000666567,-1.85292e-005)(0.00066649,0.999994,-0.00330978)(2.07395e-005,0.00330978,0.999995)(-4.97401e-005,5.38826e-005,0.000229642))

Frame 46
Affine3((1,-0.000700655,-1.57444e-005)(0.000700617,0.999994,-0.00342446)(1.8128e-005,0.00342445,0.999994)(-4.9606e-005,5.70193e-005,0.00023669))

Frame 47
Affine3((1,-0.00069215,-2.42843e-005)(0.000692117,0.999994,-0.00347542)(2.66828e-005,0.00347537,0.999994)(-5.39273e-005,5.14686e-005,0.000241369))

Frame 48
Affine3((1,-0.000782105,-9.5704e-006)(0.000782064,0.999992,-0.00379774)(1.2534e-005,0.0037977,0.999993)(-5.30183e-005,6.63772e-005,0.000261888))

Frame 49
Affine3((1,-0.000765617,-2.20859e-005)(0.000765535,0.999992,-0.00379188)(2.49827e-005,0.00379182,0.999993)(-5.6982e-005,6.01634e-005,0.000263244))

Frame 50
Affine3((1,-0.000814142,-1.36054e-005)(0.000814084,0.999992,-0.00397474)(1.68539e-005,0.00397469,0.999992)(-5.6535e-005,6.26892e-005,0.000273392))

