Frame 1
Affine3((1,2.17219e-009,1.14759e-008)(-1.90868e-008,1,-4.34287e-009)(4.15013e-009,7.78278e-009,1)(0,0,0))

Frame 2
Affine3((0.998218,-0.0553183,0.0223663)(0.0534595,0.995631,0.07656)(-0.0265037,-0.0752279,0.996814)(0.0394655,0.0873455,0.015831))

Frame 3
Affine3((0.97543,-0.217114,0.0373783)(0.196903,0.935264,0.294126)(-0.0988175,-0.27954,0.955035)(0.143671,0.317628,0.0945853))

Frame 4
Affine3((0.899791,-0.431833,-0.0624269)(0.389319,0.730002,0.561719)(-0.196997,-0.529733,0.82497)(0.276844,0.583503,0.272351))

Frame 5
Affine3((0.761353,-0.572949,-0.303433)(0.576552,0.384269,0.721059)(-0.29653,-0.723925,0.622899)(0.399921,0.775845,0.507383))

Frame 6
Affine3((0.58508,-0.563572,-0.583153)(0.716623,0.0226597,0.697092)(-0.379647,-0.825756,0.417126)(0.49012,0.873735,0.721916))

Frame 7
Affine3((0.411894,-0.446044,-0.794599)(0.797975,-0.244475,0.550879)(-0.439976,-0.860974,0.255234)(0.545389,0.91402,0.879523))

Frame 8
Affine3((0.27458,-0.307178,-0.911179)(0.833792,-0.395937,0.384739)(-0.478953,-0.865376,0.147406)(0.57483,0.929672,0.982))

Frame 9
Affine3((0.18988,-0.207767,-0.959572)(0.844818,-0.463383,0.267504)(-0.500228,-0.861458,0.0875382)(0.588293,0.935785,1.03935))

Frame 10
Affine3((0.161543,-0.173735,-0.971452)(0.846534,-0.48156,0.226893)(-0.507232,-0.85902,0.0692801)(0.592446,0.936947,1.05687))

Frame 11
Affine3((0.170053,-0.168446,-0.970931)(0.850116,-0.473229,0.230993)(-0.498382,-0.864685,0.0627242)(0.582846,0.946094,1.06591))

Frame 12
Affine3((0.198722,-0.140669,-0.969908)(0.865419,-0.43927,0.241023)(-0.459956,-0.887273,0.0344446)(0.539605,0.983862,1.10384))

Frame 13
Affine3((0.247335,-0.0694337,-0.966439)(0.901773,-0.348374,0.255814)(-0.354445,-0.93478,-0.0235517)(0.414897,1.06755,1.18132))

Frame 14
Affine3((0.277609,0.0553011,-0.959101)(0.957235,-0.10057,0.27127)(-0.0814553,-0.993392,-0.0808553)(0.0711168,1.19101,1.25866))

Frame 15
Affine3((0.262923,0.0789606,-0.96158)(0.915109,0.295366,0.274471)(0.30569,-0.952116,0.00540084)(-0.438886,1.18121,1.14643))

Frame 16
Affine3((0.226447,0.094855,-0.969394)(0.838083,0.488166,0.24354)(0.496326,-0.867581,0.0310475)(-0.700922,1.09349,1.1086))

Frame 17
Affine3((0.19059,0.114404,-0.974981)(0.746739,0.627805,0.21964)(0.637226,-0.769917,0.0342233)(-0.899644,0.984052,1.10108))

Frame 18
Affine3((0.153979,0.141561,-0.977881)(0.642843,0.737232,0.207947)(0.750362,-0.660643,0.0225174)(-1.06367,0.857882,1.1146))

Frame 19
Affine3((0.112663,0.175125,-0.978079)(0.522411,0.826878,0.208228)(0.845218,-0.534419,0.00167096)(-1.20645,0.708855,1.14168))

Frame 20
Affine3((0.0610537,0.210548,-0.975675)(0.373767,0.901554,0.217942)(0.925511,-0.377981,-0.0236526)(-1.33497,0.519403,1.17599))

Frame 21
Affine3((-0.0213041,0.241273,-0.970223)(0.174741,0.956404,0.234)(0.984384,-0.164553,-0.0625358)(-1.44625,0.253059,1.22912))

Frame 22
Affine3((-0.105015,0.243954,-0.964084)(-0.0529602,0.966697,0.250384)(0.993059,0.0773521,-0.0885978)(-1.49539,-0.0598134,1.26574))

Frame 23
Affine3((-0.144028,0.222503,-0.964235)(-0.255253,0.933068,0.253438)(0.956087,0.282626,-0.0775932)(-1.47461,-0.333826,1.25171))

Frame 24
Affine3((-0.139116,0.202653,-0.969318)(-0.3938,0.886791,0.241917)(0.908608,0.415372,-0.0435624)(-1.42587,-0.514555,1.20541))

Frame 25
Affine3((-0.116716,0.194544,-0.973925)(-0.461161,0.857886,0.226631)(0.879607,0.475588,-0.010413)(-1.39086,-0.597165,1.15998))

Frame 26
Affine3((-0.0945935,0.192225,-0.976781)(-0.486382,0.847179,0.213822)(0.868611,0.495315,0.0133573)(-1.3751,-0.624295,1.12728))

Frame 27
Affine3((-0.0753162,0.193745,-0.978157)(-0.496108,0.84364,0.2053)(0.864988,0.500734,0.0325787)(-1.36789,-0.631412,1.10121))

Frame 28
Affine3((-0.0580403,0.198629,-0.978355)(-0.492641,0.846673,0.20112)(0.868295,0.49365,0.0487113)(-1.36872,-0.621021,1.07979))

Frame 29
Affine3((-0.0410306,0.206431,-0.9776)(-0.477466,0.855428,0.200672)(0.877692,0.475005,0.063465)(-1.37634,-0.594507,1.06071))

Frame 30
Affine3((-0.022054,0.216583,-0.976015)(-0.451582,0.868829,0.203002)(0.891957,0.445228,0.0786441)(-1.38886,-0.55264,1.04149))

Frame 31
Affine3((0.00161262,0.228166,-0.973621)(-0.415886,0.885581,0.206846)(0.909415,0.404582,0.0963194)(-1.40371,-0.49605,1.01934))

Frame 32
Affine3((0.0327168,0.239699,-0.970296)(-0.371406,0.904212,0.210851)(0.927894,0.353476,0.118609)(-1.41767,-0.425683,0.991376))

Frame 33
Affine3((0.0737228,0.249263,-0.965626)(-0.319563,0.923109,0.21389)(0.944693,0.29281,0.147709)(-1.42692,-0.343219,0.954708))

Frame 34
Affine3((0.12655,0.25442,-0.958778)(-0.262265,0.940736,0.215016)(0.956662,0.224244,0.185776)(-1.42721,-0.251419,0.906577))

Frame 35
Affine3((0.191941,0.253132,-0.9482)(-0.202083,0.955654,0.214214)(0.960375,0.150499,0.234583)(-1.41421,-0.154323,0.844978))

Frame 36
Affine3((0.269384,0.243439,-0.931756)(-0.141958,0.966991,0.211603)(0.952513,0.0752676,0.29505)(-1.384,-0.0571693,0.769097))

Frame 37
Affine3((0.357054,0.224478,-0.906709)(-0.0851599,0.974474,0.20772)(0.930194,0.0030481,0.367057)(-1.33349,0.0340208,0.679658))

Frame 38
Affine3((0.451741,0.195862,-0.870384)(-0.0344142,0.978703,0.202376)(0.891485,-0.061468,0.448861)(-1.26102,0.113119,0.57936))

Frame 39
Affine3((0.549235,0.159666,-0.820273)(0.00753301,0.980592,0.195915)(0.835634,-0.113783,0.537373)(-1.16664,0.174762,0.472729))

Frame 40
Affine3((0.644766,0.118885,-0.755078)(0.0389814,0.981432,0.18781)(0.763385,-0.150528,0.62816)(-1.05235,0.215241,0.365705))

Frame 41
Affine3((0.733559,0.0774872,-0.675194)(0.0593241,0.982386,0.177194)(0.677032,-0.170037,0.716041)(-0.92206,0.233217,0.264854))

Frame 42
Affine3((0.811597,0.0398393,-0.582857)(0.0688691,0.984192,0.163168)(0.580144,-0.172567,0.796024)(-0.781101,0.22989,0.176175))

Frame 43
Affine3((0.875999,0.00955116,-0.482219)(0.069069,0.987015,0.14502)(0.477342,-0.160344,0.863964)(-0.635848,0.208815,0.104231))

Frame 44
Affine3((0.925456,-0.0109148,-0.378697)(0.0618966,0.99051,0.122713)(0.373764,-0.137006,0.917349)(-0.493023,0.175138,0.0513104))

Frame 45
Affine3((0.960245,-0.021062,-0.278362)(0.0499317,0.994028,0.0970335)(0.274655,-0.107075,0.955562)(-0.359135,0.134758,0.0171958))

Frame 46
Affine3((0.982092,-0.0221612,-0.187094)(0.035776,0.996926,0.0697091)(0.184974,-0.0751542,0.979866)(-0.240054,0.0933647,-0.000642419))

Frame 47
Affine3((0.993785,-0.0170524,-0.110003)(0.0219276,0.998823,0.0432616)(0.109136,-0.0454048,0.992989)(-0.140767,0.0558146,-0.00642383))

Frame 48
Affine3((0.998645,-0.00936409,-0.0511837)(0.0104368,0.999731,0.02073)(0.0509758,-0.0212361,0.998474)(-0.0654513,0.0258825,-0.00518537))

Frame 49
Affine3((0.9999,-0.00279715,-0.0138426)(0.00286973,0.999982,0.00522671)(0.0138277,-0.00526591,0.999891)(-0.0177026,0.00633764,-0.00183475))

Frame 50
Affine3((1,-0.000194421,-0.00077288)(0.000194099,1,-0.000452069)(0.000772946,0.000451919,1)(-0.000986025,-0.000621304,-0.00018537))

