Frame 1
Affine3((1,-1.08179e-008,-1.65716e-008)(-4.08586e-009,1,-4.65784e-010)(-1.22809e-008,-1.66717e-008,1)(0,0,0))

Frame 2
Affine3((0.998218,-0.0553437,0.0223254)(0.0534881,0.99563,0.0765535)(-0.0264646,-0.0752229,0.996815)(0.0394314,0.0873367,0.0158207))

Frame 3
Affine3((0.975428,-0.217122,0.0373831)(0.196908,0.93526,0.294137)(-0.0988267,-0.279549,0.955032)(0.143681,0.317636,0.0945914))

Frame 4
Affine3((0.899793,-0.431827,-0.0624309)(0.389317,0.730008,0.561712)(-0.196987,-0.52973,0.824974)(0.276836,0.583503,0.272347))

Frame 5
Affine3((0.761367,-0.57289,-0.303506)(0.57657,0.384259,0.72105)(-0.296457,-0.723976,0.622873)(0.399859,0.775907,0.507394))

Frame 6
Affine3((0.58506,-0.563539,-0.583206)(0.716652,0.0226288,0.697064)(-0.379625,-0.825779,0.4171)(0.4901,0.87376,0.721932))

Frame 7
Affine3((0.411852,-0.445967,-0.794664)(0.798022,-0.244495,0.550803)(-0.439931,-0.861008,0.255196)(0.545346,0.914063,0.879539))

Frame 8
Affine3((0.274635,-0.307128,-0.911179)(0.833804,-0.395895,0.384757)(-0.478901,-0.865413,0.147358)(0.574791,0.929723,0.982048))

Frame 9
Affine3((0.189847,-0.207674,-0.959599)(0.844848,-0.463373,0.267427)(-0.50019,-0.861485,0.0874834)(0.588255,0.935829,1.03939))

Frame 10
Affine3((0.161675,-0.173681,-0.97144)(0.846563,-0.481472,0.226973)(-0.507142,-0.859081,0.0691894)(0.592387,0.937026,1.05696))

Frame 11
Affine3((0.170049,-0.168288,-0.970959)(0.85015,-0.473209,0.230908)(-0.498326,-0.864727,0.0626016)(0.582798,0.946164,1.06601))

Frame 12
Affine3((0.19886,-0.140618,-0.969887)(0.865433,-0.43919,0.241118)(-0.45987,-0.887321,0.0343579)(0.53955,0.983927,1.10393))

Frame 13
Affine3((0.247279,-0.0693366,-0.96646)(0.901801,-0.348365,0.255728)(-0.354413,-0.934791,-0.0236157)(0.414862,1.06758,1.18137))

Frame 14
Affine3((0.277677,0.0552944,-0.959082)(0.957217,-0.10055,0.27134)(-0.0814325,-0.993394,-0.0808493)(0.0711019,1.19101,1.25866))

Frame 15
Affine3((0.262975,0.0788927,-0.961572)(0.915111,0.295332,0.2745)(0.305639,-0.952132,0.00546932)(-0.438829,1.18121,1.14637))

Frame 16
Affine3((0.226405,0.0948529,-0.969404)(0.838088,0.488176,0.243502)(0.496336,-0.867575,0.0310303)(-0.700937,1.09349,1.10861))

Frame 17
Affine3((0.190606,0.114409,-0.974977)(0.746734,0.627806,0.219655)(0.637227,-0.769916,0.0342306)(-0.899643,0.984051,1.10107))

Frame 18
Affine3((0.153859,0.141541,-0.977903)(0.642848,0.737254,0.207852)(0.750383,-0.660623,0.0224437)(-1.06371,0.857864,1.11466))

Frame 19
Affine3((0.112676,0.175119,-0.978079)(0.522424,0.82687,0.208229)(0.845209,-0.534434,0.00168177)(-1.20644,0.708866,1.14167))

Frame 20
Affine3((0.0610817,0.210573,-0.975668)(0.373758,0.901549,0.217975)(0.925513,-0.377978,-0.0236351)(-1.33497,0.519403,1.17598))

Frame 21
Affine3((-0.0213937,0.24126,-0.970225)(0.174696,0.956419,0.233975)(0.98439,-0.164488,-0.0626083)(-1.44627,0.252998,1.22918))

Frame 22
Affine3((-0.105063,0.243935,-0.964084)(-0.0529745,0.9667,0.25037)(0.993054,0.0773763,-0.0886416)(-1.4954,-0.0598395,1.26578))

Frame 23
Affine3((-0.143987,0.222522,-0.964236)(-0.255234,0.933071,0.253443)(0.956098,0.282598,-0.077555)(-1.47461,-0.333796,1.25167))

Frame 24
Affine3((-0.139217,0.20259,-0.969317)(-0.393867,0.886764,0.241905)(0.908563,0.415459,-0.0436593)(-1.42585,-0.514651,1.2055))

Frame 25
Affine3((-0.116867,0.194418,-0.973932)(-0.461247,0.85785,0.226593)(0.879542,0.475704,-0.0105802)(-1.39084,-0.5973,1.16013))

Frame 26
Affine3((-0.0946864,0.192218,-0.976774)(-0.486426,0.847144,0.213861)(0.868576,0.495378,0.0132866)(-1.37509,-0.62436,1.12735))

Frame 27
Affine3((-0.0752875,0.193685,-0.978171)(-0.496097,0.843663,0.205234)(0.864997,0.50072,0.032569)(-1.36789,-0.631406,1.10121))

Frame 28
Affine3((-0.0580223,0.198523,-0.978377)(-0.492641,0.846697,0.20102)(0.868296,0.493652,0.0486735)(-1.36872,-0.621037,1.07981))

Frame 29
Affine3((-0.0409663,0.206453,-0.977599)(-0.477427,0.855452,0.200664)(0.877716,0.474953,0.0635214)(-1.37635,-0.594452,1.06066))

Frame 30
Affine3((-0.0221849,0.216603,-0.976008)(-0.45165,0.868778,0.203072)(0.891919,0.445319,0.0785549)(-1.38886,-0.552729,1.04158))

Frame 31
Affine3((0.00157347,0.228239,-0.973604)(-0.415898,0.885556,0.206927)(0.90941,0.404595,0.0963178)(-1.40372,-0.496052,1.01935))

Frame 32
Affine3((0.0327551,0.239701,-0.970294)(-0.37137,0.904229,0.210843)(0.927907,0.353432,0.118636)(-1.41767,-0.425639,0.991353))

Frame 33
Affine3((0.0737653,0.249115,-0.965661)(-0.319524,0.923157,0.213742)(0.944702,0.292785,0.147695)(-1.42692,-0.343215,0.954695))

Frame 34
Affine3((0.12646,0.254307,-0.95882)(-0.262302,0.940748,0.214919)(0.956664,0.224322,0.185672)(-1.42723,-0.251511,0.906656))

Frame 35
Affine3((0.19189,0.253103,-0.948218)(-0.202101,0.955656,0.21419)(0.960382,0.150535,0.234533)(-1.41423,-0.154362,0.84502))

Frame 36
Affine3((0.269414,0.243483,-0.931736)(-0.141957,0.966982,0.211646)(0.952504,0.0752462,0.295082)(-1.38399,-0.0571426,0.769073))

Frame 37
Affine3((0.35717,0.224336,-0.906699)(-0.085028,0.974508,0.207618)(0.930161,0.00293981,0.36714)(-1.33343,0.0341033,0.679572))

Frame 38
Affine3((0.451775,0.195819,-0.870376)(-0.03439,0.978711,0.202343)(0.891469,-0.0614811,0.448891)(-1.26099,0.113124,0.579327))

Frame 39
Affine3((0.54919,0.159649,-0.820306)(0.00752964,0.980598,0.195886)(0.835664,-0.113756,0.537332)(-1.16667,0.174735,0.472751))

Frame 40
Affine3((0.644686,0.118802,-0.75516)(0.0390233,0.981448,0.187716)(0.763451,-0.150487,0.62809)(-1.05242,0.21519,0.365746))

Frame 41
Affine3((0.733453,0.07742,-0.675317)(0.059369,0.9824,0.177105)(0.677142,-0.169991,0.715948)(-0.922179,0.233165,0.264904))

Frame 42
Affine3((0.811638,0.039731,-0.582807)(0.0689852,0.984184,0.163165)(0.580072,-0.172636,0.796061)(-0.781012,0.229937,0.176149))

Frame 43
Affine3((0.875952,0.00951069,-0.482305)(0.0690984,0.987022,0.144958)(0.477424,-0.160303,0.863927)(-0.635931,0.20877,0.104244))

Frame 44
Affine3((0.925444,-0.0109393,-0.378727)(0.0619255,0.990509,0.122709)(0.37379,-0.137013,0.917338)(-0.493047,0.175141,0.0513133))

Frame 45
Affine3((0.960241,-0.0210725,-0.278375)(0.0499423,0.994028,0.0970275)(0.274668,-0.107072,0.955559)(-0.359146,0.134754,0.0171954))

Frame 46
Affine3((0.982088,-0.0221896,-0.187114)(0.0358033,0.996926,0.0696929)(0.184992,-0.0751439,0.979863)(-0.240069,0.09335,-0.000644922))

Frame 47
Affine3((0.993781,-0.0170869,-0.110031)(0.0219628,0.998823,0.0432554)(0.109162,-0.045403,0.992987)(-0.140789,0.0558072,-0.00642776))

Frame 48
Affine3((0.998645,-0.00939206,-0.05119)(0.0104649,0.99973,0.0207314)(0.0509815,-0.021239,0.998474)(-0.0654534,0.0258803,-0.00518608))

Frame 49
Affine3((0.9999,-0.00280933,-0.0138666)(0.002882,0.999982,0.00522363)(0.0138517,-0.00526309,0.99989)(-0.0177242,0.00633283,-0.00183994))

Frame 50
Affine3((1,-0.000224023,-0.00078585)(0.000223682,1,-0.000454448)(0.000785941,0.000454267,1)(-0.000995398,-0.000628696,-0.00018698))

