Frame 1
Affine3((1,-3.34081e-010,-3.93019e-010)(-4.73997e-009,1,-2.04269e-009)(-1.11527e-009,-8.86261e-010,1)(0,0,0))

Frame 2
Affine3((0.912111,0.0963231,-0.398467)(-0.104542,0.99452,0.001108)(0.39639,0.0406458,0.917182)(-0.365648,-0.0604129,0.195434))

Frame 3
Affine3((0.507891,0.155277,-0.847311)(-0.375046,0.925359,-0.0552284)(0.775491,0.345831,0.528218)(-0.637077,-0.348429,0.69441))

Frame 4
Affine3((0.0959748,-0.0170606,-0.995238)(-0.844195,0.528347,-0.0904662)(0.527374,0.848857,0.0363055)(-0.35303,-0.77538,1.21195))

Frame 5
Affine3((0.115777,-0.319607,-0.94045)(-0.978372,0.126705,-0.163506)(0.171418,0.93904,-0.298025)(-0.0865859,-0.772761,1.517))

Frame 6
Affine3((0.199923,-0.609611,-0.767076)(-0.977304,-0.0680929,-0.2006)(0.0700554,0.789771,-0.609389)(-0.083722,-0.54303,1.77705))

Frame 7
Affine3((0.160216,-0.918845,-0.360632)(-0.97036,-0.0796475,-0.228164)(0.180923,0.386498,-0.90437)(-0.245504,-0.0558684,1.96294))

Frame 8
Affine3((0.0905593,-0.942566,0.32151)(-0.986557,-0.129003,-0.100314)(0.136028,-0.308104,-0.941578)(-0.237708,0.615825,1.84807))

Frame 9
Affine3((0.187366,-0.91646,0.353546)(-0.981824,-0.185818,0.0386542)(0.0302701,-0.354363,-0.934618)(-0.195017,0.642155,1.8743))

Frame 10
Affine3((0.195154,-0.92111,0.336855)(-0.980729,-0.180032,0.0758891)(-0.0092574,-0.345174,-0.938493)(-0.168684,0.634884,1.89633))

Frame 11
Affine3((0.17051,-0.909729,0.378575)(-0.980492,-0.11852,0.156805)(-0.0977813,-0.397927,-0.912191)(-0.0708596,0.697814,1.87093))

Frame 12
Affine3((0.132886,-0.88532,0.445589)(-0.963291,-0.00955654,0.26829)(-0.233265,-0.464883,-0.854091)(0.0870045,0.785457,1.81158))

Frame 13
Affine3((0.0954643,-0.856354,0.507489)(-0.913707,0.126918,0.386044)(-0.395,-0.50055,-0.770341)(0.282485,0.849693,1.72958))

Frame 14
Affine3((0.066572,-0.832445,0.550094)(-0.821459,0.267217,0.503786)(-0.566369,-0.485417,-0.66603)(0.496768,0.866996,1.63338))

Frame 15
Affine3((0.0540658,-0.822397,0.566339)(-0.688457,0.38011,0.617692)(-0.723259,-0.423296,-0.545634)(0.699162,0.835206,1.52915))

Frame 16
Affine3((0.0528435,-0.831117,0.553581)(-0.530562,0.446272,0.720656)(-0.845997,-0.331791,-0.417377)(0.866499,0.769058,1.42436))

Frame 17
Affine3((0.0380816,-0.856885,0.5141)(-0.36204,0.467689,0.806346)(-0.931384,-0.216832,-0.292416)(1.00358,0.675687,1.32782))

Frame 18
Affine3((-0.00060956,-0.891372,0.453272)(-0.196742,0.444519,0.873896)(-0.980455,-0.0886449,-0.175641)(1.11211,0.56267,1.24259))

Frame 19
Affine3((-0.0676317,-0.923699,0.377103)(-0.049063,0.38059,0.923442)(-0.996503,0.0439521,-0.0710594)(1.19409,0.436063,1.17083))

Frame 20
Affine3((-0.161649,-0.942757,0.291683)(0.0686023,0.28412,0.956331)(-0.984461,0.1746,0.0187475)(1.25176,0.300173,1.11346))

Frame 21
Affine3((-0.276451,-0.939423,0.202633)(0.14763,0.166835,0.97487)(-0.949621,0.299418,0.0925657)(1.28688,0.158018,1.07039))

Frame 22
Affine3((-0.402551,-0.908198,0.114581)(0.184189,0.0422499,0.981982)(-0.896676,0.416402,0.150273)(1.3004,0.0121651,1.04083))

Frame 23
Affine3((-0.529325,-0.847851,0.0310518)(0.17948,-0.0761303,0.980811)(-0.829218,0.524741,0.19247)(1.29265,-0.134706,1.02364))

Frame 24
Affine3((-0.646757,-0.761335,-0.0455452)(0.139249,-0.176584,0.974386)(-0.749876,0.623849,0.220222)(1.26388,-0.279135,1.01753))

Frame 25
Affine3((-0.746939,-0.655099,-0.1137)(0.0727735,-0.250527,0.965371)(-0.660898,0.712799,0.234802)(1.21508,-0.416728,1.02121))

Frame 26
Affine3((-0.793299,-0.593238,-0.136912)(0.0249865,-0.25641,0.966245)(-0.608319,0.763101,0.218233)(1.18778,-0.495237,1.04371))

Frame 27
Affine3((-0.821085,-0.550687,-0.150212)(-0.0167662,-0.239777,0.970683)(-0.57056,0.799532,0.187644)(1.17001,-0.552925,1.07775))

Frame 28
Affine3((-0.845247,-0.510546,-0.157798)(-0.0510777,-0.216753,0.974889)(-0.531929,0.832082,0.157132)(1.14967,-0.605911,1.11006))

Frame 29
Affine3((-0.86555,-0.473791,-0.162312)(-0.0796219,-0.189789,0.978591)(-0.494453,0.859943,0.126547)(1.12802,-0.652944,1.14135))

Frame 30
Affine3((-0.882808,-0.439338,-0.166229)(-0.104993,-0.160373,0.981457)(-0.457849,0.883891,0.0954511)(1.10514,-0.695507,1.1727))

Frame 31
Affine3((-0.903585,-0.401729,-0.148826)(-0.1374,-0.0572902,0.988858)(-0.405779,0.913965,-0.00343086)(1.06465,-0.738329,1.26048))

Frame 32
Affine3((-0.96085,-0.226945,-0.158945)(-0.19619,0.152209,0.96868)(-0.195644,0.96194,-0.190775)(0.874284,-0.825925,1.43426))

Frame 33
Affine3((-0.926576,0.257758,-0.273895)(-0.194338,0.295372,0.935408)(0.32201,0.919954,-0.223593)(0.365721,-0.926615,1.4856))

Frame 34
Affine3((-0.725088,0.553534,-0.409693)(-0.182935,0.418722,0.889498)(0.663915,0.719911,-0.20235)(-0.0228812,-0.822836,1.4884))

Frame 35
Affine3((-0.448503,0.735143,-0.508341)(-0.174555,0.485755,0.856488)(0.87657,0.472871,-0.0895395)(-0.311602,-0.648122,1.39395))

Frame 36
Affine3((-0.19116,0.812263,-0.551078)(-0.160269,0.528068,0.833942)(0.968386,0.247737,0.0292356)(-0.479737,-0.46659,1.27951))

Frame 37
Affine3((0.0675728,0.814413,-0.576338)(-0.147263,0.579472,0.801577)(0.986786,0.0307086,0.15909)(-0.579703,-0.267879,1.14829))

Frame 38
Affine3((0.310154,0.755641,-0.576898)(-0.133789,0.635476,0.760441)(0.941225,-0.158671,0.298192)(-0.614837,-0.07533,1.00026))

Frame 39
Affine3((0.517263,0.654319,-0.551639)(-0.119344,0.693419,0.710583)(0.847465,-0.301723,0.436769)(-0.594241,0.0874372,0.844614))

Frame 40
Affine3((0.67717,0.537176,-0.502874)(-0.107836,0.748484,0.654327)(0.727882,-0.388863,0.564777)(-0.53626,0.202793,0.692097))

Frame 41
Affine3((0.797297,0.420023,-0.433472)(-0.101073,0.800926,0.590171)(0.595064,-0.426729,0.681029)(-0.454996,0.272536,0.544515))

Frame 42
Affine3((0.88597,0.306141,-0.348332)(-0.0926651,0.852852,0.513864)(0.454391,-0.422989,0.78397)(-0.356651,0.303312,0.404112))

Frame 43
Affine3((0.944346,0.206889,-0.25575)(-0.0817534,0.900675,0.426733)(0.318634,-0.382075,0.867463)(-0.253389,0.29536,0.279402))

Frame 44
Affine3((0.977925,0.129366,-0.164098)(-0.0687541,0.940792,0.331939)(0.197324,-0.313329,0.928918)(-0.155746,0.254827,0.175769))

Frame 45
Affine3((0.993833,0.075981,-0.0807582)(-0.0551628,0.970591,0.234328)(0.0961877,-0.228428,0.968797)(-0.0712548,0.191592,0.0955427))

Frame 46
Affine3((0.998935,0.044841,-0.0108924)(-0.0428866,0.989289,0.139529)(0.0170324,-0.138913,0.990158)(-0.00367713,0.116852,0.0381402))

Frame 47
Affine3((0.998596,0.0311502,0.042833)(-0.0334451,0.997983,0.0539469)(-0.0410662,-0.0553038,0.997625)(0.0463066,0.0419489,0.000726521))

Frame 48
Affine3((0.996371,0.0286893,0.0801384)(-0.0274897,0.999493,-0.0160331)(-0.0805577,0.0137719,0.996655)(0.0801554,-0.0229599,-0.0209517))

Frame 49
Affine3((0.994284,0.0310796,0.102148)(-0.0246271,0.997657,-0.0638331)(-0.103892,0.0609526,0.992719)(0.0999498,-0.0687293,-0.0315129))

Frame 50
Affine3((0.993419,0.0328242,0.109735)(-0.0238798,0.996358,-0.0818524)(-0.112022,0.0786933,0.990585)(0.106799,-0.0862437,-0.0346361))

