Frame 1
Affine3((1,-5.82457e-009,-2.62807e-008)(3.74434e-009,1,5.56178e-009)(3.67468e-008,8.0768e-009,1)(0,0,0))

Frame 2
Affine3((1,-0.000347915,2.28541e-005)(0.000347973,0.999999,-0.00159312)(-2.22582e-005,0.00159312,0.999999)(-2.67029e-005,3.37027e-005,0.000140956))

Frame 3
Affine3((1,-0.000472758,3.18966e-005)(0.000472832,0.999997,-0.00218365)(-3.08536e-005,0.00218366,0.999998)(-3.67761e-005,4.67636e-005,0.000192752))

Frame 4
Affine3((1,-0.000238176,-1.50805e-005)(0.000238135,0.999996,-0.00270134)(1.57429e-005,0.00270133,0.999996)(-0.000103027,-3.97339e-005,0.000235757))

Frame 5
Affine3((1,-0.000623034,8.60553e-006)(0.000623052,0.999996,-0.00287177)(-6.80176e-006,0.00287178,0.999996)(-5.00083e-005,6.04689e-005,0.000264196))

Frame 6
Affine3((1,-0.000355855,-7.04783e-005)(0.00035564,0.999995,-0.0032251)(7.16964e-005,0.00322507,0.999995)(-0.000113547,-2.90908e-005,0.000302462))

Frame 7
Affine3((1,-0.00031443,-3.53467e-005)(0.000314323,0.999995,-0.00307689)(3.63923e-005,0.00307686,0.999995)(-0.000110954,-3.67761e-005,0.000277707))

Frame 8
Affine3((1,-0.000333331,-6.80064e-005)(0.000333126,0.999995,-0.00315)(6.90798e-005,0.00314997,0.999995)(-0.0001131,-3.36096e-005,0.000294533))

Frame 9
Affine3((1,-0.000671239,2.23726e-005)(0.000671327,0.999995,-0.00311483)(-2.0249e-005,0.00311484,0.999995)(-5.42104e-005,5.97946e-005,0.000283003))

Frame 10
Affine3((1,-0.000383971,-3.3238e-005)(0.000383869,0.999994,-0.00338624)(3.4505e-005,0.00338624,0.999994)(-0.000115931,-2.95602e-005,0.000305576))

Frame 11
Affine3((1,-0.000725316,-1.25198e-005)(0.000725295,0.999994,-0.00337416)(1.49299e-005,0.00337416,0.999994)(-5.97835e-005,6.89365e-005,0.000317698))

Frame 12
Affine3((1,-0.000371773,-6.55254e-005)(0.000371569,0.999994,-0.0033302)(6.67952e-005,0.00333016,0.999994)(-0.000115991,-3.08529e-005,0.000310618))

Frame 13
Affine3((1,-0.00065783,1.34099e-005)(0.000657872,0.999995,-0.00306194)(-1.13639e-005,0.00306192,0.999995)(-5.3525e-005,6.24694e-005,0.000280192))

Frame 14
Affine3((1,-0.000712041,1.80595e-005)(0.000712118,0.999994,-0.00328978)(-1.57053e-005,0.0032898,0.999995)(-5.67734e-005,6.67609e-005,0.000300648))

Frame 15
Affine3((1,-0.000690024,1.76741e-005)(0.00069008,0.999995,-0.00321975)(-1.53244e-005,0.00321976,0.999995)(-5.62966e-005,6.64368e-005,0.000293516))

Frame 16
Affine3((1,-0.000715018,2.06514e-005)(0.000715116,0.999994,-0.0033121)(-1.82438e-005,0.0033121,0.999994)(-5.72801e-005,6.76513e-005,0.000301532))

Frame 17
Affine3((1,-0.000759962,2.17144e-005)(0.000760075,0.999994,-0.00350116)(-1.90698e-005,0.00350119,0.999994)(-6.00815e-005,7.29747e-005,0.000319144))

Frame 18
Affine3((1,-0.000745309,-8.84972e-006)(0.000745242,0.999994,-0.00344908)(1.13971e-005,0.00344907,0.999994)(-6.05285e-005,7.16336e-005,0.000323648))

Frame 19
Affine3((1,-0.000390342,-3.32476e-005)(0.00039023,0.999994,-0.00340457)(3.45653e-005,0.00340455,0.999994)(-0.000115842,-2.42069e-005,0.000306677))

Frame 20
Affine3((1,-0.000759805,2.82659e-005)(0.000759893,0.999994,-0.00351809)(-2.5623e-005,0.00351813,0.999994)(-6.1065e-005,6.9838e-005,0.0003187))

Frame 21
Affine3((1,-0.000755562,-1.26074e-005)(0.000755493,0.999994,-0.00348536)(1.52184e-005,0.00348536,0.999994)(-6.10352e-005,7.20695e-005,0.000328502))

Frame 22
Affine3((1,-0.000749647,2.73633e-005)(0.000749771,0.999994,-0.00347168)(-2.4754e-005,0.00347169,0.999994)(-5.9545e-005,6.92829e-005,0.000314863))

Frame 23
Affine3((1,-0.000803325,-4.17055e-006)(0.000803336,0.999993,-0.00372554)(7.16939e-006,0.00372555,0.999993)(-6.52373e-005,7.50497e-005,0.000348313))

Frame 24
Affine3((1,-0.000743187,-5.46514e-006)(0.000743179,0.999994,-0.00342897)(8.02391e-006,0.00342897,0.999994)(-5.99027e-005,6.71446e-005,0.000321515))

Frame 25
Affine3((1,-0.000742311,3.2781e-005)(0.000742439,0.999994,-0.00342742)(-3.02573e-005,0.00342742,0.999994)(-5.87106e-005,6.7208e-005,0.000309311))

Frame 26
Affine3((1,-0.000744641,2.8142e-005)(0.000744725,0.999994,-0.00344869)(-2.5528e-005,0.0034487,0.999994)(-5.9545e-005,6.79865e-005,0.000312433))

Frame 27
Affine3((1,-0.000422139,-6.26509e-005)(0.000421906,0.999994,-0.00353999)(6.42127e-005,0.00353997,0.999994)(-0.000118911,-2.40281e-005,0.00032926))

Frame 28
Affine3((1,-0.000717415,1.54359e-005)(0.000717479,0.999994,-0.00335151)(-1.30068e-005,0.00335152,0.999994)(-5.90086e-005,6.61798e-005,0.000306739))

Frame 29
Affine3((1,-0.000779573,-8.36929e-006)(0.000779516,0.999993,-0.00360407)(1.11927e-005,0.00360408,0.999994)(-6.32405e-005,7.06799e-005,0.00033861))

Frame 30
Affine3((1,-0.000727181,3.21581e-005)(0.000727283,0.999994,-0.00337932)(-2.97073e-005,0.00337935,0.999994)(-5.81145e-005,6.79195e-005,0.000304488))

Frame 31
Affine3((1,-0.000405488,-2.36382e-005)(0.000405389,0.999994,-0.00346389)(2.50646e-005,0.00346387,0.999994)(-0.000116348,-2.29888e-005,0.000309262))

Frame 32
Affine3((1,-0.000730818,-7.94878e-006)(0.000730791,0.999994,-0.00338783)(1.04354e-005,0.00338781,0.999994)(-5.99027e-005,6.64555e-005,0.000318162))

Frame 33
Affine3((1,-0.000427269,-2.90509e-005)(0.000427178,0.999994,-0.00355706)(3.05223e-005,0.00355707,0.999994)(-0.000118017,-2.53581e-005,0.000320705))

Frame 34
Affine3((1,-0.00069099,2.36493e-005)(0.000691092,0.999995,-0.00319161)(-2.14104e-005,0.00319161,0.999995)(-5.49555e-005,6.55577e-005,0.000289632))

Frame 35
Affine3((1,-0.000650908,1.40253e-005)(0.000650926,0.999995,-0.00302695)(-1.19944e-005,0.00302696,0.999995)(-5.25713e-005,6.00703e-005,0.000277489))

Frame 36
Affine3((1,-0.000632579,1.5619e-005)(0.0006326,0.999995,-0.00294857)(-1.37495e-005,0.00294858,0.999996)(-5.1409e-005,5.99325e-005,0.00026916))

Frame 37
Affine3((1,-0.000682905,-1.78602e-005)(0.000682872,0.999995,-0.00317459)(2.00919e-005,0.00317454,0.999995)(-5.65648e-005,6.51218e-005,0.000300551))

Frame 38
Affine3((1,-0.00043507,-6.04697e-005)(0.000434876,0.999993,-0.00364267)(6.20835e-005,0.00364264,0.999993)(-0.000121772,-2.5019e-005,0.00033802))

Frame 39
Affine3((1,-0.00075584,2.72673e-005)(0.000755917,0.999994,-0.00351217)(-2.46134e-005,0.0035122,0.999994)(-6.07669e-005,7.19242e-005,0.000317903))

Frame 40
Affine3((1,-0.000754279,3.05809e-005)(0.000754391,0.999994,-0.00350962)(-2.79266e-005,0.00350964,0.999994)(-6.08861e-005,6.86385e-005,0.000317167))

Frame 41
Affine3((1,-0.000483784,-6.30231e-005)(0.000483518,0.999992,-0.003828)(6.4883e-005,0.00382796,0.999993)(-0.000124276,-2.00793e-005,0.000356577))

Frame 42
Affine3((1,-0.000798066,2.8902e-005)(0.000798196,0.999993,-0.00367854)(-2.597e-005,0.00367857,0.999993)(-6.30617e-005,7.60369e-005,0.000333257))

Frame 43
Affine3((1,-0.000684475,2.19359e-005)(0.000684524,0.999995,-0.00314702)(-1.97642e-005,0.00314703,0.999995)(-5.40316e-005,6.34156e-005,0.000286434))

Frame 44
Affine3((1,-0.000348882,-3.18477e-005)(0.000348787,0.999995,-0.00320551)(3.29875e-005,0.00320548,0.999995)(-0.000112385,-2.92249e-005,0.000287792))

Frame 45
Affine3((1,-0.000321471,-3.65975e-005)(0.000321326,0.999995,-0.00306702)(3.76051e-005,0.00306702,0.999995)(-0.000109881,-3.0674e-005,0.000276355))

Frame 46
Affine3((1,-0.000338084,-3.19669e-005)(0.000338007,0.999995,-0.00317077)(3.30665e-005,0.00317073,0.999995)(-0.000112087,-3.18438e-005,0.000284875))

Frame 47
Affine3((1,-0.000673812,2.23222e-005)(0.000673867,0.999995,-0.00314241)(-2.021e-005,0.00314243,0.999995)(-5.47469e-005,6.17355e-005,0.000285378))

Frame 48
Affine3((1,-0.000741408,2.82039e-005)(0.000741506,0.999994,-0.0034466)(-2.57098e-005,0.00344663,0.999994)(-5.98729e-005,7.07246e-005,0.000311596))

Frame 49
Affine3((1,-0.000744506,2.84097e-005)(0.000744586,0.999994,-0.00343396)(-2.591e-005,0.00343399,0.999994)(-5.85318e-005,7.05346e-005,0.000310758))

Frame 50
Affine3((1,-0.000778733,-4.26777e-006)(0.000778719,0.999993,-0.00358751)(7.07338e-006,0.00358751,0.999994)(-6.23167e-005,6.97076e-005,0.00033622))

