Frame 1
Affine3((1,8.38439e-009,1.26776e-008)(1.57174e-008,1,1.35309e-008)(-3.6692e-009,1.54122e-008,1)(0,0,0))

Frame 2
Affine3((1,0.000319548,5.92153e-006)(-0.000319555,0.999999,0.00159034)(-5.42073e-006,-0.00159034,0.999999)(-4.69834e-005,0.00121651,0.000253558))

Frame 3
Affine3((1,0.000443465,7.86354e-006)(-0.000443514,0.999998,0.0021756)(-6.85032e-006,-0.00217559,0.999998)(-6.54012e-005,0.00166371,0.000347733))

Frame 4
Affine3((1,0.00052641,8.54745e-006)(-0.000526447,0.999997,0.00262255)(-7.15247e-006,-0.00262254,0.999997)(-7.85738e-005,0.00200617,0.000419617))

Frame 5
Affine3((1,0.000599745,1.46457e-005)(-0.000599806,0.999996,0.00285945)(-1.2929e-005,-0.00285946,0.999996)(-8.51154e-005,0.00218526,0.000457704))

Frame 6
Affine3((1,0.000674392,1.8796e-005)(-0.000674458,0.999995,0.00314241)(-1.66708e-005,-0.00314242,0.999995)(-9.35942e-005,0.00239991,0.000503361))

Frame 7
Affine3((1,0.000601263,9.70217e-006)(-0.000601346,0.999995,0.0029999)(-7.91305e-006,-0.00299991,0.999996)(-9.01222e-005,0.00229479,0.000480294))

Frame 8
Affine3((1,0.000634823,1.38193e-005)(-0.000634905,0.999995,0.00307507)(-1.1866e-005,-0.00307506,0.999995)(-9.17763e-005,0.00235037,0.000492275))

Frame 9
Affine3((1,0.00063187,1.47943e-005)(-0.000631941,0.999995,0.00309972)(-1.28071e-005,-0.00309969,0.999995)(-9.13143e-005,0.00237012,0.000496089))

Frame 10
Affine3((1,0.000681363,1.54807e-005)(-0.000681417,0.999994,0.00329812)(-1.32067e-005,-0.0032981,0.999995)(-9.82285e-005,0.00252099,0.000528336))

Frame 11
Affine3((1,0.000711041,1.99849e-005)(-0.000711135,0.999994,0.00336071)(-1.75964e-005,-0.00336069,0.999994)(-9.94056e-005,0.00256755,0.00053823))

Frame 12
Affine3((1,0.000669837,1.52622e-005)(-0.000669865,0.999995,0.00325316)(-1.30449e-005,-0.00325312,0.999995)(-9.66191e-005,0.00248665,0.000521004))

Frame 13
Affine3((1,0.000608413,9.96249e-006)(-0.000608462,0.999995,0.00305851)(-8.05066e-006,-0.0030585,0.999995)(-9.13292e-005,0.0023398,0.000489652))

Frame 14
Affine3((1,0.000646205,8.06345e-006)(-0.000646255,0.999994,0.00328643)(-5.92427e-006,-0.00328641,0.999995)(-9.89288e-005,0.00251504,0.000526905))

Frame 15
Affine3((1,0.000673669,1.77787e-005)(-0.000673724,0.999995,0.00320193)(-1.56205e-005,-0.00320193,0.999995)(-9.48459e-005,0.00244649,0.0005126))

Frame 16
Affine3((1,0.0006807,1.5581e-005)(-0.000680757,0.999994,0.00329647)(-1.33245e-005,-0.00329644,0.999995)(-9.80794e-005,0.00251972,0.000528097))

Frame 17
Affine3((1,0.00071874,1.78712e-005)(-0.000718852,0.999994,0.00348574)(-1.53369e-005,-0.00348575,0.999994)(-0.000102803,0.00266449,0.000558317))

Frame 18
Affine3((1,0.000687411,1.2088e-005)(-0.000687456,0.999994,0.00345155)(-9.73676e-006,-0.00345156,0.999994)(-0.000102744,0.0026404,0.000553071))

Frame 19
Affine3((1,0.000679877,1.3256e-005)(-0.000679943,0.999994,0.00332391)(-1.09492e-005,-0.0033239,0.999994)(-9.98974e-005,0.00254106,0.000532508))

Frame 20
Affine3((1,0.000714513,1.37872e-005)(-0.000714547,0.999994,0.00350163)(-1.12692e-005,-0.00350166,0.999994)(-0.000105098,0.00267708,0.000561476))

Frame 21
Affine3((1,0.000715306,1.64688e-005)(-0.00071536,0.999994,0.00347902)(-1.39971e-005,-0.00347901,0.999994)(-0.000103295,0.00265978,0.000557542))

Frame 22
Affine3((1,0.000717735,1.56139e-005)(-0.000717814,0.999994,0.0034514)(-1.3097e-005,-0.00345138,0.999994)(-0.000103652,0.00263779,0.000553429))

Frame 23
Affine3((1,0.000756882,1.46691e-005)(-0.00075696,0.999993,0.0037176)(-1.18023e-005,-0.00371757,0.999993)(-0.00011161,0.00284265,0.000596166))

Frame 24
Affine3((1,0.000708952,1.6859e-005)(-0.000709013,0.999994,0.00341625)(-1.44381e-005,-0.00341628,0.999994)(-0.000101656,0.00261103,0.000547409))

Frame 25
Affine3((1,0.00071292,1.72387e-005)(-0.00071301,0.999994,0.00340158)(-1.47717e-005,-0.00340155,0.999994)(-0.000101879,0.0025993,0.000545204))

Frame 26
Affine3((1,0.000710842,1.73954e-005)(-0.000710963,0.999994,0.00342708)(-1.49223e-005,-0.0034271,0.999994)(-0.000101715,0.0026193,0.000549138))

Frame 27
Affine3((1,0.000711789,1.45782e-005)(-0.000711842,0.999994,0.00346187)(-1.21248e-005,-0.0034619,0.999994)(-0.000103727,0.00264649,0.000554979))

Frame 28
Affine3((1,0.000674484,1.24837e-005)(-0.000674569,0.999994,0.00334195)(-1.01912e-005,-0.00334194,0.999994)(-9.99868e-005,0.00255582,0.000535369))

Frame 29
Affine3((1,0.000749961,1.8812e-005)(-0.000750031,0.999993,0.0035882)(-1.60736e-005,-0.00358819,0.999994)(-0.000106603,0.00274202,0.000574946))

Frame 30
Affine3((1,0.000710554,1.87189e-005)(-0.00071063,0.999994,0.00335407)(-1.63184e-005,-0.00335408,0.999994)(-9.99123e-005,0.00256228,0.000537336))

Frame 31
Affine3((1,0.000676511,1.07759e-005)(-0.000676591,0.999994,0.00338431)(-8.45059e-006,-0.00338428,0.999994)(-0.000101805,0.00258892,0.000542521))

Frame 32
Affine3((1,0.00067703,1.05362e-005)(-0.000677084,0.999994,0.00338562)(-8.22851e-006,-0.0033856,0.999994)(-0.000101969,0.00258988,0.000542819))

Frame 33
Affine3((1,0.000712913,1.57209e-005)(-0.00071297,0.999994,0.00346889)(-1.32352e-005,-0.00346892,0.999994)(-0.000103399,0.00265194,0.000555992))

Frame 34
Affine3((1,0.000645256,1.19831e-005)(-0.000645298,0.999995,0.00318046)(-9.94122e-006,-0.00318048,0.999995)(-9.51886e-005,0.00243225,0.00050956))

Frame 35
Affine3((1,0.000598967,1.01062e-005)(-0.000599002,0.999995,0.00302488)(-8.28291e-006,-0.00302486,0.999995)(-8.9854e-005,0.00231455,0.000484169))

Frame 36
Affine3((1,0.000603699,1.49089e-005)(-0.00060376,0.999996,0.0029384)(-1.30707e-005,-0.0029384,0.999996)(-8.63075e-005,0.00224648,0.000470102))

Frame 37
Affine3((1,0.000636273,1.06657e-005)(-0.000636278,0.999995,0.00317789)(-8.66284e-006,-0.00317788,0.999995)(-9.51141e-005,0.00243092,0.000509202))

Frame 38
Affine3((1,0.000720904,1.34551e-005)(-0.00072098,0.999993,0.00356638)(-1.08743e-005,-0.00356636,0.999994)(-0.000106782,0.00272734,0.000571847))

Frame 39
Affine3((1,0.00072055,1.47088e-005)(-0.000720616,0.999994,0.00349382)(-1.21429e-005,-0.00349381,0.999994)(-0.000105113,0.00267063,0.000560343))

Frame 40
Affine3((1,0.000748203,2.12622e-005)(-0.000748281,0.999994,0.00347661)(-1.86525e-005,-0.00347661,0.999994)(-0.000103578,0.00265483,0.000557244))

Frame 41
Affine3((1,0.00075793,1.68288e-005)(-0.000757993,0.999993,0.00375184)(-1.39511e-005,-0.00375184,0.999993)(-0.000110909,0.00286923,0.000601411))

Frame 42
Affine3((1,0.000730957,1.28795e-005)(-0.000730994,0.999993,0.00366773)(-1.02314e-005,-0.00366772,0.999993)(-0.000109389,0.00280575,0.000588059))

Frame 43
Affine3((1,0.000641693,1.38981e-005)(-0.000641725,0.999995,0.00313425)(-1.18704e-005,-0.00313423,0.999995)(-9.31025e-005,0.00239617,0.000501812))

Frame 44
Affine3((1,0.000631667,1.15021e-005)(-0.00063174,0.999995,0.00312686)(-9.53483e-006,-0.00312683,0.999995)(-9.35942e-005,0.00239136,0.000500798))

Frame 45
Affine3((1,0.000628109,1.64179e-005)(-0.000628204,0.999995,0.00298075)(-1.4514e-005,-0.00298069,0.999996)(-8.85278e-005,0.00227747,0.000477076))

Frame 46
Affine3((1,0.000637749,1.45108e-005)(-0.00063781,0.999995,0.00308603)(-1.25346e-005,-0.00308601,0.999995)(-9.18061e-005,0.00235887,0.000494123))

Frame 47
Affine3((1,0.000640704,1.31189e-005)(-0.000640785,0.999995,0.00312764)(-1.10964e-005,-0.00312766,0.999995)(-9.34601e-005,0.00239137,0.000500977))

Frame 48
Affine3((1,0.000712268,1.77173e-005)(-0.000712326,0.999994,0.00342686)(-1.52567e-005,-0.00342685,0.999994)(-0.000101626,0.00261899,0.000549078))

Frame 49
Affine3((1,0.000706603,1.67817e-005)(-0.000706691,0.999994,0.00341483)(-1.43751e-005,-0.00341486,0.999994)(-0.000101492,0.00261008,0.000547111))

Frame 50
Affine3((1,0.000755147,1.99493e-005)(-0.000755192,0.999993,0.00356788)(-1.7215e-005,-0.00356791,0.999994)(-0.000106335,0.0027254,0.000571847))

